100
64 9
57 67
37 29
90 7
29 78
20 48
98 91
69 83
95 62
80 74
17 93
70 11
29 80
48 96
60 3
93 42
72 55
90 14
10 93
68 35
61 79
14 85
83 64
56 20
87 44
87 64
24 49
35 9
88 13
87 8
29 52
4 53
29 30
5 21
64 70
28 67
20 6
90 62
93 31
81 94
91 13
7 8
77 20
62 2
72 66
19 56
29 9
51 44
4 2
82 55
18 75
91 80
86 81
50 85
94 50
45 97
3 72
48 11
3 42
37 33
32 2
17 6
24 38
94 89
8 18
10 34
19 97
49 90
58 67
54 64
88 15
29 16
13 47
53 84
41 76
71 79
40 36
92 22
97 58
20 27
10 65
46 72
36 99
94 12
74 40
52 73
56 21
64 25
42 39
39 63
45 100
41 36
15 59
80 92
57 43
38 71
23 65
54 26
1 34
9
1 4 39 47 54 72 74 81 85
