200
30 53 102 111 205 246 268 274 322 355 424 469 498 512 537 589 642 656 713 729 735 782 800 890 894 900 915 935 950 959 969
30 116 164 195 204 269 281 298 319 323 334 375 376 455 474 551 582 589 613 638 675 683 693 705 719 744 779 889 896 925 950
30 7 71 96 128 144 146 149 239 260 270 279 365 427 435 491 565 590 604 631 717 830 868 875 919 926 930 932 941 981 996
30 15 76 89 164 168 176 186 201 229 231 241 301 335 354 372 427 483 528 562 628 638 649 703 800 810 818 846 848 860 862
30 41 54 90 141 179 207 230 272 293 298 305 317 329 372 391 437 459 498 518 547 726 815 818 848 876 883 972 976 982 986
30 66 193 232 286 375 403 406 441 465 512 544 610 684 730 735 755 760 768 784 787 797 820 840 867 875 935 953 975 997 999
30 21 22 45 84 108 109 167 202 226 245 286 293 322 383 410 589 622 701 715 743 757 763 775 814 890 914 919 926 933 966
30 30 77 132 168 189 222 234 276 304 335 351 376 377 408 435 445 446 463 469 509 604 613 634 663 743 855 928 929 933 981
30 16 61 83 89 125 140 156 180 219 223 306 309 340 350 361 380 388 434 462 473 484 491 671 752 802 823 857 864 945 961
30 5 30 71 95 97 126 150 151 187 200 261 344 349 358 364 471 488 508 540 624 625 651 708 841 842 847 865 899 904 973
30 1 150 158 163 165 204 257 325 361 382 518 563 565 569 582 633 647 650 691 699 711 749 778 784 787 813 890 900 909 917
30 1 92 105 148 164 178 205 206 227 321 333 455 459 485 492 541 548 580 594 649 668 670 731 738 801 843 920 959 979 991
30 89 95 120 179 227 236 284 344 365 398 501 525 527 536 545 551 553 586 590 618 655 673 715 796 798 834 835 859 971 984
30 29 43 62 76 87 154 155 200 216 236 264 357 376 468 496 498 504 529 534 563 605 668 672 704 802 871 901 930 995 1000
30 59 73 78 87 111 230 252 255 259 261 287 376 400 432 437 483 487 609 629 683 725 792 807 810 816 819 838 883 939 997
30 23 35 43 52 140 230 295 345 366 374 419 479 506 548 556 592 594 637 651 723 728 731 765 781 794 883 899 951 978 984
30 16 223 235 247 326 373 380 405 426 429 488 496 594 598 606 616 621 659 684 699 760 801 807 817 847 866 900 910 941 996
30 5 42 47 64 141 228 276 298 317 326 329 333 383 447 453 509 510 567 601 634 656 667 715 732 769 818 855 934 938 943
30 17 69 200 260 263 312 390 395 408 414 455 462 520 581 597 618 659 679 711 719 738 740 743 847 850 868 918 940 950 964
30 10 25 30 62 150 154 307 358 382 445 457 512 518 519 528 566 588 622 635 686 712 788 853 866 882 925 951 971 977 989
30 7 9 60 93 126 137 184 186 246 299 346 407 436 563 566 590 619 626 636 662 698 703 704 792 807 812 897 933 934 946
30 4 6 160 170 176 178 180 222 368 374 382 396 446 459 479 486 496 543 607 613 667 726 751 752 776 793 811 847 922 962
30 16 73 140 159 173 200 212 219 366 375 395 429 452 461 463 559 650 665 666 678 690 730 743 760 783 789 815 817 820 906
30 24 43 66 110 195 204 260 282 318 356 378 404 412 482 534 571 671 681 699 705 726 738 743 780 849 857 894 904 937 968
30 1 15 73 82 94 135 155 159 164 184 210 275 348 360 405 421 444 469 558 584 603 628 648 751 776 785 864 866 878 996
30 40 116 123 156 162 167 187 210 268 294 305 311 364 394 413 432 435 462 486 575 653 710 712 789 802 851 869 905 937 951
30 9 20 27 156 161 166 168 185 207 264 350 356 387 392 400 438 447 525 532 610 684 737 771 804 816 845 883 894 907 959
30 108 122 149 163 176 210 253 264 333 374 376 386 508 550 593 614 623 643 649 652 656 664 697 760 799 845 853 887 908 960
30 17 63 138 170 188 285 344 352 380 429 435 451 476 529 616 630 670 675 680 690 699 719 736 747 836 873 880 918 951 967
30 32 55 87 98 111 151 256 275 324 359 370 371 373 377 382 480 491 583 600 625 635 646 651 684 692 745 750 778 806 902
30 16 38 40 91 201 203 227 266 297 446 514 539 543 553 562 654 686 693 730 789 809 823 847 851 870 871 888 890 959 983
30 27 35 60 93 145 220 250 264 310 320 363 382 394 462 472 478 519 550 592 627 685 687 739 785 827 846 897 927 930 969
30 3 30 47 170 200 271 335 339 343 354 371 394 445 475 482 489 491 533 537 645 788 799 803 813 817 845 932 964 983 985
30 10 47 131 144 191 255 284 298 325 359 378 403 433 498 516 535 536 572 594 603 606 673 716 744 745 927 945 960 969 982
30 18 59 65 80 103 124 197 232 259 345 403 418 420 457 494 567 595 621 640 653 676 700 708 772 793 820 876 877 913 950
30 48 113 121 141 142 162 187 275 357 398 506 552 564 631 655 695 708 736 802 833 836 856 865 902 914 919 950 972 977 981
30 31 44 49 92 234 276 323 335 500 513 539 606 608 615 627 648 676 695 700 719 729 763 768 772 801 807 826 828 836 848
30 37 95 117 134 179 210 238 251 277 297 308 311 328 345 387 390 403 504 533 636 645 704 706 803 837 904 914 969 987 992
30 22 29 47 73 78 83 96 183 197 206 298 319 326 372 387 440 476 559 637 649 663 665 734 834 859 890 896 908 919 982
30 3 206 221 232 242 249 261 313 328 356 446 453 500 512 538 573 583 630 655 669 799 847 854 858 880 901 923 933 989 1000
30 38 65 70 175 203 235 241 332 362 383 490 494 499 522 557 600 656 691 702 741 764 782 810 827 828 832 866 955 976 995
30 10 43 96 119 188 189 262 283 354 360 523 572 574 583 599 643 685 707 708 724 781 804 815 835 856 872 901 903 915 957
30 17 71 98 136 153 158 161 212 235 273 392 416 471 505 550 579 587 592 597 637 673 726 775 778 832 885 928 934 961 977
30 24 58 59 91 151 173 188 212 280 324 408 411 419 444 461 482 489 615 618 625 688 704 733 745 756 807 859 948 993 996
30 24 48 79 221 243 283 284 292 307 338 351 454 605 616 625 667 703 755 767 778 791 815 831 854 856 871 895 897 974 976
30 25 41 61 75 105 163 289 374 404 476 512 537 557 578 679 685 694 716 752 760 785 800 831 834 839 856 860 877 945 959
30 54 77 92 150 205 213 323 325 358 425 443 471 557 561 593 601 623 655 662 668 676 697 724 772 865 873 879 882 895 906
30 32 78 224 237 272 285 289 338 353 362 379 417 480 569 616 624 637 647 679 688 703 778 797 850 864 870 890 914 924 999
30 4 18 72 200 211 251 253 269 289 311 318 331 364 533 612 634 636 674 690 717 736 774 803 832 838 853 859 873 909 926
30 8 19 51 119 136 164 207 217 224 238 346 429 433 448 463 481 535 577 589 695 774 776 791 850 893 933 938 942 956 979
30 2 32 39 63 110 118 129 130 175 181 205 244 279 292 325 345 368 430 458 464 575 603 770 790 841 850 867 884 905 907
30 24 69 74 83 88 115 156 223 282 319 351 396 415 417 420 427 448 475 485 582 585 627 651 682 684 796 823 921 951 986
30 51 106 130 152 159 203 242 274 301 312 313 318 341 348 369 454 526 559 588 603 613 646 710 804 872 889 893 898 913 984
30 2 42 54 99 170 186 194 216 227 244 277 330 356 382 418 439 453 476 523 538 569 571 585 684 705 709 717 778 800 918
30 91 129 141 153 154 155 297 358 363 369 374 387 388 398 461 516 536 562 685 711 713 741 775 825 836 842 856 881 904 976
30 31 45 90 134 165 214 233 241 248 255 294 311 339 365 418 444 454 483 530 567 577 648 669 684 720 800 812 870 885 909
30 4 6 33 69 141 158 172 191 195 218 276 277 312 320 336 379 387 552 630 651 672 706 724 786 794 829 848 884 930 947
30 14 59 80 89 113 134 195 230 236 240 242 311 321 441 451 457 473 536 554 578 621 728 758 791 798 854 944 960 980 985
30 14 29 49 74 137 142 170 194 199 299 302 351 388 490 570 573 677 744 763 765 793 884 898 907 930 939 940 961 979 985
30 18 61 79 205 233 266 284 290 293 300 383 423 432 439 537 543 553 556 572 621 634 660 697 715 728 735 760 785 828 946
30 28 55 84 137 188 225 270 271 272 306 320 346 352 378 407 483 489 631 671 733 777 789 858 869 888 894 903 968 973 995
30 41 45 77 79 97 101 208 240 276 315 377 429 461 473 505 537 541 562 571 586 647 650 652 686 725 882 900 906 994 996
30 58 73 185 218 264 313 330 360 367 393 394 487 532 574 603 655 656 688 701 762 769 785 797 820 866 951 962 964 965 988
30 32 54 57 66 100 133 143 235 259 333 354 365 397 459 460 503 505 534 567 570 711 736 796 847 879 890 918 933 964 988
30 11 30 42 128 140 246 259 263 297 298 305 321 380 389 392 445 448 450 457 520 525 554 598 637 666 667 683 768 842 867
30 2 11 36 73 97 115 179 180 195 247 274 358 383 404 510 540 545 582 588 638 683 712 732 751 775 832 939 955 957 966
30 54 102 108 111 202 223 224 235 272 284 323 334 349 356 365 380 399 433 515 589 640 671 675 698 715 723 759 811 934 971
30 36 38 118 158 221 233 251 319 338 353 369 402 427 474 475 489 560 605 633 649 655 678 696 712 730 790 850 885 904 909
30 4 12 152 218 307 308 314 315 342 395 396 405 427 445 452 471 473 499 533 558 593 615 725 742 828 837 894 900 915 1000
30 22 42 44 80 97 108 121 128 138 169 281 289 326 378 401 427 456 505 509 532 554 586 679 683 718 731 795 896 909 965
30 27 33 57 87 114 129 138 163 408 437 511 517 538 672 708 756 771 785 801 832 835 850 868 871 873 881 906 942 948 983
30 45 47 74 84 218 234 250 273 275 278 304 350 364 384 443 463 486 570 612 634 657 660 675 729 740 770 796 848 928 989
30 23 58 110 147 193 200 207 301 365 387 429 434 499 522 580 585 607 608 624 628 660 691 728 759 800 801 852 856 918 992
30 162 173 203 222 230 256 356 407 439 449 489 507 514 570 591 631 637 649 665 683 724 787 848 856 868 897 943 962 973 990
30 57 88 100 123 136 202 233 243 354 375 376 401 458 518 580 615 620 621 646 684 697 706 738 770 778 849 879 927 938 942
30 23 27 92 165 177 192 209 289 331 482 520 542 560 563 585 595 606 634 636 667 712 720 733 768 775 846 929 946 988 997
30 72 95 105 133 162 163 176 180 182 274 275 283 299 313 369 404 478 529 552 576 630 659 700 767 824 860 904 924 936 983
30 24 27 62 66 191 195 220 233 251 259 350 357 390 461 466 500 535 544 560 587 592 608 657 681 754 773 807 829 873 936
30 73 96 152 195 210 249 300 324 331 351 364 377 418 448 496 556 584 593 609 713 714 771 811 863 875 901 925 951 975 990
30 22 34 48 77 116 153 155 180 282 285 300 321 331 429 468 505 531 582 618 647 655 704 705 711 888 896 935 940 941 973
30 2 17 68 110 161 227 235 260 295 316 327 369 417 450 507 574 664 678 685 715 758 776 778 790 792 847 893 923 954 984
30 10 66 115 158 239 272 306 313 319 332 489 519 537 631 645 651 656 657 672 699 724 728 747 750 808 846 868 906 928 975
30 4 15 31 101 118 120 195 217 272 273 283 287 359 364 369 438 475 515 517 528 615 695 725 750 767 782 817 818 948 954
30 53 55 59 130 151 154 161 250 286 332 373 377 450 518 521 555 564 571 612 631 673 703 833 867 915 921 925 977 989 995
30 22 29 54 82 163 212 231 232 233 235 267 270 295 349 373 415 427 514 525 538 553 564 612 624 637 703 764 765 792 983
30 17 61 80 120 123 173 197 295 302 347 352 360 363 379 386 476 511 550 552 557 571 614 621 698 732 754 759 836 871 882
30 22 39 51 71 132 137 147 149 155 188 189 205 209 318 321 335 369 379 411 416 533 598 649 714 733 827 831 875 933 987
30 58 89 111 248 252 256 270 272 280 294 309 313 336 347 360 370 417 443 453 567 573 597 640 729 731 755 758 873 889 969
30 1 22 80 160 188 243 322 324 383 387 405 492 502 578 655 656 659 762 799 821 844 850 856 904 916 949 962 963 965 989
30 32 90 101 127 138 169 330 334 370 399 458 483 492 502 530 545 567 578 581 625 656 681 699 806 815 826 851 896 938 960
30 22 47 157 164 189 212 251 276 383 386 401 428 453 541 567 583 588 598 646 710 773 785 799 800 823 899 923 957 972 986
30 11 69 112 138 144 259 294 316 336 442 486 504 506 527 546 569 575 597 621 638 648 666 781 787 823 867 889 918 930 952
30 4 28 31 153 155 188 194 215 262 283 306 316 324 439 465 504 533 544 554 627 689 693 728 748 820 842 866 926 944 949
30 14 25 80 180 289 321 360 394 413 427 437 451 523 534 595 605 608 628 644 677 700 703 708 736 838 850 864 897 980 998
30 3 44 50 53 66 86 119 209 213 267 334 361 377 480 488 503 522 532 604 649 661 688 691 720 788 871 896 910 952 971
30 32 102 215 266 299 300 306 352 477 485 486 509 517 519 520 522 526 529 549 611 659 694 766 779 785 788 816 935 959 960
30 5 68 129 193 194 206 273 277 294 313 314 352 382 401 402 424 458 521 538 551 554 573 611 705 707 744 817 958 960 984
30 85 139 171 179 212 213 242 287 353 406 474 489 496 515 516 536 549 611 615 624 631 636 649 740 758 820 849 939 949 969
30 8 20 21 48 66 127 172 175 196 230 254 257 361 398 411 506 545 572 589 631 721 778 841 863 877 896 897 967 990 994
30 7 29 94 106 129 144 251 258 303 326 335 385 442 474 501 570 592 625 641 707 778 800 859 902 923 924 937 940 967 979
30 95 99 108 112 127 134 147 193 223 281 286 292 368 379 395 413 438 494 506 561 594 600 687 710 791 816 858 906 929 965
30 53 117 141 155 193 229 244 283 332 396 397 435 457 464 472 602 691 704 798 814 839 856 868 883 909 925 928 936 988 999
30 41 72 81 91 131 158 165 176 204 215 284 339 400 415 446 488 508 516 549 644 670 729 790 806 851 858 930 937 975 992
30 22 71 75 133 158 159 216 220 222 245 357 371 416 428 461 496 540 579 592 630 655 663 713 723 822 826 857 888 915 957
30 50 65 143 180 202 270 295 378 382 406 414 439 468 591 602 611 624 679 687 715 735 749 752 761 767 786 846 850 891 911
30 2 13 28 47 50 59 71 122 159 327 381 401 427 428 433 474 495 546 660 667 674 708 748 826 885 947 962 964 971 999
30 17 45 64 67 129 137 192 248 254 277 350 428 436 529 576 585 607 637 649 659 669 672 681 701 724 753 775 863 896 1000
30 6 32 38 55 79 152 165 184 195 269 342 347 356 458 460 470 481 488 505 512 522 586 609 666 680 728 822 884 964 980
30 17 81 99 115 138 194 197 200 241 292 304 317 319 434 488 531 586 603 604 611 708 741 845 868 904 921 938 949 952 992
30 36 68 71 150 167 242 339 401 416 455 458 498 590 598 620 622 716 726 731 775 779 837 854 862 886 916 924 925 951 983
30 80 81 90 235 237 277 280 288 301 342 346 356 394 424 429 450 479 521 601 624 652 680 705 739 826 846 887 942 975 995
30 39 42 86 96 113 251 267 284 295 300 336 355 473 561 568 602 642 690 695 708 777 807 816 825 862 901 924 932 934 940
30 119 126 142 222 235 239 317 332 367 438 452 529 535 549 581 603 630 633 727 739 796 807 818 862 866 890 910 928 973 991
30 68 88 112 124 158 162 163 192 238 252 270 290 305 388 399 537 599 616 653 667 695 708 717 762 821 836 942 979 981 988
30 3 44 102 115 150 154 227 229 246 281 296 300 339 370 462 480 488 514 618 635 655 746 847 848 886 922 980 981 986 998
30 6 41 64 239 276 294 338 341 380 403 406 413 444 482 510 539 553 558 609 701 728 812 828 833 836 838 841 850 905 931
30 1 29 96 164 174 202 226 298 303 305 316 354 404 444 527 585 621 653 692 706 723 761 769 776 782 808 811 817 859 875
30 12 74 91 155 185 258 389 402 451 550 558 586 636 645 671 698 737 777 780 793 811 854 873 910 918 921 940 969 988 998
30 32 45 58 122 158 178 213 239 264 354 361 397 436 444 464 491 568 584 589 677 775 795 832 833 856 860 902 912 930 982
30 16 73 99 115 152 180 201 230 299 390 449 468 474 488 507 560 561 667 701 708 713 722 734 792 793 833 840 882 947 964
30 11 46 102 121 183 239 261 283 314 321 346 396 402 418 450 452 521 534 570 582 636 639 661 687 698 745 825 864 887 930
30 21 52 99 150 196 260 285 298 322 353 358 372 421 451 452 496 498 552 610 636 690 697 706 746 811 818 823 872 918 974
30 31 57 155 168 193 194 195 218 239 251 391 416 418 423 437 478 544 556 563 597 623 666 708 711 719 757 772 809 810 921
30 32 104 107 130 151 168 176 240 330 338 510 530 540 576 621 644 655 667 733 761 764 775 798 840 875 880 892 913 934 962
30 36 53 182 202 203 223 376 421 428 430 439 458 464 478 487 516 551 581 594 600 627 747 777 823 828 843 856 863 874 992
30 59 77 124 155 160 220 230 253 283 339 344 401 424 529 534 577 580 629 674 691 692 763 777 787 800 835 872 929 944 955
30 75 89 102 111 116 124 183 189 232 279 281 370 383 385 401 407 410 464 518 582 643 662 675 694 695 794 920 924 934 949
30 10 42 51 68 81 95 98 114 118 136 156 181 231 298 358 360 365 437 499 575 583 653 750 825 830 839 927 947 962 977
30 4 33 34 53 56 78 118 143 164 231 274 304 338 371 445 511 519 522 559 564 586 684 709 745 794 858 860 899 903 978
30 32 33 44 67 116 167 171 180 226 250 433 455 539 575 644 649 691 700 735 832 848 857 874 898 913 968 988 989 998 1000
30 7 65 80 112 122 146 161 245 254 293 337 340 371 392 397 406 466 527 554 592 599 610 614 697 744 766 782 941 963 986
30 51 89 109 114 147 172 216 225 258 273 281 314 332 342 471 500 518 535 546 631 632 660 686 729 765 793 820 849 972 976
30 12 49 80 154 157 253 256 316 346 408 418 419 430 473 580 586 606 615 618 652 667 669 701 753 758 768 774 801 811 897
30 31 41 70 72 80 152 275 286 305 307 315 323 335 342 359 405 408 412 512 581 587 592 621 644 743 783 808 822 856 951
30 31 93 197 223 235 239 243 312 320 329 361 363 369 417 467 501 512 516 549 569 579 659 669 684 825 831 858 873 881 978
30 118 132 149 233 239 355 385 406 407 482 532 578 589 592 604 626 649 660 773 816 819 840 896 917 932 935 945 963 997 998
30 5 37 100 113 116 157 191 339 367 399 412 468 491 501 549 581 589 593 622 624 666 673 714 827 842 846 869 875 905 933
30 4 29 62 124 137 157 158 168 202 224 237 247 304 374 411 431 447 460 551 583 616 638 658 665 727 749 822 876 905 995
30 38 94 122 127 187 204 241 255 258 294 302 380 417 434 455 459 478 497 540 668 689 705 710 740 746 755 756 779 796 838
30 23 92 138 223 258 287 349 435 481 537 569 587 610 622 642 647 669 673 733 767 780 795 807 824 829 848 863 884 968 970
30 19 33 67 113 195 231 271 273 324 326 337 343 348 370 444 462 475 501 516 565 600 631 701 769 774 838 885 904 916 966
30 10 19 24 79 126 165 189 204 221 307 415 427 437 506 574 618 648 658 668 712 721 820 872 899 930 962 967 971 972 990
30 25 48 99 147 188 212 223 247 297 311 314 316 335 381 388 396 411 417 440 512 521 583 640 676 691 698 827 858 874 884
30 89 118 119 145 234 291 346 375 376 409 433 448 491 503 507 532 536 550 554 557 616 637 642 651 699 716 759 859 913 941
30 13 32 97 101 116 144 150 185 217 238 239 270 305 312 335 344 362 385 431 442 470 472 477 486 585 602 737 757 898 972
30 1 34 74 134 136 140 176 191 198 216 230 270 277 285 287 331 351 441 460 465 537 645 674 696 714 765 784 861 943 987
30 28 74 161 163 209 246 273 301 333 401 460 491 496 565 582 593 596 619 638 642 664 752 766 775 810 887 904 905 983 997
30 6 11 34 35 39 156 158 164 166 215 277 303 316 321 380 411 437 476 526 527 543 560 583 600 620 660 760 777 802 828
30 5 106 135 153 168 238 246 318 336 387 388 407 415 614 620 681 717 718 791 794 816 823 858 883 894 903 904 917 942 956
30 67 183 189 208 221 268 298 332 337 378 441 456 497 510 521 537 566 620 647 688 690 695 772 810 817 844 847 851 898 996
30 98 148 169 191 220 240 247 265 283 400 443 453 467 480 507 551 556 564 583 607 641 687 717 752 768 855 870 875 907 986
30 5 33 35 52 73 189 192 215 251 263 308 326 350 353 367 446 539 546 569 610 631 638 670 692 734 817 834 853 884 963
30 65 88 89 111 143 144 154 264 284 327 333 365 389 423 508 529 534 557 585 588 641 646 715 716 745 760 852 887 990 1000
30 30 61 181 194 201 253 258 280 291 330 357 361 379 425 465 488 502 552 555 599 696 744 745 774 805 858 920 925 926 979
30 109 165 171 173 177 202 205 242 297 349 382 383 405 475 478 507 522 534 541 587 642 649 685 745 746 785 838 847 883 925
30 27 29 38 63 132 134 141 171 177 195 206 214 248 261 270 341 369 375 501 517 563 580 603 650 690 695 856 926 952 995
30 2 25 36 71 106 126 127 136 230 282 289 305 319 339 342 380 470 479 480 483 490 542 551 614 668 827 843 928 956 978
30 9 94 101 141 149 198 209 218 282 287 298 328 439 457 467 482 524 568 572 583 586 641 677 697 828 843 873 878 941 978
30 8 56 79 137 162 182 222 244 253 256 267 287 402 417 432 482 497 502 562 576 589 642 667 734 838 867 923 948 961 985
30 4 15 123 130 143 169 206 237 241 337 409 456 498 500 549 550 567 579 621 644 712 715 784 792 817 875 912 929 930 951
30 19 23 162 212 245 250 288 301 321 413 423 435 437 503 573 616 628 642 650 729 753 786 857 884 885 889 905 914 966 973
30 3 6 42 43 78 122 135 155 168 230 248 277 285 288 289 320 460 486 522 524 532 631 666 796 827 832 853 908 909 971
30 14 51 92 119 122 185 193 195 198 221 228 269 316 463 487 490 501 558 643 700 707 737 738 747 782 794 839 894 966 1000
30 78 87 131 133 144 159 168 235 277 280 284 301 309 318 424 464 475 542 562 598 637 665 698 699 703 750 764 802 841 892
30 55 62 107 157 168 186 207 247 281 294 303 318 328 343 347 379 484 498 549 559 560 567 610 631 642 672 753 950 954 977
30 35 59 101 104 118 155 173 176 186 209 274 281 301 319 345 397 535 566 567 621 673 710 777 845 858 902 908 946 954 987
30 61 76 83 91 93 118 132 139 141 171 183 243 244 245 279 313 324 339 473 534 595 609 639 685 833 854 923 943 985 989
30 6 7 53 71 76 103 133 144 204 247 262 277 286 387 394 475 580 616 638 691 694 773 861 886 899 919 961 996 999 1000
30 16 18 49 226 261 274 335 348 357 406 425 484 497 520 534 546 555 556 596 612 677 746 790 814 828 887 896 912 983 998
30 36 70 160 181 198 217 228 235 299 307 327 388 466 473 482 524 529 564 569 615 645 660 781 784 858 863 886 898 921 929
30 36 48 83 85 132 142 250 251 262 276 282 300 353 430 458 486 536 603 641 655 738 830 846 868 879 885 946 947 991 992
30 24 84 136 178 249 270 276 290 316 380 383 403 409 411 438 458 560 596 669 695 698 704 729 740 772 823 867 891 912 913
30 9 99 146 223 240 274 286 314 316 338 360 377 420 447 458 578 581 582 597 599 621 677 737 795 843 898 915 930 935 967
30 4 40 185 187 193 223 226 242 261 312 358 397 437 461 498 555 561 623 642 689 696 708 758 774 809 825 850 898 931 953
30 30 52 141 194 233 237 251 260 288 340 341 367 438 443 470 511 561 599 625 634 640 661 687 701 725 750 811 902 971 977
30 51 93 103 128 138 167 193 313 319 363 381 394 473 516 611 633 680 688 701 703 718 786 794 806 837 872 878 905 969 985
30 45 68 97 99 115 140 206 239 264 279 293 340 357 402 425 499 511 612 681 683 691 723 853 876 925 941 944 975 977 985
30 34 59 85 86 116 160 170 225 239 256 317 355 406 408 424 466 557 570 581 606 680 682 732 755 773 825 826 919 936 960
30 1 25 131 179 247 282 329 389 401 419 424 479 528 546 575 585 626 634 652 658 663 780 818 858 915 917 918 950 984 998
30 27 31 39 105 116 148 189 210 269 281 293 330 345 349 355 395 446 490 559 578 583 611 678 733 779 791 817 839 954 996
30 4 7 72 74 149 155 173 180 190 303 345 351 372 392 417 422 425 429 438 442 451 463 483 506 540 705 734 765 803 875
30 43 96 118 120 138 159 180 196 224 303 342 357 374 379 387 425 428 454 457 538 580 682 705 728 745 746 780 826 919 985
30 75 107 172 184 202 226 229 270 319 442 466 538 565 597 598 645 650 672 674 678 684 687 698 748 755 787 809 817 901 928
30 3 172 190 199 216 237 311 345 348 379 387 419 484 502 518 546 586 673 724 726 741 755 794 932 934 949 951 956 965 999
30 21 27 80 87 112 158 238 298 301 302 313 323 361 479 482 495 496 545 558 610 624 644 683 688 776 817 837 860 955 998
30 79 144 145 179 249 252 253 344 366 374 384 444 469 579 581 589 616 651 708 752 756 757 778 799 855 886 920 956 964 968
30 25 26 33 50 75 105 142 151 182 187 200 216 218 226 368 428 456 492 503 585 590 601 638 733 794 844 913 954 965 995
30 14 68 112 118 139 143 147 151 165 229 235 262 284 383 391 461 508 519 548 569 580 583 585 610 661 668 672 706 858 999
30 34 41 45 91 159 163 178 188 215 258 282 301 345 529 564 615 712 723 742 744 781 787 788 803 834 853 886 906 916 917
30 68 88 166 200 217 228 250 255 273 294 296 300 301 340 347 355 387 388 431 432 495 593 638 815 860 863 940 967 983 997
30 90 134 145 159 217 306 329 343 345 356 367 375 400 405 411 484 516 613 619 634 672 717 774 789 822 898 914 968 980 987
30 10 48 52 95 113 161 190 191 230 258 285 294 365 375 430 437 478 526 543 554 561 632 677 714 761 794 826 842 889 985
30 16 31 65 159 170 202 238 241 252 266 306 320 323 478 518 574 615 634 657 658 666 728 773 788 827 888 905 906 934 991
30 21 31 59 72 102 113 141 207 232 242 258 290 364 375 393 415 447 474 485 501 517 577 609 774 800 816 821 847 885 969
30 6 67 156 172 189 192 218 226 247 300 308 327 343 358 381 393 405 419 507 633 646 660 669 803 809 919 923 946 974 979
30 47 56 95 114 155 160 234 243 269 279 286 290 296 350 358 452 515 576 587 592 644 647 648 713 749 797 802 868 907 918
30 18 29 35 48 49 79 116 163 176 368 395 433 546 551 556 591 626 640 717 723 727 773 774 788 823 836 838 884 948 963
30 50 57 100 104 131 191 196 251 262 292 387 461 465 573 581 586 604 615 665 702 710 717 833 846 859 873 886 889 918 993
30 45 93 108 138 139 148 253 271 295 310 327 368 374 406 422 443 475 508 538 549 577 593 695 785 793 825 835 911 932 963
30 6 177 230 261 301 308 338 370 378 404 437 480 518 523 593 622 657 662 704 733 736 747 760 769 874 892 970 981 991 1000
