200
6 89 144 192 272 340 514
6 3 94 146 362 601 644
4 4 486 870 912
5 169 199 295 367 516
7 6 369 385 408 694 725 969
6 347 529 759 852 869 942
7 51 245 326 531 723 941 972
5 19 413 595 691 780
4 508 534 722 882
7 244 536 814 821 828 838 861
6 34 344 538 560 772 837
7 59 125 348 541 724 855 977
2 74 542
7 30 251 294 324 564 712 940
8 89 145 333 377 531 543 572 573
10 31 97 391 574 621 654 663 846 938 956
4 34 230 680 842
3 171 524 551
11 19 44 63 121 189 351 388 431 866 945 992
8 126 198 501 556 559 600 800 855
8 48 83 138 576 626 648 795 807
3 561 662 748
9 90 123 132 156 170 515 526 563 779
4 567 826 864 884
6 56 245 665 714 943 993
5 426 561 569 740 852
6 47 570 639 741 822 998
13 62 82 94 379 486 631 753 804 819 917 924 928 979
9 49 65 118 234 308 414 426 701 893
9 16 37 489 523 578 636 655 688 740
9 66 91 157 172 503 623 778 799 878
7 4 67 179 250 427 739 870
5 222 422 423 582 715
6 71 91 134 182 389 415
11 49 224 240 291 584 846 939 942 953 960 972
5 73 231 529 679 957
9 76 111 118 244 261 422 610 951 974
8 7 189 228 454 556 588 903 993
7 81 121 168 170 807 829 988
5 83 103 367 434 780
9 15 36 86 275 415 595 596 639 936
8 86 204 412 451 498 508 574 823
8 95 102 123 137 505 533 761 783
8 54 69 73 95 98 245 401 915
10 103 125 288 330 426 451 514 593 646 738
5 105 411 421 760 850
7 134 197 290 618 836 837 890
7 112 199 236 624 774 862 996
9 274 310 527 532 627 631 704 805 900
7 71 112 130 136 406 515 869
5 173 563 643 818 974
7 65 73 131 339 428 645 887
4 132 634 770 967
7 20 96 105 136 212 721 744
8 139 418 437 463 492 721 735 746
5 140 379 405 499 737
5 95 142 185 878 879
9 139 211 461 517 596 655 792 877 951
4 147 499 501 934
13 97 232 371 422 435 487 621 637 659 676 770 911 935
4 56 149 257 947
6 3 205 385 501 577 664
4 155 413 491 733
9 149 154 164 293 440 457 459 775 795
5 252 388 571 658 678
9 66 171 186 206 260 551 623 830 894
9 131 167 172 472 559 655 670 787 931
7 151 252 318 394 685 880 965
4 501 616 686 804
4 174 488 906 999
10 45 150 302 343 373 511 687 727 893 998
7 163 177 459 478 688 850 971
11 17 178 251 361 541 614 667 684 930 989 995
6 118 181 408 595 730 943
10 69 83 332 555 589 617 694 735 902 1000
9 91 183 249 288 420 499 579 661 762
12 70 172 184 186 300 395 668 704 750 772 859 996
9 3 185 318 669 724 768 806 833 895
5 200 335 613 811 992
6 392 406 623 713 779 986
9 63 94 202 270 630 663 713 736 867
9 21 120 125 205 277 409 454 772 860
9 12 13 39 207 274 459 464 549 845
9 150 156 174 482 491 548 706 722 884
10 8 207 211 262 321 417 506 860 971 986
16 142 169 209 212 223 349 474 604 690 698 784 804 832 918 934 951
12 132 198 216 275 313 353 356 450 487 499 537 705
6 178 199 481 613 730 866
8 115 217 223 348 351 802 893 966
9 300 526 686 723 725 735 753 783 901
7 86 226 319 472 500 926 948
4 738 810 886 904
8 227 364 385 486 579 580 717 778
4 237 342 433 992
9 25 130 238 278 473 592 886 935 981
5 42 241 252 883 998
7 41 220 243 502 595 706 773
10 71 161 244 252 451 496 522 568 613 637
5 237 246 369 518 925
9 17 31 77 246 450 498 769 841 973
6 97 161 281 533 623 770
6 195 231 249 260 928 942
8 9 28 35 261 314 484 538 575
8 257 263 320 366 536 606 633 654
4 359 749 777 782
6 186 266 697 777 916 947
7 212 263 267 280 291 405 548
7 325 396 511 782 825 904 945
3 761 783 817
5 170 209 230 272 524
8 48 151 274 353 378 771 783 981
6 437 522 605 786 874 996
6 84 138 280 681 689 754
7 131 411 599 608 772 800 1000
5 21 293 344 857 993
6 77 320 382 667 807 931
7 236 278 364 549 560 614 814
1 815
10 253 364 375 553 616 726 816 910 925 941
6 305 309 475 863 871 942
5 159 164 466 691 821
7 57 219 310 341 608 780 959
5 194 362 427 822 989
6 97 311 333 465 498 515
6 344 464 638 830 833 999
6 118 196 276 543 831 937
5 251 322 494 902 945
7 230 323 440 617 709 929 983
11 67 123 296 319 325 469 746 752 755 767 799
7 105 147 326 461 490 499 598
5 199 227 596 813 839
7 128 332 427 680 784 826 843
8 39 234 343 441 654 707 782 846
3 260 335 379
4 305 336 494 617
7 127 150 347 776 849 936 967
10 19 69 132 557 675 831 840 854 933 989
6 183 339 343 349 387 592
7 258 368 591 615 686 689 866
5 202 466 563 656 868
6 14 29 221 357 561 929
10 2 18 118 217 360 578 738 741 747 753
7 32 172 199 290 353 361 552
5 362 388 480 755 985
7 103 180 518 676 679 850 884
4 372 376 659 782
10 29 160 213 252 289 400 572 685 790 889
8 131 159 379 512 655 663 933 940
10 36 61 70 81 365 483 765 806 890 891
11 36 199 307 381 419 460 590 706 789 813 917
5 318 469 687 841 900
6 165 547 601 794 864 902
7 28 424 425 655 817 903 921
10 110 166 220 344 395 440 578 670 888 974
6 106 397 571 740 804 873
2 910 947
5 174 398 491 766 909
10 5 116 206 308 360 523 607 649 873 914
7 56 193 231 353 402 491 859
10 89 184 213 293 323 334 723 866 884 915
7 43 226 306 326 404 455 691
6 204 651 688 916 969 971
8 287 387 406 435 474 668 772 925
3 130 413 415
7 46 48 182 190 271 606 927
6 6 34 325 336 418 674
7 82 264 419 483 493 560 781
5 115 319 896 926 934
9 163 228 309 408 423 488 536 805 986
12 63 107 135 179 241 403 424 521 585 616 739 869
7 37 170 356 544 817 937 949
7 114 144 373 381 426 848 855
3 172 939 962
6 101 267 340 449 714 943
10 257 367 378 438 468 591 697 777 890 903
8 236 373 443 583 623 767 770 976
7 124 165 293 306 444 556 644
6 177 350 447 472 861 964
2 184 960
7 50 120 185 449 643 831 870
11 46 96 278 376 481 661 709 730 821 887 964
9 101 147 167 219 425 452 537 627 757
6 280 425 456 641 737 859
5 8 234 258 358 971
12 39 49 50 346 459 588 613 776 791 829 915 930
10 185 279 460 525 551 606 717 822 970 995
7 142 157 281 374 416 483 974
7 264 367 600 770 817 942 976
8 338 346 358 464 599 642 814 914
9 97 100 140 365 402 460 683 782 981
7 133 229 427 472 580 694 708
3 251 512 990
4 161 478 593 654
5 108 430 804 844 991
4 49 207 280 998
9 171 214 222 419 490 503 553 610 767
8 67 259 309 462 464 493 566 722
6 58 97 101 318 384 495
10 115 136 232 391 457 498 533 675 915 952
6 10 231 504 553 834 904
