100
45 34
64 26
61 6
13 21
27 11
29 7
76 49
44 34
94 14
37 65
17 2
3 16
31 56
37 34
9 5
36 13
57 10
31 9
44 80
57 87
21 55
11 12
77 43
74 45
53 40
51 11
73 8
5 2
15 24
25 2
42 7
19 22
90 26
79 78
43 100
26 69
83 54
96 26
71 4
58 84
98 47
49 15
26 14
52 82
33 28
6 5
89 86
44 70
18 8
3 2
1 2
66 25
35 1
5 10
5 15
19 8
91 20
40 14
97 64
86 37
3 54
59 32
38 36
92 99
39 38
47 23
58 6
45 68
18 81
14 32
92 77
23 10
85 49
60 32
1 8
50 25
1 7
52 42
43 14
95 67
78 39
15 28
11 6
15 93
14 9
8 62
12 41
46 11
88 67
38 48
67 46
37 63
75 67
13 12
4 1
72 1
20 10
26 34
30 20
2
6 58
