1000
186 435
783 270
935 329
520 439
251 131
836 675
764 274
914 201
37 812
21 989
776 720
892 637
957 208
190 913
599 841
558 25
375 462
110 929
560 3
883 663
806 317
949 404
283 575
529 841
679 519
565 769
196 103
712 300
948 287
979 509
87 143
280 705
564 330
693 575
939 343
309 47
141 545
388 987
265 678
988 250
373 813
161 283
316 536
181 935
313 25
472 359
993 289
848 84
534 612
929 862
78 296
834 516
462 963
644 546
964 348
903 97
544 418
58 800
150 50
695 64
850 908
121 333
304 156
339 304
72 718
510 537
147 594
774 122
172 40
649 295
229 69
902 114
645 963
734 771
691 726
329 628
818 419
657 26
337 531
195 527
182 621
999 733
478 890
884 405
43 2
552 621
155 908
780 968
937 562
65 184
210 691
897 526
390 602
404 122
744 731
213 798
20 54
704 356
149 380
58 705
112 142
365 977
192 102
879 25
390 485
6 395
773 939
82 212
496 916
598 210
953 480
53 33
918 795
797 356
474 667
251 305
221 329
251 501
857 38
913 671
874 126
897 97
457 634
847 488
126 807
628 725
951 748
134 211
81 442
619 849
929 116
818 290
1000 325
742 151
265 184
607 183
104 123
455 245
313 973
462 767
186 510
986 183
206 638
302 298
943 909
510 117
207 978
676 416
835 895
723 27
141 66
558 693
60 902
499 587
738 31
777 237
650 869
547 484
100 624
504 248
574 66
600 14
528 122
294 215
988 956
805 387
825 309
544 268
339 301
721 208
64 477
493 429
377 856
99 321
379 310
903 858
201 451
192 695
496 775
842 946
830 638
232 573
528 263
650 113
855 154
78 94
606 619
734 997
163 283
958 953
15 973
529 51
836 182
495 757
914 390
365 894
502 91
249 76
111 92
552 512
598 547
981 3
882 612
832 943
60 34
130 976
958 481
112 953
915 774
851 243
739 946
755 511
230 261
571 589
106 752
837 77
915 555
59 531
869 596
495 472
145 321
960 331
578 893
130 694
443 374
368 220
287 840
800 737
308 770
211 426
740 541
327 332
610 773
67 776
262 864
183 772
685 924
822 372
792 846
369 767
446 100
737 823
393 915
576 448
898 636
404 577
730 258
185 880
279 215
130 680
999 844
444 822
403 455
863 410
211 207
642 112
642 779
66 741
718 616
838 503
390 169
298 662
368 625
30 871
694 172
963 190
436 651
289 11
73 790
264 950
744 516
97 581
706 207
295 116
1 506
536 387
691 876
282 571
321 494
732 26
835 152
778 807
563 626
124 383
570 750
324 542
930 163
306 9
106 107
517 655
519 870
616 392
253 128
535 430
434 750
421 808
563 782
396 550
30 492
879 382
19 777
351 197
431 877
897 665
542 605
344 499
492 72
884 394
97 851
518 530
887 853
262 788
641 140
108 119
401 982
240 708
918 220
382 351
545 265
849 81
242 48
123 426
228 827
574 580
321 776
274 883
59 918
316 25
457 453
863 718
866 491
537 372
377 371
756 408
996 112
984 429
627 344
794 402
738 827
739 12
859 739
728 694
699 901
745 732
95 653
200 16
939 256
271 923
846 699
118 821
582 737
984 336
67 113
466 575
683 94
999 836
10 879
203 614
851 319
10 697
527 936
803 472
912 448
358 701
19 134
919 345
80 941
855 783
16 775
702 979
674 509
102 633
681 66
823 159
734 256
979 460
197 594
861 618
183 664
410 838
763 665
164 649
609 531
335 790
989 270
994 36
836 606
316 526
7 407
489 206
681 371
799 728
150 375
337 186
617 700
871 530
866 873
840 279
11 621
493 649
158 770
59 989
741 773
941 313
901 26
436 350
79 549
804 306
900 3
700 837
509 943
57 532
341 880
887 97
395 671
350 76
207 911
148 618
472 5
101 708
168 239
20 699
669 489
877 614
317 170
617 958
917 405
996 505
14 195
486 658
5 854
676 18
685 665
482 528
66 787
24 668
493 458
86 825
199 180
333 608
76 968
756 489
894 851
467 581
35 207
784 119
404 734
644 848
82 900
216 74
23 218
953 716
623 255
81 537
786 812
293 401
146 635
100 29
844 555
183 30
873 387
885 562
185 874
948 412
771 500
139 863
422 866
329 634
670 169
110 757
870 525
861 913
102 487
410 590
777 177
462 662
670 794
371 310
257 276
894 589
342 139
169 549
225 672
489 279
612 68
438 368
478 53
605 649
693 986
208 297
428 833
299 368
587 727
55 82
172 531
69 169
517 649
631 643
715 306
916 679
931 968
726 481
334 631
946 421
448 774
235 528
37 357
714 274
33 721
359 327
794 819
501 724
237 791
477 895
513 639
284 487
42 820
480 724
233 872
153 654
535 706
765 637
130 554
337 639
604 72
628 199
305 160
923 809
549 232
57 834
479 309
670 164
743 336
55 933
281 381
288 98
177 780
156 343
174 6
83 673
391 516
333 543
811 190
972 697
957 287
627 281
491 102
646 703
506 680
647 680
871 248
594 998
948 544
974 370
805 505
97 374
558 375
174 719
179 336
358 440
728 882
290 669
102 495
10 934
390 230
109 546
49 536
226 212
52 593
529 645
712 858
468 930
704 419
125 683
366 159
6 776
883 760
185 350
890 160
668 271
991 577
688 544
865 533
319 140
648 879
759 629
421 418
167 658
54 8
829 292
386 754
42 227
575 823
795 286
773 600
203 93
205 736
367 531
873 400
11 542
276 378
211 236
785 39
677 503
539 17
168 699
213 217
495 979
464 844
491 223
822 807
457 838
434 2
158 186
147 119
170 656
942 500
475 761
171 866
444 273
832 814
824 483
724 47
253 4
729 459
427 333
435 921
672 322
281 762
553 407
439 698
61 969
672 678
707 251
875 576
218 290
385 796
318 536
984 396
285 801
277 926
689 117
979 736
430 137
518 45
929 896
962 48
204 768
132 791
984 686
345 531
879 483
219 671
387 920
281 716
752 238
344 985
908 249
892 634
356 178
482 9
608 367
528 508
971 575
617 228
679 254
488 187
776 870
717 949
355 213
852 85
569 391
89 686
434 660
198 995
640 733
994 979
385 149
790 126
297 826
561 207
244 503
383 267
170 925
971 926
188 895
333 455
190 938
438 829
105 763
785 997
667 100
877 235
242 342
106 732
161 541
89 742
326 501
215 592
441 26
627 906
149 449
549 128
593 4
196 665
259 467
722 167
823 732
406 805
581 749
771 588
188 44
944 694
99 687
538 443
530 620
922 879
231 127
459 80
84 165
676 10
169 722
2 442
959 147
294 146
312 899
403 710
578 811
107 111
532 61
520 778
815 582
929 564
165 625
765 632
217 347
892 951
447 623
370 707
129 269
710 769
964 249
809 870
584 353
516 957
285 888
993 817
221 833
316 533
540 293
911 389
696 388
481 266
109 440
209 840
615 541
925 602
85 321
283 872
72 212
33 735
129 907
839 588
461 613
630 820
831 985
275 336
334 591
927 728
936 98
983 213
510 37
229 252
738 898
193 358
217 457
38 536
122 420
339 34
172 323
459 845
423 820
387 755
72 884
14 843
670 713
808 507
264 138
896 470
788 438
579 121
294 312
63 195
141 125
166 864
905 61
957 758
586 203
996 27
446 970
553 607
445 917
522 209
90 566
115 853
14 548
32 163
998 475
932 292
325 313
962 910
530 246
754 393
524 715
528 133
143 784
767 891
56 805
401 288
992 994
52 349
828 67
716 820
216 443
90 544
4 334
502 908
173 775
361 291
690 977
495 469
260 798
397 505
119 597
255 80
643 384
249 264
325 224
408 782
975 291
476 798
78 759
793 251
241 396
41 986
696 517
545 360
255 595
58 956
314 471
653 691
162 255
966 920
227 240
813 481
609 654
214 8
434 796
570 888
432 211
100 789
409 33
853 194
584 768
580 945
269 619
966 821
674 646
865 62
748 768
613 258
235 340
785 247
725 331
308 231
766 176
881 813
348 311
937 194
112 29
559 291
523 758
160 730
795 661
644 515
514 952
886 820
600 514
258 802
954 479
497 546
663 988
116 433
573 124
363 22
419 747
187 216
291 373
837 338
778 990
226 202
146 751
401 417
362 66
324 144
539 833
438 120
465 643
692 332
71 529
75 247
490 116
222 360
865 22
468 376
72 88
878 322
568 98
346 551
48 965
424 250
684 176
253 328
904 909
398 659
678 666
437 545
663 191
13 605
601 843
307 445
77 955
975 463
293 816
398 90
711 328
475 572
424 867
867 521
347 673
980 728
278 307
96 985
808 456
198 936
836 28
152 556
253 940
454 821
303 10
356 684
497 961
414 542
583 302
157 32
497 473
264 471
684 70
622 4
249 135
663 352
793 136
860 856
415 355
809 611
753 362
967 304
232 234
511 889
364 518
249 810
627 411
709 7
603 537
326 315
755 551
765 498
320 809
652 511
413 472
378 888
928 237
663 175
947 650
141 452
682 850
73 585
78 425
873 399
868 335
450 144
567 742
813 272
354 357
746 420
649 781
46 755
857 189
962 557
13
143 213 264 288 380 402 473 474 678 716 749 805 850
