993456789 10
1 500000000
2 450000000 550000000
3 400000000 500000000 600000000
4 350000000 450000000 550000000 650000000
5 300000000 400000000 500000000 600000000 700000000
6 250000000 350000000 450000000 550000000 650000000 750000000
7 200000000 300000000 400000000 500000000 600000000 700000000 800000000
8 150000000 250000000 350000000 450000000 550000000 650000000 750000000 850000000
9 100000000 200000000 300000000 400000000 500000000 600000000 700000000 800000000 900000000
10 50000000 150000000 250000000 350000000 450000000 550000000 650000000 750000000 850000000 950000000
