1000000000 1000
10 702175134 198241030 585579792 619755943 560041608 179585854 232256252 299303451 857870460 843180383
4 24760618 463136445 786780857 683598785
4 737648785 657556311 806798938 844282031
7 578558733 68990424 853782053 679940465 201173733 483954993 937523757
5 594657717 398857075 592128544 391047186 366753154
9 489994374 208806721 883326693 35827175 265576450 303766642 293799032 897414096 737752519
1 428353014
5 382895297 160331485 350456548 626827205 822118093
1 712599169
7 382741904 10444733 273903328 956334949 211034306 864164693 869205398
6 55418492 224376078 224994860 658936476 48393865 37435126
10 907751946 255832877 288558321 391388198 58884817 592654967 674384679 968609506 236740453 646128649
8 248395791 496704719 830930851 148734458 450570755 148243503 801385551 469808652
9 288900120 413973144 304809279 910642082 541874585 166446723 280060794 41813906 712772002
5 978808583 36438381 465170303 223719807 441332066
10 537029186 985028791 428552456 171121286 196943994 569168923 556445666 947209263 946383300 78132967
2 224951931 980364996
9 107841679 126239541 509585003 452628590 107891848 993779644 849181025 975755541 498599445
4 823607540 631314226 564386959 136462686
5 629157632 186433676 620341499 668311419 684590433
10 219991340 824049070 841994892 101465992 806011374 780951145 393764064 733813669 921131708 217022786
5 85525166 286516954 322490546 607497231 81603894
2 946912481 832400146
8 367487749 395483857 119780631 508390987 159829373 490488992 896176276 759164417
10 951810667 110542867 903658059 602633378 129240158 980509130 64306318 828966820 131964818 48461884
4 15119072 943323825 397859326 90293213
9 376826309 669249714 751055093 884864229 520819314 748350688 118122289 166654083 117942234
6 980237437 250421720 368831148 594778842 458584985 892007492
1 776650193
9 375624804 193147476 264427994 689385742 371081669 238921361 330397836 500879287 974176175
9 253513535 537741432 874793314 60389055 726050670 688485633 965996333 792916316 266628859
4 373626338 644768854 671619586 481099648
5 546769975 877697811 496418144 701127986 156234022
1 452807452
2 269805574 740447512
3 516787965 917099055 254545414
8 225822597 910925227 375713286 788331430 416633038 998376414 573503027 182995846
4 398563104 219930334 160674682 615638666
5 54615189 23352128 321834136 297010942 496715014
9 296788068 99040129 885346882 497479470 187384176 93573624 191987420 684905836 421230548
6 79954836 884051206 380282877 674148436 769685771 229621600
8 673574246 81931690 46502124 236753429 714026518 15424272 467020682 82568742
10 894987416 984381373 553155851 598255388 234678698 691995353 15604421 180560367 433856113 62679489
10 570836295 226197481 823641764 279391748 235163127 375303336 621229345 157796432 859787700 45908048
1 153566110
5 288801318 579909461 786063037 875366954 478591194
3 714458645 163371831 110143389
5 784158088 735196085 854818175 147297320 793300039
2 948069120 424326501
5 299612043 991171654 239922110 227043598 761974357
9 168702383 605585995 604502116 436295751 304247028 860532749 867184858 674651627 380144551
9 310757158 302948475 441653606 695542450 968589153 349985937 210747969 277569444 12137430
6 881294566 469626671 688304643 229180462 616501522 772098411
1 945876907
6 377225405 627401687 6903391 681424068 271548934 456572508
1 857684466
8 166462348 544405303 844081241 610594034 784775488 1218091 322436926 915282336
6 790968357 707553902 410252977 194783817 827202418 223378141
7 583168930 70048476 990725308 178334788 23662257 704057343 817644481
2 248488238 775027854
7 990803822 863288231 690579645 102056960 458557523 266555375 535251451
9 500017965 391847496 964516286 233113555 665783945 875890419 387745147 740215444 264312831
4 273272728 106071127 542918313 166625867
2 970441090 204563591
6 401919188 349826059 290835462 274973239 259864953 816412868
6 365911230 570705491 675442651 101393425 91582009 666791089
5 730527082 547182876 56095359 897261367 182056837
6 634610071 782335300 661075965 595100018 85858962 387222792
9 858025077 402011253 603961996 556910914 47818576 334530121 403034062 326695412 449610913
10 611895976 260584728 943311000 260986589 884693310 463503125 513239520 83476260 286225345 624043133
5 654410320 32247496 118425627 715921019 9940542
9 886468886 266406096 762974411 118018714 832313129 219097258 915997363 765757007 261397913
10 628773514 364185093 780768072 578069173 378457850 844010856 201616610 910597391 673090677 62777410
7 156939865 794002624 309735253 618216243 531516354 1517498 527545103
4 97716913 82606809 463787555 148597203
5 496468421 284008875 821343794 992825574 431013837
5 841268580 552334378 484238111 296011618 578847023
2 697410953 187770333
9 323512906 886385958 54228952 303368915 78395866 397376217 827338967 916405815 558807857
3 725669733 152346289 295154913
4 502215517 776947802 873729902 954678074
9 576131479 513703582 874196922 168510089 792960726 228676013 381504049 398692989 396523900
7 45583127 722171515 497504119 538891624 309444246 669310766 976589694
5 536819135 480758307 404506411 766011313 614556088
7 483143181 592166616 176200837 116213179 494267293 455452542 632493352
3 319682009 893576847 634295760
9 807718309 7786868 978802578 112514017 889767695 196798499 990421235 271270039 500999203
4 278370374 93986985 164695253 435533424
9 96886518 560315236 189930000 658129372 874371755 838762660 774808453 960071604 778616310
5 915889252 736087116 160617574 527666264 339657955
4 383445593 323239831 735525875 546531597
5 490517487 876854071 859902614 154381108 632309516
2 821227493 853632668
7 207354665 281725176 25806650 292142090 354069058 985708730 975940036
6 701154666 606217042 776094787 970042277 439867742 917801544
2 288035945 272682613
4 671439973 533749447 930501809 400643855
7 788370155 799061222 212699739 208329744 100079693 536584020 956290160
10 461534450 678337822 586763768 613970063 518697458 944102 515994073 47319406 121471216 62961774
10 990563242 295905617 692510453 4842461 124327996 370190981 660350746 586925747 209741208 503142086
4 7998264 338824614 772022540 982474199
4 398392043 594639881 652042672 703068825
4 267265967 143820071 928162132 915242721
4 687427448 750101556 250567624 420465104
3 475387878 926498627 888882934
5 718963160 360571860 362057370 49875351 629549881
5 239987452 940333997 500566684 326518280 810966664
5 62537513 706406649 90001993 130905744 109611077
6 439677351 104418177 283377772 221984018 707228638 158081783
6 17177446 409039281 313174523 394463547 348151914 283508152
9 810512447 136306346 914220779 9755932 713665169 268366085 412552683 887290847 74103079
7 967545802 95845783 323234386 166700217 864521888 414263640 960613628
2 75044653 746829508
2 696618483 370697742
1 749973786
1 632297238
2 669473090 163435841
10 679764260 976175470 394338144 923930336 557181958 262898958 600739995 100281408 42780113 218916002
1 709732953
7 71904095 578297631 374616924 290851503 451067928 711984716 665374822
9 475078881 143324414 593726549 398105906 145519893 842518940 258203311 57563858 875268903
10 434136611 713235680 644100592 476727662 153214519 337295180 361219645 973443455 47869095 639944091
9 847005773 527841428 211112519 187287213 426637209 735082682 548264497 938766346 281323850
1 643995071
4 807274574 38781998 407649183 991283517
3 63112099 718570049 891785952
6 733925855 354087612 984861028 373575779 869913220 232199241
8 552695200 345992222 53100744 284762874 125687943 227523364 419017398 226715900
9 490743200 792984035 324447655 760584375 214689599 846783216 397264101 989313886 890844100
9 295489372 246397118 418497061 615618215 330912191 834307356 272700459 408614070 823602554
2 255356015 316213748
2 820691574 986056184
5 451612715 584381269 440583667 874442820 620728832
10 240216369 401633205 786063856 101791019 768567861 883187839 993869686 349104755 422601982 548754875
8 83466380 957534772 165001565 734307597 767285122 964677685 965402662 927534388
1 854334103
1 226624235
6 648189891 27527836 11131157 41074429 907220844 977006964
2 573991662 228957998
10 688227447 543932585 198765546 211123238 377360073 728072925 655392345 782875360 754593169 382199307
5 851521538 500115929 974337433 143049384 173959489
5 624459258 680261017 350520995 529537101 968051516
8 653990971 808966870 417168764 165260426 423826438 166747496 202451080 328146418
1 771224412
1 118160897
6 164413081 177917935 125337473 374135462 337957439 160754650
10 83445917 238299249 388945801 465536536 144488052 642656455 63153514 48983329 304576140 680769742
3 279965245 441223225 79128283
5 915341374 691596973 629284986 886877749 71482860
5 442468781 128289601 788069968 225403158 769748253
9 871118828 873574802 498899128 870092393 858442013 735947893 885866692 918365111 902365861
8 395045739 434224481 496950509 655858548 101823177 815860893 519231150 862347019
4 468210764 364875015 31193794 820408461
6 51304734 308896939 341231777 521429837 670097482 352134643
6 74552037 620984519 55457896 206544520 141380789 438039875
7 426836177 186892997 921571223 585152826 265801261 64958882 774215144
4 527301801 539348927 523154901 739484780
9 518904348 897199513 57383916 710830758 772899208 710798662 919645244 380278726 725773821
2 310143542 870178546
6 636931618 6881391 774453520 917711657 196505869 470087515
7 310517059 886321975 970904603 411554144 535504323 983047925 969599029
10 696355233 121423549 63051776 859058593 164227343 60389665 336787307 894900574 332764831 741265812
5 417039592 279339970 933271636 575145341 94645295
1 798133252
9 735446882 999492517 503343399 479790977 125166237 355267332 57857688 569362995 313666348
10 33121833 610822729 714650249 824825291 967463881 356638873 431499378 420499949 285299244 977455821
10 103170310 306403682 692199984 63485674 647270902 835003645 689546432 510775992 596940734 665254939
1 423048010
9 165833808 947324275 212897478 788751498 582491891 923604545 537035022 651796885 198520219
4 322784697 450503742 158579973 376115569
4 353538214 519634205 750106748 214151725
1 94628717
9 615657011 649100964 287358821 350679443 849405143 814442019 437614217 499359247 170486566
4 438390691 70039278 217045159 169349778
2 271284620 2147560
5 117927335 553387817 921382034 758005844 229680715
4 297759276 133865598 433251963 601288024
10 370132015 280157699 649703978 359029634 495120468 103500348 850524536 590302278 189853515 388393850
3 564809442 724098674 473504198
10 847801560 860230519 858211973 713521553 758149881 944965759 608789525 296804942 649346699 489277254
7 20941498 160531736 258094969 299860100 657044692 867774727 973233229
2 654359142 799742589
8 157459955 145648765 633904383 839450627 903381202 382658628 373527545 236521570
7 247659303 786053039 36111282 905081082 277066555 30190598 579860146
5 925019154 906543691 335151132 106170558 121717403
10 87187634 359513853 880695263 205441932 381894848 849404536 714186920 583162072 139914637 57554465
1 446692648
6 77036083 404551449 593407704 551584968 361094169 670420731
9 171037504 575510654 586704255 718813666 871587753 328988438 152930784 3796596 97184917
8 436841372 676523124 153547089 183089952 639864458 80055934 56432993 774275064
4 240469093 211406973 142385270 923592769
1 721550597
3 928599341 983365784 444571043
8 447031319 585501653 386995732 611593730 176023050 543457128 625831041 347599913
9 874110777 314122331 202580929 492622760 884714062 833243343 114200041 485894385 215897058
2 9948646 461263834
10 63892252 340812290 975858473 151739791 51547287 141896317 758965046 910544329 304918801 891781497
3 157280398 286391291 745691832
4 137408515 590691484 147991135 831143012
6 658699778 716084956 549764269 453491085 689340891 296922589
8 491704989 90340769 819339779 990625299 874794237 552881903 526528383 111595976
7 518268901 235972817 263754539 492235810 439541479 161644696 862710389
5 11715058 999049108 39635335 601979261 934362300
6 63424804 151112852 705866212 724928274 857290017 820247032
7 848574228 220421138 58080929 822922950 635588857 553680508 686127403
1 934397554
10 40884812 130056372 685873207 415668369 337835994 761006485 632939938 468438672 744343746 194953697
1 354300432
3 654963883 135021080 613271473
10 39263892 964634908 631327860 869412615 531775445 249629800 177576495 604237273 170794883 508368243
1 431509916
9 301929326 700990073 761270449 299061797 397888382 989554818 398045780 149820195 943723167
9 735761323 378394569 37863751 772094301 608182632 517835557 250087537 888200731 791904600
10 473887354 961673381 471035526 606565858 146511107 142366244 166303027 904227278 631125538 332210288
1 29969856
4 749626111 23990159 220183221 755295931
10 90953001 265763204 339123251 563272341 456847250 835652212 317137340 941437798 494700338 154532923
4 495841270 293517616 781260879 324007808
5 617725344 498065690 626475758 799993396 68954881
2 522634220 745448864
3 834112778 761077184 709201704
2 448743711 502560552
9 766866493 459841362 51984210 460077760 564309214 402881022 230537091 805689802 401514177
1 380688486
3 505861412 344680371 677573549
8 302596649 416863592 303990895 604483333 871119663 637860160 485572597 448815366
3 916667366 187598598 421450501
6 250178217 272752247 366610576 653426281 716791765 691768532
8 413342130 961093595 656402205 611794581 758258417 774672379 971071996 10336290
6 865290352 45102570 668996924 355829576 413617449 706520531
8 281013374 42119367 575267822 182246021 860073882 726054364 662987279 681727225
2 287529328 816661560
8 702978727 878795168 307723685 197288167 787546550 704018161 264940387 562969840
10 805023065 445078980 736978089 932217029 101726710 43940580 352995505 269113828 185007096 801648311
5 497157457 790261820 386200393 917995881 431196684
9 606702040 69357185 692257232 319584409 646916856 593516904 132721058 551404320 826721304
9 203286013 336031735 611871258 399691882 585218667 85646256 799452603 296768717 494603140
10 234483384 965157366 326006348 455084034 60875130 870900003 475642802 418642959 317388599 562765429
5 996351622 259171191 995128390 133268123 478209963
2 681616675 769926472
2 953975071 7306136
6 672346787 509135179 982849393 268705277 472335932 210498228
10 411411111 981723030 269589431 907815675 660632889 851550539 124796091 46298383 425543027 393968612
1 460929406
10 695191231 75391325 565739933 756218887 583854059 781266918 911056181 687115869 592589657 847884148
7 467358537 690670254 412572498 35386492 358796105 397586398 716621801
5 551941703 531414328 46586435 672062315 65849221
4 266381283 809462940 743275861 517052555
2 580547131 654881262
4 691570267 237902232 184440162 769722925
4 754596156 290572441 10117921 44545464
4 505243644 524154815 100326359 826605291
5 156588469 368484738 642422862 321323745 786566091
10 571213453 595798625 519991341 706831783 135643519 122216915 500527368 7948807 327207470 121958059
2 802351968 345282302
3 732299510 332887586 955197124
2 418091087 951854192
4 871648352 147178320 533297795 152731734
4 317193219 506998126 532269809 969632385
4 77965397 70095257 171272793 308228288
2 321015438 609388589
6 99381724 852158093 789092319 745232892 433688369 134531708
3 237713018 777461743 109253806
3 420581460 81219181 813077645
9 96785284 492750559 134893001 673361526 454194644 190625563 512922122 675211110 68283755
8 345654569 421329044 318871081 553703049 461589178 870113174 707850075 304681269
10 830222748 222011051 938904855 108467365 180917195 378565629 23208575 590208707 819094620 84969214
7 639350986 756818925 248389501 111015326 845960655 324530605 219652808
1 103558132
5 913537008 995365719 864730190 892503301 321871888
4 86483888 196226891 740352765 776582004
6 628286113 34004914 573109148 588015947 733151162 84248651
7 789021909 664785949 971159846 456624465 439528938 485972287 479020224
10 239192483 438032233 204754935 739093534 596161214 796430036 126043423 44243438 732134637 495809443
1 397624070
3 375723926 962762234 266048929
2 896333704 586650252
7 110125440 638620050 991874412 876732052 996079076 802826689 279098028
9 197725689 304353666 59480285 521638257 72009100 434092885 903074072 682871567 465466865
1 868805407
10 629615319 844722395 386779861 271783064 981957467 869222434 901938239 841660901 363654771 96779675
3 813876259 513855094 390921509
5 9553985 487036049 269111388 5762283 23545576
8 999703956 575014275 228107649 216015625 731698678 847566959 839001855 247777034
1 976719463
10 157840136 252288139 245186143 856288749 733234065 942890660 340506208 309783373 974002531 367664772
4 991961587 303430641 214291251 184109942
8 796115552 786478405 792377068 856423057 212968603 820681281 515414165 755326920
6 499607207 397846719 653973590 261221869 630557641 522501304
5 485907095 394416103 955540108 261493743 819495074
1 371591582
1 485869732
2 823074863 941568417
6 635676177 132591508 532418278 330807148 788160743 825539194
4 78970384 4113738 48012518 943004120
4 68642768 358769339 343693110 780754421
4 133661794 956646371 483490582 111532046
6 302870621 959894822 799366898 957973856 982949197 785573967
3 814695327 847346800 470927943
1 8818886
3 78237321 644008998 809511577
3 794148055 327017400 218678372
2 562534590 232073135
4 762858845 618721975 261957473 581431162
10 440828887 197084972 550800960 397259669 303885493 451380446 46621868 669664934 965161178 815030266
10 389463959 120997557 911621873 389687981 694721792 779033765 799168025 462864877 263570089 45763445
7 5928810 137321435 973064858 284829564 472492207 650533484 978965650
5 905046804 36809641 948902067 351195185 6066467
3 520443495 18079031 816711025
9 103632841 832499416 754742443 996731266 568407933 550816072 524444766 666881331 403523760
3 927964237 729690953 753323756
6 715723289 194681854 579999462 674576144 952461375 738629960
9 223366848 924499387 147039152 365263440 476865929 420681893 327000150 310600159 509143573
1 160483014
10 146166583 577235814 258522139 816211601 17875928 760758321 278339710 478247979 512147370 290986085
8 666068626 266294331 997225958 656030114 740809711 526362037 635935245 24087140
9 294532910 413302051 65187792 429301685 85526013 853674939 607430350 647186621 717826758
9 131322195 19150293 156479009 251563437 537171815 994771022 125960121 774581175 136276226
10 563318019 294614221 919227517 272192689 974998341 908478589 649626564 135592313 865124221 927731987
1 551850156
2 838554075 882386159
3 590523880 762868803 179599129
2 728358177 770550599
6 780474485 861033169 102777064 101730889 459968240 630640795
1 421368124
8 825722742 550049835 980490035 73288281 400256067 74940702 306693021 670673220
7 120875140 827785348 901322988 198638305 828910225 14526097 739276300
10 321973185 133345539 128178369 808112172 330884479 862951991 972998404 79618933 542710229 967300024
2 842778409 642451376
10 348647878 608073983 575574255 559590024 884918520 777359827 771135424 379169207 300538327 674851559
8 422022983 337792481 775731609 248993074 660144638 585185034 675627720 928511674
3 983381182 604922313 978736750
2 411769725 520269035
3 54564084 480696705 813120445
10 298480187 569206507 394779213 964964558 530765705 15622549 871671016 373266432 157175201 4020498
3 551154301 89213001 62089176
1 997213848
4 360567005 612914300 40502860 280073694
2 611330401 925758043
7 159541280 111715564 439989964 587623375 115078977 674943713 457011041
3 943879569 340015968 112050497
9 256356805 562431138 774899157 435064937 181780077 775991850 655068256 390556602 477200782
2 617147122 769429681
4 141088464 49188067 846982901 911384877
4 78230537 904776957 432237695 932896150
7 317593820 900299435 593336571 600180061 326561770 198553592 490262934
9 489005431 884420692 279260033 499893313 596398928 701395219 196578984 130325739 891773368
3 854107309 129548241 79778895
3 40456492 411329250 732470799
9 37589579 440252746 833742406 226278022 968337180 108085885 11652653 182259984 336188471
2 686054161 986312676
5 200146285 657310188 343206887 99795796 963746600
4 726717488 812438981 668782663 321333451
7 651937211 118356008 427085612 570424855 813855435 87471359 675089971
2 223875263 238755284
5 513748284 420939028 164219390 104590048 99542496
3 687936960 28045488 292366704
2 931911610 311979295
1 346427386
1 839359191
5 645886557 276131670 826298083 983354711 622484993
3 882538299 525448005 112581103
8 237529272 333347199 936478501 289200969 344659794 92190452 242993798 446278502
8 920949941 133833737 580891084 11185999 860168258 726870804 919642761 540215688
6 935405904 247475059 422272364 178932928 910239147 114839381
4 163951141 89185410 510840640 591029941
7 300384229 224672813 879826844 432385384 250881946 505745163 261065761
9 136312075 134210137 153609758 337418358 369206714 14476023 59784747 33309184 86972658
7 183120714 409162419 560868111 585802206 553805495 310070525 998633598
1 432227862
2 86014248 655032871
2 470134369 11510631
9 890411058 613875319 805582450 390208820 166616598 243476394 85035227 544336765 694737733
9 285336032 386555355 732003266 978876075 548425011 127156834 862893593 70044645 35927726
9 948266199 847530054 739989055 125418765 231681365 31160833 422048747 897197495 33860681
5 287078461 666563112 533319708 476843737 497528365
10 75688114 917610864 871806400 62966010 130963829 158493657 653737052 241953398 251376213 186142679
1 490809958
8 163958642 252111279 89769267 494585415 653551689 460362717 773038301 980049060
5 808025032 956275944 465058848 162858191 166513011
9 518303094 614456698 408290912 304392163 435821763 927245773 167281252 520051266 793315095
8 279131522 966669994 728534888 394581358 215392813 647461084 528618861 969220314
10 149614730 901737006 90501217 826364804 987233218 350676465 602458752 38169151 486440500 421619358
10 149134786 807691825 10575768 636702874 32486470 447445622 334163860 951408010 721316225 110395355
4 343516447 464134397 420966889 637712844
8 969777036 873473890 692969790 20134922 556394227 733363611 658375872 739636714
5 857528829 574363118 929744157 347401308 424641269
5 273413563 199539157 468376041 974529521 365327787
8 30872119 250668226 516159718 382748840 675926944 960549562 131479005 384570850
2 715443154 857192878
1 222309451
8 763651044 744556567 440952080 922739030 457914785 425431121 202487454 277486869
9 109756859 956324883 206051115 733335264 904305009 790619991 281261867 471778436 142871855
4 537469759 987911115 576928073 78550737
7 59203350 104741180 580956099 708153394 8963279 15753502 445333284
6 290102618 73083114 47834456 221742481 108143214 149595351
10 246967944 65296167 355328644 908665952 448546198 306712258 628710484 949100655 109071471 305912500
2 939552677 358868842
8 413767210 267494850 35968514 553598726 245366692 173506267 760990325 621889327
1 428089477
3 573649189 866032260 375366608
2 846858571 262563343
7 981948868 874345016 317296910 923659898 547404045 440567660 21146909
6 599990049 774677145 851050690 504524682 834712604 732134430
5 846739609 490037200 730767654 968959736 307330776
4 173634250 509187002 743861299 510704297
1 399229669
2 833359677 531125424
3 709633790 330387938 889309687
3 637813333 331040577 186401879
3 835051116 435518303 325813652
2 899580027 629214218
9 756701131 309504195 950743033 554684572 286800350 31724691 385574131 111544204 651499118
2 657351422 35578131
2 458973244 661537504
1 217220673
9 410386695 61644654 712082517 2044443 400369771 845538764 582889143 927226703 944042745
5 399492876 385183827 959040832 271762091 786104849
5 797148656 908816029 435102169 884075014 208728302
2 439320742 196140878
3 869379921 356408424 175056563
7 810830004 922755559 171191550 637160128 469549809 929589431 750818271
10 518391046 948741438 428403597 978470724 659867133 755991685 101241875 220126339 416632107 93867159
7 189349738 931694721 804426777 297928622 630915158 563516984 614324387
2 118894963 102258879
1 216175981
4 57235385 786979179 52675013 142904889
6 77680960 531939735 212400340 71975060 944525027 165865405
6 121757442 236154992 462998800 918318996 794043871 19139243
2 178145846 154491564
9 731751757 12013687 993131651 720965357 158863806 277489148 585140426 217330906 559443846
4 55462206 363388144 697184788 870556729
2 451338091 381963307
2 964511389 503792280
8 612359070 557198084 310703153 539636847 952653247 693495628 500909975 875446515
7 880366761 537223844 40151637 960649883 423776233 507116436 387471286
3 603699071 729035578 572948969
5 157273468 62923075 504570809 598715026 444891626
8 947548539 10025626 741918315 47625090 530078515 484423059 160436444 849209168
1 150205038
6 421371848 418111731 231361808 851070609 675132502 926415481
7 904282182 970034295 114750400 554049649 809479638 923522007 88559496
3 787313901 742193281 799727429
6 265558229 923181216 573178258 351325272 492430740 903895934
10 776434021 755377092 558485066 992124273 761561584 723721989 149039173 181639956 85531205 916714876
7 582114627 222799381 470163028 73360377 78609030 666762135 536261545
5 263768600 489992822 294110576 520863996 957604633
5 895765701 946510345 149939947 615836170 357858635
6 513298047 921603350 423589734 435994262 547083664 902559461
5 722953189 112564550 657425515 280880026 683174534
10 342969857 610093020 116554182 975268871 336560217 428363744 446429890 562631077 956873990 731395575
2 149086977 816833713
4 241521107 744092965 646458822 545311422
3 182136352 932623371 88752709
3 361183447 451899892 915036998
1 365466146
10 28971947 170933890 986720275 732496506 427417229 806831777 380688406 666243374 815060300 815243871
3 510860566 869643971 360572707
10 711150306 747016791 554791968 958485218 15747556 387237536 233399516 666841897 838965976 469803386
5 529905652 977552595 149162275 44635041 484208087
1 297855551
4 582191235 725002080 278015212 104930734
6 221973465 26569238 50348902 517834859 262008500 539450538
2 124729438 204493233
1 182017936
4 285906012 192001480 306547806 427489047
6 930746011 863746426 462000187 425580827 479499011 633775066
3 762270522 282390302 416028883
8 6632662 645483148 998627250 493348334 332153239 671958070 766279841 689589652
4 386732767 812040101 611322437 111348217
6 311472417 663789110 721230740 878952312 582436874 48876391
3 346366451 592071004 300145055
6 99295322 462685207 872150705 98369735 310558462 93519695
2 963177582 495385969
6 122785232 411806030 241211031 523942669 933015911 398832985
1 61063465
9 4881690 684488221 753053974 309210086 745457974 372405144 361403335 1661607 137379199
8 222341761 90062860 180961069 723376420 161942574 111152235 933051985 793604272
3 682495884 647553876 699563452
6 399851684 926738350 924251029 733134853 819409722 49119475
9 731170855 423869302 579054788 298957145 769360755 788256752 277168810 673419516 36678688
5 203827845 901739946 724894912 664267980 91282334
4 115082572 544151128 43918181 895351491
9 72507184 31603985 886394909 68098407 637473030 978769740 132856001 600517110 464096359
3 948539870 634290564 233021679
9 702342110 532017744 313848915 558626563 593963998 597325712 739545711 646704965 777497800
1 96249888
10 590160761 433728254 890129864 857583189 686263279 60995160 616554002 288824602 890074131 779644774
8 439812964 96605814 470422204 558528620 333260645 671258091 218434559 85782855
5 83948100 553275283 509623850 113515609 332044708
3 435879456 781259917 527161927
9 7740774 248704114 161484354 320885732 548748659 217376402 371652193 898744920 997644491
8 180931288 97393710 255961200 790090163 192045195 921582276 432196895 130528681
3 898786258 92430167 225676154
1 594687030
5 375372393 848794399 943088190 249382391 891748347
2 603678621 341843034
2 339714788 486623994
5 346266311 5585197 387462433 69870657 777272936
5 19732069 95413796 548644879 350559912 796494695
6 693900588 606849659 866363474 99580764 73236945 574176293
9 837252871 564096255 906368739 1686766 509142961 563840913 850561374 517447530 625742467
7 623101251 135470465 983290253 235374113 286167081 470464307 53157542
4 419291229 749166892 385462597 622728064
8 29277327 285150331 344341120 455110361 66053446 728877514 46959751 136746714
6 510930468 87196822 446054494 165286320 451362460 366881168
1 30012381
3 77745477 269946346 327044577
2 404488991 999283368
5 673505316 53169610 667651545 857570006 192996159
4 75912615 167976809 787565259 654571052
8 599446170 680521339 754573148 405826955 854424865 769441137 747384609 54675612
6 882326007 509856659 454208581 449135410 913507001 329024945
2 749386538 808945985
8 172660971 223172542 287999481 374943516 184769606 87506817 843949492 631832194
7 671792683 306876539 841227552 34042755 766120444 1010374 640090557
7 811182812 252831544 286326553 38816489 687308892 874854750 568789865
2 503383184 812559821
7 870415729 963245064 273236720 281342345 819559255 667399320 165576849
2 61165637 513640243
6 319611582 73871522 888866190 252846775 734476193 141356769
9 725040263 927540600 50258348 855896592 551628452 898543387 775500180 979226547 831125654
10 479476117 479538534 187695684 434041223 213783620 399209569 827080608 63895793 202681067 776068174
4 909282240 441161117 175717281 272892232
6 710256962 689101018 398522424 216321757 700834831 235486742
8 292715767 704312447 93712066 481719777 58476404 275341120 824665692 89710277
1 299874719
2 733228173 277912783
9 961719536 612637206 481620631 286899516 251960050 268755042 270735215 996012256 535558709
8 921239016 126901861 475143797 340071154 987793131 843833702 436022354 375987222
5 454121072 945522206 549054385 303274200 528480722
6 851779812 714259379 468379774 563104537 143097468 795034783
7 962038055 611370290 335138858 95590993 43938921 688107609 774893955
7 634046490 923373098 410078866 307363974 878468836 879274149 358303574
6 19215285 20586478 905246721 489879226 720084919 515790449
2 300082548 508443683
6 745080665 298599759 743153724 991250127 510432257 853587199
7 797072881 58610410 548006764 359801480 50264098 293780623 672349277
10 959465041 882554286 252157024 664961482 804378760 601185214 908472829 164440230 190704339 637507697
7 391091694 354483459 940021999 341490450 960435190 869863792 256987326
7 462246621 209536445 202025562 200477313 5127802 816265068 273882332
1 341539386
1 566680762
9 649313552 334538871 27588141 622263647 575352464 695074177 369360905 749558530 939744732
2 969075076 663669062
10 610778821 890964232 23201079 556470909 645176802 198132198 680047906 902883978 978556255 287081346
9 121456927 416264716 167838466 311976188 933708162 348284788 827353498 183640905 445756762
9 904071459 356383645 225386638 21200113 311997691 474719183 183653494 503491590 408672846
5 68530006 17306318 276690571 626618735 142411392
3 74234853 2168796 964766174
1 472862141
4 335316798 529297333 808704680 650380410
5 612404401 986272667 757926703 431282898 183149381
2 488243360 902207899
4 100661213 924027751 585552130 50068405
2 810137537 411614404
2 580273780 532261466
10 149756509 533770577 114397235 376377115 999794450 584489537 835051181 551028658 51905557 62441782
2 995332694 891573394
9 843995678 173113953 69256070 91896371 473062975 76496337 157317967 85969136 840166924
9 638727815 614647511 461947359 210784503 179628013 96914111 180684620 135221491 679937946
8 352348881 574461800 534280973 929359954 714772700 576597574 524583612 575863375
4 977537441 561145913 647728662 935901750
6 453339543 832734225 430476140 726993199 400986618 645438343
5 755084769 281883086 578950391 825986743 34112903
2 531863622 44615601
6 251112951 400446207 265141562 151847319 531985992 953777591
10 731790927 580575321 952534227 98986449 542409923 550532154 909158507 130112989 10426082 735064495
4 476888537 375614010 707733813 57619010
8 212037702 805970829 568133414 146500325 242806358 982333235 717587786 271113847
1 15664841
2 415717491 289833533
6 337925940 760163869 407319892 475917354 266105697 509788589
9 218001997 786133896 366870797 639710578 538798427 111675215 443108289 924673056 598204105
6 830297481 642156590 162396487 179038097 649597316 655480878
10 61881489 709490984 615746629 405351903 773130220 447899641 662595666 628367482 479194656 225784794
9 881039650 823611813 813148853 166730727 125043228 570997840 854515060 737482383 555942441
7 202086889 754277286 119135180 283636604 756311849 712180766 469804221
4 435798648 750567832 634287867 464166380
8 850268588 265521105 915909569 171673219 503762559 618774299 492119707 338726799
8 669467158 514847277 94378712 278186334 944751508 859902682 979520543 678371297
2 639347739 786026542
6 47336515 95097795 45303401 952367903 996940946 232056794
7 12346154 636904158 287931475 269863129 529835320 638103494 913008964
6 44212578 41152499 710254752 942560568 219886353 491378677
9 433036669 183185256 154804809 57778693 963365054 660925809 814725610 711058374 661779816
3 264927132 539686898 816308409
7 267786407 862871032 29225595 621684790 639617844 414966167 974181663
6 11934405 229562731 99705959 241535618 102809240 614073169
5 19120961 853355866 147053947 261750464 898789611
5 496932924 753983558 304003682 47980976 705445106
4 689731740 37204055 840300049 929807518
1 294817561
2 914740152 674464030
2 34833988 611289680
3 428670687 396597952 57834548
2 571372685 339436238
10 109102242 779898558 676709702 236449987 651589299 810900002 849584409 412148763 484343283 283241567
9 12059884 76618852 137831168 287002668 337909726 880112969 461584383 704511905 605259709
10 844081643 562973882 375764749 856597575 926936853 70100977 908723126 595440352 184139895 816003964
1 783904171
3 470853511 51562741 945688707
5 624045318 522918063 808591543 661328693 760930036
5 357258814 119808562 399734586 533407157 191757330
8 79348811 201097044 559700484 742107410 123229409 845887537 703686285 267537086
10 64678040 430380164 608164681 641724344 812478090 859010027 800282715 626396282 815694064 197404634
10 830255725 141053017 715495639 21088498 879023175 512057809 384553794 5050118 579949533 807925800
1 191028234
1 802782146
6 545524404 448765178 670450222 292093106 909162078 236823826
5 498110071 288537434 578571972 317744554 535482214
10 88493910 883514890 966746043 51995902 499578030 618243056 503967891 191217038 39087752 501477997
1 986193795
10 435844905 613338235 142620310 700153250 546528377 477051027 518214111 814524962 98291173 887866084
4 115078312 526783362 378705118 714024771
10 500143327 851974697 188055908 456016810 775411106 955483045 845410549 164330353 35847544 31516094
2 254530605 42547439
2 714662666 568287252
10 897721618 193741645 998530528 625236737 823686879 309885551 936525994 950386319 33160962 756867105
6 808962983 355013725 127352031 771483443 994510222 396787368
10 162366045 365701228 719415203 826546487 511971201 223330185 77440470 275068794 911546394 576054058
7 441103624 175079868 980842383 626304301 559460164 880581649 907837634
10 175723069 709423373 3838076 591637349 301814843 220457797 4268694 723675781 554991743 548132134
1 179393540
6 988016211 477042319 651655350 471074278 851053494 93686296
5 600613370 986054801 756339395 22121049 533941561
3 180772018 79284783 65416766
6 330073884 60107732 256783738 844852054 27207153 563171230
1 212305173
6 711139761 528297150 521861116 574042528 932727040 889360841
6 726046326 4408080 740020552 771968229 235619324 222343803
9 889372514 348406885 192181008 186884614 242931375 953225575 422302403 857743529 684762028
9 783008955 734865133 753980497 775431625 858178836 126621784 998370884 950806768 775718851
6 756629006 648009767 94971792 159457579 848196916 709542869
6 912165710 767098394 455244945 787922642 217687621 607508523
9 350725190 818489931 150127585 900421996 643326240 793310691 801212442 68638986 439281457
9 978885434 56764320 932170925 683511305 142741319 602341966 141270864 815957897 655955797
8 669298212 4640677 782653731 63037721 109759904 540109578 806428538 683811049
6 532111300 172339139 472572963 539320863 725436227 908309213
8 392526851 573151918 984799784 341848699 218123708 865197884 918234037 789678974
2 637472236 696057035
5 225902340 395788356 983003603 952696915 230610565
9 725818530 702548674 512900097 284831886 866697409 309014352 572990859 715647274 302888642
4 39855223 277313887 245166630 675572014
3 831327182 748139262 120261777
10 459538291 455726537 356300317 883350021 396935839 631159398 15268432 401507013 946133529 871061237
7 271381708 70438947 513270928 621259632 94484200 758837521 98245796
7 590637813 905328786 697516821 761308602 301966195 870237184 476005536
3 337478360 869517919 578945197
10 87437188 771228523 79055902 986142494 38253229 78365703 234324027 513695152 344354344 27235456
2 516717551 283192650
1 107553759
9 487701681 132339667 304633945 842215842 692667707 31186223 74736002 968955705 425793002
7 410901677 253123397 656371721 369803490 445291042 264666558 476260378
10 266741047 222963928 48486497 338397961 763831427 359601659 140846365 505793054 730802323 396748458
7 373558723 943505115 250998637 747674296 427246606 968721815 923085019
4 435407409 328038004 726642642 339914028
6 541965469 926539355 361750619 171041445 118839760 660360186
3 838289153 734951737 153670528
1 496009284
8 502116095 649733710 665119601 488195198 861670196 31885676 897775000 767813549
8 997848219 46483063 818404725 993231963 55400772 25541871 464938715 166143273
2 753970266 139773146
9 181859190 211510250 164940823 349488128 937891202 340552569 704890443 67323562 346300266
3 915650882 813213835 978805967
9 166093926 521296128 616967732 333476786 420844886 465776180 20770593 855778588 432501033
5 185612387 633319659 514946470 448661792 568106595
8 344141842 63170001 33918913 147702199 986522929 439816746 721763035 354335649
3 330340016 244321589 692996930
2 62254647 438040657
4 723456338 422882874 998798086 32250147
9 192301472 483655099 585140505 456057687 29429336 99306679 480101728 142733660 819401944
1 173903383
5 948196896 299997748 49366023 231754488 180477119
6 421633986 268720065 871029869 180968769 104350549 661817117
2 334578129 954808019
1 828610222
3 608682495 369929254 404923033
10 418759077 134226384 508415892 254092079 38174938 445856415 728218347 455890113 788359282 961696701
10 633387443 707811990 131964602 384016763 63030971 584003108 156565977 656243344 56395170 970233643
10 714018747 196246246 274815893 795984615 465424694 912798788 393748437 655575918 242352285 351934693
1 497116285
4 79825798 339784981 620482672 754342411
6 472998577 211573118 538463499 758423314 723929551 899664036
4 289389005 276372220 391287301 832579211
9 910775496 998334035 733188827 287179926 107056040 605495563 578557266 587639368 702594446
3 952267706 549475321 930881077
10 838937120 366243271 730773178 753238049 482336235 861728777 584164567 770302398 556307729 334719788
3 968109055 372411215 779027280
10 796986305 350759226 698835715 872317130 513472654 796151457 482292345 664970618 538400349 914699918
6 154398323 136521312 396747234 610905250 150704967 78413074
2 495975966 618798357
2 254508381 404054898
4 622723292 203730749 847659244 923561776
8 849746182 864711307 858376699 499292244 126994214 766884460 756306638 240621881
9 766878385 969328752 38961652 4896108 838996757 956923397 166747071 568644939 82941630
9 238649609 54408622 493209348 176599189 105970567 561530480 970273724 846703566 76399664
10 271666277 608438002 345420384 698267705 592346486 783036311 847159525 631205220 416401741 530251925
6 962193067 15420127 49367301 18455015 407734242 442432865
6 851208044 756447781 73089059 351397176 544389913 572387042
5 442608018 839565629 723059566 839765523 244698139
7 41263505 587573923 975840156 485172528 307640730 934607464 424273574
5 567512803 547915498 674548929 752670721 17545686
5 887937148 204078360 246115177 204255577 873765304
3 398203174 434032821 792111226
2 992744208 374037797
4 544916315 694031229 934961532 760854402
10 186376027 954555302 472212790 805261114 429384958 76524292 133860678 384489815 644189768 46867364
6 267783778 383437500 245853360 775778167 549485837 313387619
1 530577681
6 877183257 335725472 994609674 260872041 528039006 143138516
10 227250507 985449389 572447276 784924859 297693707 221328759 406051156 541477998 732370303 995148952
6 353850215 713814285 183582296 737752453 819315227 145250919
8 45187362 262974639 976364577 678355997 762151928 552398426 336375477 711873890
3 913926361 319015794 944973725
2 551543950 768164115
9 952184912 258298337 472187968 257728187 882182525 760082391 777619186 927991307 330777083
5 394378387 53680449 39153953 285230058 527045526
7 914346191 270389061 650326984 145818010 10358885 760920708 371382637
10 498003614 50463936 942282329 77003205 732671240 943249216 383224478 518608082 321973611 550727181
3 335145501 392175211 373648171
9 719354304 146061478 943538239 573889158 18874300 64053093 207200524 741767939 402207092
2 217593138 803004608
4 360113685 150025650 11036125 993671981
8 130957583 484450262 359570180 220484558 987798395 747163766 161884440 803243167
5 43591210 132259764 233291201 739112208 789585327
8 780447410 361366557 446732135 668695779 227348961 426090249 423364961 173450779
1 7140726
8 353811922 569974205 878016016 778204458 539582834 912015335 94803162 41237608
8 830557891 587864633 124808741 128056694 457268793 80565765 973219659 835250583
10 839127477 691494117 307191724 591832658 541779662 146061778 103117679 340948959 473444678 627376618
2 841887802 10054054
5 392172612 37282223 15259056 115327718 958061319
6 757824058 140264477 752706078 153535326 614957357 457900133
7 534198741 765159805 592754946 769855963 578891256 307870434 342629122
6 613816998 149496472 804645655 698465444 272712187 888736263
8 188813856 459544903 494123110 196813809 278438579 376457932 247303795 821396378
1 690812939
2 676617622 909764887
8 958947240 953894729 146689642 468066496 846575074 9676282 312058132 405412597
4 653099965 226711303 878104962 89818576
7 27323282 908950958 535853333 679670521 685622560 924841521 788284579
1 368950415
9 66071472 431253541 509808656 264003929 609339748 385534304 641431249 783247332 836761537
7 453126194 197348355 840141187 215298775 317596044 223811183 660484359
6 605487463 68714505 621354600 548643845 125305871 446476611
7 950254769 429733385 628494785 431174586 336182788 957671545 81434103
8 267109130 470041222 198720847 727346384 354793193 391505897 386106605 839898433
2 740492087 206501563
1 787846039
1 711533206
9 996573846 135422259 573715443 344702682 404576620 352051041 79466279 359616178 207516001
2 406050229 303014263
4 350387558 207739034 959637068 162302739
8 443975286 124600380 852232539 240187928 449126668 467590016 670119071 308751848
2 588307092 205289204
7 885136371 48587572 809848417 595629974 764483015 527077740 271607579
8 201853786 255355658 442931982 106758037 200320730 180691775 463063972 870002373
6 886429447 68764138 48960943 243476671 353899254 397448351
2 179379653 811531797
9 469828789 641675611 902241009 146808870 595933789 388161529 182326803 414356668 867560458
1 517422635
2 936145532 841532301
2 861646120 258764642
4 773707293 615808801 293911593 600137467
1 248653794
2 337001648 554746650
6 34436108 904459214 438347350 351453108 753109339 864070958
10 410131314 60973187 773340458 472563689 919513770 602343859 511451978 683261807 54844387 281754100
2 487195066 66660558
5 491002102 685448254 785526649 911650090 404187865
8 93955944 765107535 843685839 101106449 933132821 259641458 465829741 279175372
9 337179578 899388077 953653665 206765784 719179238 871562729 161046642 732753760 285827349
4 294301272 962902256 713367837 648059867
6 453368887 604033027 770784775 389377805 274589719 689965181
3 186980999 702362132 430008171
7 946864977 658097485 356739461 143517925 62733732 621739683 849033909
5 552407871 406862021 92549843 401819593 393088098
7 56455501 221573606 391586196 546947966 973038932 459451247 796871552
2 161571851 325162319
7 485962359 353463145 835836264 670300537 418492235 230608882 241498154
3 993216784 511709995 77011784
7 572044776 658995414 152704091 628774910 659969184 788995898 746965243
1 599499849
1 491706647
6 468214312 950970823 742707166 105372477 175779894 673644602
6 248884772 443610305 945437928 572335275 920013568 465764840
9 440189439 687349405 852342042 225372196 237841335 854267696 783045856 846137330 570683773
7 314590401 125723690 411860090 655509224 958223094 591687912 774051277
8 845787369 896259489 49785580 962483861 850999090 791287014 624977932 512826700
10 737188865 912475361 590687030 827299676 742458600 193018584 692478285 215874257 957902965 536871710
9 153125491 367256502 469234929 486414375 236095947 617370837 27526175 639966024 546125840
2 912879669 811860361
2 381853640 504665256
4 469143268 532207406 671627636 462708232
9 154928509 75650689 983691170 586277988 498065241 38097693 165830216 556624359 784964485
10 734971758 929079923 280282887 844662973 373282713 503898078 398245124 604094665 621866249 822747734
6 590309151 897113954 622446898 165741804 225033782 596044841
10 466135128 460044313 916280158 789646002 489360648 57037042 834077843 649577202 124379998 421124499
9 379522477 554249883 941057763 751798762 343699497 197298743 902412700 823989718 528409875
3 2179649 547980185 185814532
1 282496894
5 928319284 112839448 335470762 21424739 469696436
5 903533851 530388504 812915549 339019884 320336013
4 744698227 392684724 820906762 407937033
5 238392805 311073882 167556872 109899066 324135566
3 883421719 590384774 868548427
7 864977902 650998744 163321770 938318651 515374849 469454268 184591327
9 420502129 245427014 583261141 294173054 655897487 303286811 67895349 852352241 918480785
4 743469552 485344895 305214354 528418437
9 681757331 538252647 625358964 537202918 822671356 321960118 148314876 10323729 206047684
9 27277744 26436144 948864349 339418088 160875152 821432716 742644185 519709030 573607821
2 627707133 801561037
3 237639480 322730826 119704858
7 727005907 848628339 827965439 97659412 731945959 605853990 749445012
1 406191326
3 435963980 724401115 266785196
9 193583465 415240465 566183948 448641048 107848773 593215410 902805046 955484041 237701334
1 505720478
9 155620182 863275303 997512688 724311307 825795471 644275486 52532936 237854720 49078675
1 508762007
5 933091659 605967830 847700156 674091809 481085233
1 436618661
6 195411251 370581489 46412252 537679797 294492151 226657276
5 352319919 189884406 483012722 128199112 661057977
7 452026087 4221608 104172508 213042377 657770280 519129788 146954557
3 462350070 403551396 28757320
1 427574163
4 628843866 623736857 34998337 949131625
4 179715360 523470651 477742242 448400769
9 629014783 610759973 997735596 692608668 362507870 245176587 176491426 673321002 237215802
9 187341003 769215789 78072578 409014292 849638220 275908665 899681164 904983054 14811677
7 301991489 137095775 191350083 106199138 41344447 663538594 722748155
5 35831697 677274987 130024363 579260200 488031865
7 79863649 721614279 666738538 31137922 347872080 331352413 958360064
9 791875731 950771945 604729384 229551578 60416943 60681290 388613985 154714996 283006192
7 579852303 181005307 908134809 30419560 606367566 501347933 21425241
1 17496018
6 107748502 745765481 520510732 494174360 643244058 241452235
6 620736617 825791231 349962790 665474374 531492737 652538410
1 413546656
9 391562722 342426220 911303268 843813229 275254991 241397551 432968371 773147899 153644935
6 158137292 13537903 70584223 163300753 750520230 685733856
3 629576450 608851503 741944323
9 752806057 313817267 847671326 882025483 543775648 138874702 157246659 907359386 283119071
1 127805648
3 871766851 873407896 389502664
4 781720922 770130451 332497144 524635624
5 755202407 499912313 476874372 952826423 993190044
10 968374920 545632996 488873617 615904198 265445478 794585914 190945483 522627082 201484764 759019170
2 851899615 992625587
6 904614553 813872944 226978450 539462942 258582547 561666870
6 627521317 479456721 720343994 536494479 54978877 767454690
7 926653243 533404222 664638075 430858518 935896257 113472713 599059992
7 146838752 502319009 269781749 154768907 808717046 707840982 59274115
8 656699204 881896420 227105342 470505308 215828181 334801560 229360278 805322926
6 49275694 192529242 622767866 980538324 665198675 389145686
9 354024504 13791585 141313384 453395633 490102897 909308379 906025465 113476746 709066334
4 680959911 889146951 830776717 734687991
8 273351885 127827528 923360384 30315220 848132119 583481594 262949026 276473797
6 96595889 380664068 2733168 704577399 82356849 685282407
10 884571336 531501935 434830379 414946602 24230245 842254774 386977477 947934710 421359456 326533049
2 19038857 857438838
6 671788571 161661796 555110288 313063971 751558821 516370440
7 147910884 252283633 236908261 943561825 279970221 348737079 349408909
7 584794264 54188013 818944186 503328443 215005518 533315590 548519166
10 752441373 82618088 309380005 626085000 880735479 560048699 923792627 364014766 983576077 677514988
8 4333910 692591437 927480718 886208341 683936682 319537781 598037467 930622662
5 574214313 637417913 994956053 868562575 230966155
5 504822101 691845528 358682887 971682486 794798544
2 534878017 256862330
1 944958387
7 848303092 14253549 110236135 154817516 534101422 223778826 754570919
5 542192435 178347539 61758650 510685591 546885444
1 225943398
10 935354768 640666875 200790019 341399439 936298807 971268600 432995715 602876002 100572576 488230214
7 542788792 661303069 617218434 74867981 257827555 932548283 808537103
4 92678019 16097298 875846622 762982439
8 987096917 511208269 908761341 913394345 760966771 947952971 537860180 295398372
6 516344869 304878552 666737099 370310821 868441131 19045580
2 100144867 313874699
5 595250346 956061228 985412110 63446627 520610428
1 28029304
2 24787707 58141732
6 897254574 610053993 442966929 52095250 252689668 21123119
9 335118600 808868468 475600059 163899952 667290830 796028680 937111584 809368448 661960889
5 392058799 402713521 762261047 634551243 699440939
2 607038876 557709834
9 566768265 66881272 353363099 945636008 75829437 7395005 971679687 823064515 579505492
4 704192685 70268570 240171023 557006316
2 984236349 389001604
2 523828364 394615947
7 290942882 174590190 196163192 590801914 884901315 109194844 804139393
1 32586730
6 51871623 61995927 764980607 965983275 83534690 166450887
9 234121222 305067768 951403997 170002234 222911888 560502324 121183204 412214174 222979477
3 412611312 996630093 188608323
1 883312788
8 357820455 95796914 575778041 59715877 136284308 364273501 540357480 477368314
7 667433691 869150904 856583494 554392871 222227235 597123177 237913697
2 239058319 43678249
7 583668858 943138342 394772325 735362273 261091092 403182902 826482701
3 24405447 638708854 161621533
9 188800160 575845522 635052027 101581820 784052281 873202267 303221029 105106847 842147822
6 953177730 311870255 658078835 801916663 695546378 700098037
3 882183005 507605693 591873833
2 949152433 416687616
6 201308015 992384529 946934250 808391123 361888140 961068405
2 650007207 663919033
4 234819343 731346301 82502464 14699535
1 191673455
8 486199771 486501995 423337164 966901752 649597730 249037715 931259500 944598514
6 31106137 895977524 882831658 816650597 248087956 724070293
10 885129141 187156978 249812549 794517283 778915476 505789372 924040312 403782269 588662937 289136468
8 8172269 523577942 620863348 2905401 63565216 488230019 719999328 2804481
10 57504588 178702400 453475823 601048699 597842923 62892437 421603693 197074994 220480955 106134220
1 584481685
10 823385379 283941613 377134635 220506871 285294663 347396162 92929440 339617140 288713726 481742075
10 351583988 213582777 483804066 110999866 271764874 5406456 443071858 490482727 675887895 992428136
7 718342435 439881468 133659315 345560207 221189112 49636750 26279787
3 666540522 700196076 128310751
10 148056421 916086956 85617523 810300551 816702854 748928280 494171113 208816799 908670790 268974903
2 302730363 27450464
3 302564603 418584838 541619570
10 30699685 330453606 127717994 591125203 531653498 428082222 764016882 652529288 946449428 745773644
5 978446369 135265982 360111524 352170072 256722352
8 95341599 961474523 515661819 184139745 302522385 127048459 65391263 992936194
9 527404495 927001474 215528923 543325735 861795018 388069035 40080190 132232318 717624265
1 72954555
4 807917670 557290654 137560760 87248296
2 841404878 208317605
10 995074383 214661545 187239355 991952172 73553766 876425961 566422855 970037684 587456122 759721283
9 478918491 512709215 308292004 641263917 171348257 626735395 775326126 901326368 662638355
6 895792310 799559932 751967798 715143941 669701901 558156365
4 159754769 657113490 696130117 600313701
4 49311800 572315862 384565025 911385785
3 647660018 622827591 361576023
1 699097724
10 312397614 186343148 521377380 474453695 759643471 192261615 543756722 109277919 951188685 933035187
1 665747640
9 125266071 256925952 494228769 142700585 809059489 289750285 763446249 265345897 503650792
3 772486361 159237238 391423387
6 115447664 466611564 585538034 914752258 303975943 172729527
5 882075691 811658840 428588675 136657385 894876602
9 783951882 669849439 129083858 457707983 214411997 97849657 283537738 988317205 552240711
8 829881479 996337939 819942941 923638206 482001405 634225802 16083899 855055097
7 889785401 212826877 230651868 155162154 450002245 303053912 173854215
5 69357584 213817417 764992629 445189508 471030894
4 127413935 773867992 483207684 384801541
4 686227893 144038867 415183347 243793083
7 319988679 433318902 449076163 176833261 738918433 609979153 964617907
9 766460623 556080183 421416904 699051629 319817657 950497774 953808866 791642292 855403248
4 383536894 476493653 690331171 73784658
8 65744539 931621159 44983420 219528369 952932501 704249878 655920420 508212180
5 783231247 773511737 759997526 391438361 869071218
9 907185267 869538645 799508645 330067419 72390744 125004314 145944904 967786084 888981440
4 417986973 389935035 549692202 917590316
6 107669017 631289370 708789028 823665301 650574697 631785623
9 100251497 329409042 795661613 854933078 316977383 214038228 514377761 881461329 457843909
9 930073295 285662950 241542498 171411087 797279327 134510745 78580609 179591851 857477843
10 393593079 600386954 557770984 33128895 205262298 876011553 532340178 298570497 788805625 700912248
5 753647291 508792103 339303340 431941960 752862885
3 189060901 370952370 139846842
6 163427277 376667975 681704916 16152495 506011216 239124253
10 87427318 19578923 679310970 631703504 137178948 194397039 298577410 310001697 61342613 36785900
8 479883259 255408840 306772809 330402963 494718507 799557696 148234172 88768804
10 161014664 306464150 550692352 960480728 784048819 368292169 556108031 896146417 514394534 827089987
7 326029918 707234964 546706930 616310441 15023312 826217449 479487827
1 195886204
4 831372974 232774284 658690456 403028222
1 50844438
6 602771161 692559520 476177494 326775703 968737955 773507381
4 688659372 727440187 553196172 580814801
6 322669627 715896170 532250748 863566509 601725383 108611012
1 774017350
8 620243193 189340312 170301359 781872835 717300651 796451507 380995864 539858514
8 254327515 557476681 416852109 296521626 362371119 178449806 376667133 974268685
3 74362540 471447331 183636648
1 872356466
1 538831030
7 212787950 972899855 884011826 725936296 227512928 34016200 446607697
8 461331818 411780430 936510372 13281756 603222621 126413650 79233943 508194549
5 527404430 808364959 892210666 675671999 328985782
1 524383149
10 885567658 808256473 436261572 714549890 917653016 270219361 329809572 837948940 635254690 628789157
2 128107691 153991522
1 585966610
5 74741127 128213985 688512572 426454242 352161058
7 494082295 230912455 36040659 948800907 628336708 898707999 5884342
3 899029252 52512645 313992689
6 190873906 245021405 911835521 347626289 775524482 922653443
10 516007842 160613937 855181389 87536706 526930622 432037080 742576603 582961126 540887735 954471704
1 397325949
1 208622170
9 570913462 798087856 464865956 508067566 143970467 527049827 761170919 40846901 20786210
8 788814740 717706309 23673898 899036994 133016490 530315315 100567894 430889700
5 238359157 160600658 457458566 665433792 921957548
4 794753144 183518199 961465652 501360158
2 463994062 842692598
10 358478973 757129249 203728357 781621973 981199007 369683037 323982583 655801758 98456723 726813245
