999999997 1000
10 999999530 759549649 529783719 499051867 98455288 64193609 540322334 926235214 886161293 792900190
10 386129667 999999531 411834733 617145274 437446119 677899118 232365555 521465192 239137901 754396490
10 831480749 58103474 206353337 999999532 130378351 471938059 507656012 304732167 874278482 266155970
10 558062867 188872944 268251148 650098861 905038151 999999533 159484043 732741361 474400457 369475930
10 616076041 999999534 505936802 319054930 578982427 698226711 249768298 474142776 747734459 21430589
10 459339392 121111386 190540841 60898179 122978023 999999535 857157953 227494723 26810581 27412204
10 83634158 868921240 732443723 655431157 351536796 393593500 999999536 848021766 517687013 28538620
10 213672732 453787965 162351465 809626548 746844148 738529933 762591086 999999537 562758566 328469691
10 970507592 835645887 167436200 232603454 432690924 592562982 603583902 999999538 661495141 901684066
10 992776670 878737346 721454151 658214844 583034135 690338141 257435696 999999539 100286417 131798645
10 412296723 658267885 796495085 458180027 380523782 112078167 196115674 973386472 999999540 792406277
10 845506886 761461014 163478264 181554533 525298148 800043860 327842774 187569075 822378954 999999541
10 514149444 315984983 471260277 798117895 99925010 530914403 238809379 999999542 33424752 975308733
10 402854659 612130157 579730475 388347053 962881822 999999543 926867235 178173299 664550801 634858536
10 999999544 200926970 235981861 963775127 110628414 724116495 502154918 932008260 192532160 935033124
10 89813578 999999545 154959807 536691081 405980582 383979814 728816885 62073045 560491281 370792196
10 999999546 767649297 568604164 45267779 246394350 854601955 964117811 67957339 940868296 559644421
10 354068138 999999547 659400334 536850266 945876070 123327582 514069372 196337608 688012031 346764228
10 590294143 646867438 905939198 149946593 115851651 959867970 999999548 231294515 222550201 831868104
10 446779745 344748348 285615767 538505818 255871906 185050227 818070711 999999549 48675694 843886579
10 115987625 287376819 888003294 999999550 298633460 499176601 94927409 270397760 25486537 690904144
10 447127252 282874974 916005325 999999551 641294737 735295784 744452980 562023204 302545510 990907807
10 210445049 777304481 46423698 864954600 436911021 917376889 884784683 365060651 999999552 256464055
10 796638603 970075747 893308348 971140256 414664674 999999553 821579429 292970264 3298605 898451650
10 728286936 551944517 617339661 999999554 774901096 929039753 584874759 946117289 95061220 200424781
10 990457389 487950770 729666885 691443918 999999555 76583562 783253043 427858094 352020405 444914107
10 210358173 656582519 80581947 299142226 478753134 74991523 325255118 80996094 999999556 160366384
10 985174184 587202399 967621837 440815121 854241730 823695251 770113050 416943556 999999557 554671456
10 933056543 779417830 694221555 945113926 746163100 178361291 516081017 999999558 424264149 294078793
10 753071575 858961719 18177042 663558596 998410777 794988846 999999559 818811107 185599454 8404094
10 781639334 655014651 999999560 439198741 254234990 416860433 779036678 648899252 614505708 608396734
10 746560415 784259679 718104703 181428786 999999561 842740296 316896551 673432951 743678201 107993875
10 999999562 121921520 334724071 552431576 258980250 434658414 920821844 242686778 558769697 967412198
10 287534835 999999563 207821440 548052057 120048113 595809653 849525461 878246511 423331072 527008580
10 195754410 915680068 967696413 590884012 224806131 999999564 307737021 34491717 178286076 57510864
10 863622539 135240475 546128777 512662298 53569959 999999565 514463826 675782285 230899341 779362858
10 9643425 411572714 999999566 830707252 174390941 248223650 580858116 709888750 582903025 224948343
10 76466303 515605402 136092605 999999567 808752674 432906933 160501256 688757009 937924969 656254531
10 592202607 680412363 629287525 994158072 999999568 929029669 466094306 6672011 95445983 649920323
10 725616563 662098641 315392475 788193091 770956537 999999569 536311259 367729910 549409120 883358025
10 22509653 885365270 999999570 685237453 511221891 25872897 347449406 372795604 744873128 370545784
10 382886723 857593214 201163274 76315979 999999571 546915408 948079803 797670311 626015229 125902111
10 245302284 934357813 663072513 340301025 796645713 667566353 342858740 445624050 239639653 999999572
10 199818777 12000806 33404764 265960575 814401827 513956798 112118914 286434783 283094002 999999573
10 91994872 906640969 18118851 838337297 460155764 972925031 999999574 951812439 800268238 364682291
10 25060783 248759687 584696285 452275667 432486592 983565113 699828138 703865208 999999575 480582920
10 433488919 999999576 197541524 994083731 631129195 64375235 748012045 857343458 127269118 775267530
10 573974630 999999577 560127393 388907181 698651763 706082543 894938797 838955485 724433651 374014836
10 999999578 50002266 426433338 67338037 518704012 896361668 522265688 889320027 409603473 764423502
10 999999579 95852516 925472602 350182523 859064626 191636309 809311716 83378338 584567741 316795949
10 114856152 310940027 182537524 999999580 784349878 51265241 729362017 349739026 784692667 111736247
10 178117996 103185253 572563893 999999581 351318648 608030705 971711269 232302310 319741792 422146726
10 910218224 418293023 999999582 469304847 800528225 538326015 753953771 689446549 55439283 177807543
10 583213906 568721063 999999583 969965349 57090273 481917983 622930920 346024692 341339332 37008586
10 209789200 224690742 901981911 173536849 975776094 999999584 217087755 338631988 881816530 296754301
10 426438555 87722792 200026212 350749696 87645040 999999585 122741627 804522479 302113357 578575137
10 61641848 968970132 864405251 999999586 244759118 892575130 211695029 725261556 75544207 848650138
10 981700609 85565949 876297469 518279075 999999587 299543297 358545173 979513471 675003605 683563297
10 826498768 492908180 597854900 179012114 318404998 841141103 999999588 922547330 819470023 577582338
10 563053534 734788074 643287492 395069608 247693979 904809924 286067447 513289941 346246125 999999589
10 705428488 829791218 14694232 163606456 22820950 137844381 999999590 108488491 993486793 752292360
10 902771982 9259422 235676472 971828265 365186465 627632065 54534666 999999591 884973232 306036418
10 757569143 999999592 735863022 116257390 345143137 66173141 478351556 130179403 221642940 979603196
10 879881313 888577828 999999593 909229589 772324221 620995605 514590614 737112501 380199314 857737709
10 999999594 642296619 83889113 858998345 499176013 836043528 504458735 861327944 758934770 403121385
10 999999595 648369719 784025144 325077027 220019273 350309368 175471964 953759155 37597889 928449144
10 244474354 50281406 645395860 561855550 999999596 705588151 268130775 445575811 985301556 346466569
10 634322255 635765844 950405381 356508556 203226088 999999597 730695514 328686398 235624688 514524550
10 999999598 548980492 249547083 345364160 828814672 212677274 984731224 941448998 137561176 503506089
10 277635852 773514779 18305156 999999599 789536585 12297971 57292192 924009150 285454093 828390815
10 101911971 133973933 27610774 636622260 337043230 999999600 258526194 655572255 340045481 670869698
10 721087739 771248795 410139830 842948043 450742427 504979088 999999601 511626021 632772059 59972719
10 225178617 485915173 683554765 86534892 198841935 787016463 999999602 28363130 1233566 968603413
10 623283206 192442505 546470691 653511409 195373542 361472767 672207125 999999603 203980435 36218023
10 961397837 893858486 370332400 995705003 947899836 946826748 605905176 874643461 682394999 999999604
10 289451712 42993250 473463595 99299742 376675339 526324726 100926445 529787230 999999605 43243964
10 788181194 138433472 35974133 699516896 148568840 686444216 660170221 841230387 880475938 999999606
10 746591648 528090874 723822407 184827408 877745783 288315591 431817249 999999607 448020041 987364231
10 999999608 719598454 44338976 774067463 500287579 390537565 551533173 303589411 927359579 995979811
10 887066143 429631209 999999609 513168597 847043832 270622951 133430393 271028973 681960776 897387826
10 999999610 911262626 71719285 499117899 920129551 984099008 609798594 944134299 579520005 584773493
10 999999611 109374581 540005832 230964163 601927112 798092712 671542253 279719856 699340513 84006351
10 962196760 359660893 260217521 517463092 95335674 977442999 999999612 270139730 901795465 790445698
10 553232408 229255071 86724206 999999613 575640872 786001230 891221255 633559996 30486174 823037889
10 930125282 862995315 999999614 695294596 33475064 633264617 498932282 19816853 191709537 625470777
10 631202845 202547904 991280902 677593104 999999615 774820520 808083469 428264129 274819372 436116385
10 19615849 360086836 822625597 292049517 266594486 373301621 999999616 868030343 433924935 737715159
10 17917712 299380812 859172077 306815856 835673334 38547814 999999617 1077627 394674829 601754737
10 352147245 9547249 252329881 595906871 985679638 794625274 793907061 999999618 423726701 891142576
10 482145165 473025762 910019646 84440012 219839343 68756830 999999619 262106869 110818148 427134330
10 443655201 398876999 231329464 121455742 306730813 814103232 740129483 708256641 999999620 723933705
10 668717419 901653532 564675130 753923931 368445042 905334465 149695972 119407458 134350255 999999621
10 355651312 264267863 460310280 113112052 628528252 539022571 426133549 999999622 644091099 418590364
10 239955326 334085725 832095586 76314256 999999623 124669859 842386056 970042191 684780959 579980398
10 210965891 999999624 28171166 887651051 500834526 968737929 489686296 570068288 558768995 255983804
10 312569059 495353028 999999625 305543557 471834028 501932544 965457936 111720483 193289448 268180257
10 999999626 213430728 312526902 945245536 755178795 771459698 299206143 29412586 540708673 457513049
10 654950041 999999627 569520307 136700151 929513300 136948988 192501536 800305560 380445969 905273947
10 414744217 999999628 448360769 412884087 683337857 433422873 858183371 705272484 358705663 191742931
10 326205201 450117684 989228566 176947114 335163257 18846283 934597312 428940759 999999629 319557111
10 920247547 999999630 304500034 718415526 937353958 293367733 972583186 168991551 276931838 647055422
10 461251215 480876088 384952242 999999631 803501729 471821976 10764924 530239841 876473744 814263271
10 761147791 892636646 391281942 702889100 532307587 999999632 503775932 106191288 611114113 35633040
10 854908965 156533157 104774111 537135312 21846408 902141488 963343726 685100914 281802460 999999633
10 941978101 655369826 2739754 786116527 267251080 654989916 156582882 999999634 938327527 967902797
10 384717710 370609927 148069072 194053926 775665132 621799079 999999635 403886744 308209044 658775210
10 101183111 706850704 608031711 40771485 683973271 854233324 963576888 487783883 999999636 791761502
10 447804801 363414987 740658278 440508311 54422887 512302242 86292088 690828403 511996522 999999637
10 936539730 117087276 277097036 586039414 125732228 999999638 992704119 451278905 192831040 985041224
10 666311751 819084934 837549137 158650111 658126550 999999639 47825908 743277075 521409771 409698100
10 999999640 801396758 755661641 185862273 798223627 528259781 676535209 318977353 781939408 748236981
10 961633011 525744212 999999641 425500399 299730251 123262719 460911503 224676397 303970339 628184703
10 999999642 5188351 897108872 585685452 818909833 12675897 591320628 489580581 39805746 99574832
10 999999643 936878118 292461740 749230349 10746838 299699178 541808899 893861469 922482407 516611094
10 71000874 999999644 632264985 844847100 288764702 438070213 627552734 126137806 118837375 310343811
10 473717532 465290394 488005074 906621564 64168389 999999645 226214284 776455198 312017891 80066142
10 899757858 999999646 593590805 398774803 217490734 726014796 973203451 74888394 915704745 652067504
10 471986209 394879993 364413608 628351026 387506394 999999647 758078102 502157170 890591048 941079464
10 485049401 977160783 326873080 751722138 999999648 625322591 616885209 68851095 837419845 544494539
10 523153998 481616148 675271244 22977962 221938302 53342475 602811304 977074596 999999649 477071361
10 598954483 430212135 766606757 74704166 789923635 999999650 241086419 257668070 971948656 298355590
10 470027956 779613111 646483130 462657782 149166194 999999651 856605555 377529533 374154195 719818840
10 19890895 552157914 785553766 222968799 748246479 297692949 734019292 121640636 999999652 171973327
10 971135619 733034352 693232850 963514221 835598554 913798098 586705231 322779717 999999653 430923872
10 399139802 545548596 96429806 557868642 688209937 536055066 874523834 999999654 641512832 519749847
10 325421396 871139209 726377106 889776129 304246376 424939336 578882189 473844194 999999655 227649694
10 380310459 997741065 999999656 643361181 355237065 890257654 426997397 191364893 121311233 925668855
10 999999657 329783451 912708098 441589268 975118727 925601681 495695335 501001568 117058535 790179830
10 999999658 545414914 387460361 422347962 719476261 523833758 438336795 110007138 894033013 176620888
10 999999659 28874746 490387129 193543101 383327309 877934028 831013184 134862736 297877676 832306326
10 328349014 999999660 682790779 9217765 51084034 30510538 154418505 197433482 174113919 611116707
10 933667558 108289975 972784584 722721062 743425865 443221357 999999661 902611525 194071128 629363497
10 448183622 270710722 147036658 338464189 999999662 272933154 142369189 495783412 954724444 891695995
10 284676613 902011345 365755582 345123137 823810878 999999663 865290388 186954355 289457835 259230718
10 783603078 971343155 575218447 679953214 265458107 39966104 146912568 999999664 775444499 117767385
10 135200446 906667259 449330733 899313356 367574318 340212783 991280060 999999665 453687025 224025878
10 746481583 32777552 16644667 834104993 999999666 301634595 91405625 400656271 135391262 316468803
10 747295466 790798518 997454502 375261992 492605227 999999667 383220302 650312431 398657453 925673138
10 260329380 472623626 891057583 379055588 560037732 97744340 144627254 809334087 999999668 402503858
10 369410997 209560142 619202798 350751664 189805161 502223333 357206166 694081922 119998633 999999669
10 60689775 991004784 978679444 965086196 20377982 999999670 532361799 478059937 850755402 625146717
10 726400075 388871597 421836055 778438654 643971976 481909618 491956841 421621517 999999671 287633305
10 359735488 7419440 999999672 426682028 900571806 670278500 111310046 582663415 681251158 774359866
10 914689893 71489714 755519114 362792701 999999673 351822781 785670787 954890621 206137475 693585784
10 999999674 17905824 552445711 232025008 331624780 114892369 575259027 483104998 679351488 605673382
10 999999675 355441134 769713377 710483994 505227851 242843950 175067607 140906476 286841797 958306064
10 664900993 285403200 192746030 999999676 931888077 720569685 356054351 518542831 245370167 190958954
10 999999677 717430698 583422445 349066517 951899554 473729459 778981217 457295070 824353421 263856069
10 21499195 996559349 999999678 933483415 419210804 30867805 903882058 99211554 804235491 600812801
10 34294923 442835893 440076203 735649448 825414528 999999679 830505003 223478393 588357708 753333113
10 408818175 367488547 201682033 414935916 724724331 999999680 781135717 777488524 740036656 146914413
10 176773192 30282719 958065822 765451530 107608560 999999681 950602869 444600748 487085269 625685797
10 230648334 832226761 751707901 359226175 230812998 999999682 696991331 687972316 293986907 434766661
10 312763829 44274177 499165635 867623459 932483059 597262318 999999683 976521245 411890005 618362502
10 98872928 205723910 563948632 185625418 71159015 558096457 375434011 999999684 414090272 777819682
10 117940864 877156016 819581137 10616651 148074313 380077996 726350080 678102247 183091687 999999685
10 340509003 335535887 441481923 658034704 725333715 890905891 971250622 999999686 89536362 871845577
10 192630475 885537674 546610583 137499798 391240503 202599866 246673945 999999687 332758267 364321081
10 226710211 572915847 999999688 112392737 579196630 389143973 687217823 409960549 901534032 146211545
10 229301642 356910758 82344329 612157022 572498893 999999689 485041822 992066127 483088277 582991904
10 999999690 203771077 129431588 533515999 276586331 675223973 448630295 77007819 260540200 344485015
10 999209070 999999691 573884501 882891322 490690407 855804875 602984537 8216279 202467386 423920952
10 520567399 926231206 509378633 999999692 832706004 678836961 514366191 212291071 181701247 572262674
10 323226934 797081697 999999693 417389976 241604301 152065291 598362705 760089282 927579796 815283814
10 744079816 199189196 999999694 39329820 231252670 676001879 542770500 323608119 643678259 428473558
10 600212182 830128440 267400180 999999695 135943069 763833648 846534079 257526482 642076526 175908032
10 407479757 65773214 862808699 446065249 351247127 999999696 628670530 720969506 321231774 989294505
10 864635529 97266142 522265735 317338252 920730663 513278639 999999697 666052104 253573366 185783276
10 837913969 642252827 327329237 999999698 170708548 227069760 273797832 688223007 296669973 231156890
10 326833386 137635078 813999143 887307175 867283444 135580450 999999699 860798519 48447161 460843417
10 818799356 386562392 453592202 204126048 999999700 489404197 401007368 291564574 320193291 484757723
10 648309668 342677164 410137680 433336983 948956484 278533825 430372042 573404049 935210544 999999701
10 180028859 45912828 990375783 86215985 712178390 177114918 95349318 515109770 999999702 591334466
10 707449385 707496127 967532462 559650588 601551293 277596322 428292395 999999703 323479770 613783560
10 916919463 284361554 999999704 897768469 409145259 665559187 79175586 855000109 988927823 630552378
10 479651190 608945498 8225519 999999705 378390827 161008654 134988418 480233749 358570533 472605024
10 999999706 166753697 828827173 352568839 35133581 861880745 497160920 912263548 744516332 308194000
10 999999707 950591867 114117310 753787641 698248523 717821036 843834254 828941838 922649541 116297027
10 555438456 874870641 999999708 793165633 367424462 66768512 618977311 658462420 223997813 585400760
10 615698786 123312875 586527120 178395495 999999709 10340900 876651145 979050946 366358077 145672018
10 569126556 409899116 673047310 999999710 698185721 906272353 223244888 400259987 30086918 183457569
10 329608645 445874019 220406802 624760734 999999711 232504942 307338861 454712276 624100749 968276697
10 436869579 357749094 963237983 609064218 131791747 999999712 994172475 178057408 156007968 372080224
10 563668024 104665662 73058655 907213783 998251751 745879228 999999713 22059004 496426954 360983483
10 501703831 926734573 464127867 928325857 434265764 999999714 870472010 868717500 77635740 512560034
10 958395231 941961172 759427588 441421928 865366636 832458326 456354683 999999715 155189945 990343132
10 934296368 824086399 929696495 26414406 807704627 421793395 447820203 542645266 756837671 999999716
10 899681888 7382642 237109106 146411049 995664958 994043223 365212254 141414960 999999717 667190363
10 745339065 622363135 940467561 891118935 390672851 999999718 161785273 791888174 987206250 548817209
10 294885921 284765386 936821678 254799846 88104522 326238798 999999719 53131620 796494550 963905339
10 17016451 999999720 726047701 136191066 906129700 388056966 240404739 55114335 660797150 591159872
10 957279662 846818888 241133821 999999721 401611256 546177894 942530006 292624828 231521041 771523938
10 999999722 292202601 976011881 475103239 547707859 588268743 612372105 97342769 627838562 950883122
10 865031951 359887731 999999723 289572897 159641286 959904851 817297070 687331775 401418596 309307059
10 731487866 10054794 224748481 999999724 304400723 499010633 383252910 829596296 285305679 941746350
10 864197507 462798336 573701492 828601797 354105565 999999725 462413032 859567740 896782987 86607702
10 507156328 999999726 311591748 842002953 554606745 506233364 265070533 919109365 161607599 673497802
10 132582327 88322865 999999727 823367684 153921707 361830184 694886023 248924010 97055910 84654020
10 535755708 176341601 290850899 722881443 852653595 343654386 999999728 591793181 414822516 250474640
10 979179852 474059906 934306451 618368349 986413037 605998071 999999729 244688009 29137937 858519541
10 596339947 535141255 821895774 999999730 99183265 581481776 607872752 890067328 698032518 143255142
10 982421050 141006931 450008500 999999731 277005147 541512428 606263071 528051204 3412426 326177230
10 206906167 386545593 610289333 802656673 276386927 105222530 842900548 220292698 999999732 442494624
10 434327443 98370572 875435821 952175669 965029747 433265796 760193922 85927281 119927723 999999733
10 661934532 181023003 196639549 294597834 430703540 848446936 73051377 999999734 570434430 342284328
10 151763082 952881359 517276112 935894430 729086078 569377467 46563594 999999735 965554995 56855469
10 902991554 999999736 835217210 56214858 399678532 1396082 958653704 124666434 388467963 158880518
10 169109462 999999737 738150347 976797004 926509340 596400794 779210310 496408910 932287386 426441413
10 999999738 446804435 216336781 372581519 759268029 307553289 736303645 814894301 802869045 358241477
10 999999739 523919595 732096035 745670064 418943534 533575530 34614248 187162363 137071397 955951717
10 70887465 151136512 461405922 999999740 267416758 798631292 775092090 820413854 212237515 115495325
10 22672344 352406288 530488988 161330382 12442792 865280005 999999741 47125060 128513510 670855602
10 337008662 427537705 999999742 262732604 53891376 999049803 532643940 314517251 225726265 161325186
10 255293589 999999743 339526233 811212316 605675777 8219492 247884397 50057030 33285604 912455325
10 828109322 993517430 781753578 465769526 969453886 678887214 942035646 999999744 126010040 68053730
10 194835950 164726643 122847286 704100545 18917254 50490245 999999745 364246782 596194949 90801814
10 684611294 316692896 822643960 785347720 999999746 445754088 11016179 740650750 877317478 713682055
10 729220660 456884862 101826982 999999747 425175851 809238848 58784653 436843252 54030438 941143079
10 883513657 167778865 851678833 91490945 597646200 343087099 671536461 999999748 667805043 976752774
10 88028268 964660969 821773939 292538263 833994655 649847760 211517312 238323225 999999749 143931803
10 323523465 715307571 390313398 528454808 82208191 959757582 133664621 418252660 999999750 968098667
10 791557374 982231226 683960725 988631353 629334774 499789021 831448119 999999751 617487443 33084470
10 974304466 999999752 696361859 670539460 243399269 524132040 771062816 253417071 378273666 407004219
10 999999753 497876680 894408667 171362002 698934637 803482142 347987297 294638496 791697519 298326359
10 999999754 547130348 817700302 322578969 353547130 410492365 205338342 755730967 642897549 947951391
10 697476274 324289428 999999755 929160704 338767010 463291193 74602329 607790721 412137885 1734964
10 841054161 572577589 999999756 431348802 910214103 41530480 351528217 502612638 641747725 650578938
10 938733633 876859383 440642759 288739315 999999757 393102086 836024236 109733056 712098524 634078676
10 284890634 550598768 76202761 49115214 999999758 211498579 727121615 856090975 288278580 192819824
10 565987112 999999759 523970205 193417872 296982955 49887536 734547362 779594877 595424641 17620179
10 921186296 982839520 354646887 561581676 924276927 999999760 768143204 552615997 232238826 753512711
10 144088626 418283658 178228137 294614870 828139189 78689002 999999761 105397364 778505995 516354249
10 713578890 45133379 6928858 383117089 114447893 999999762 838751411 406203768 115001829 869656202
10 224092811 486693922 102828626 417169195 999999763 590299462 397708943 141695497 623865506 96786491
10 958439763 983332138 213029924 778518976 122741257 184479236 125455008 357141077 999999764 48325375
10 917252172 388958460 401214189 578447602 913138996 247699450 32406352 589515325 230501827 999999765
10 777568042 952608469 620382508 999999766 88517930 397650974 358458608 137696235 395777289 129848946
10 936845333 585796025 366008981 903594573 18760150 999999767 511258868 946115082 990250569 850402687
10 999999768 580007600 684743523 459281222 295978466 598609254 271064802 762197491 729994429 133144928
10 746963079 999999769 182250015 110520501 343950982 96962112 226064129 963918077 2142873 613697438
10 999999770 934429554 916698386 169015251 845634004 667043401 432071245 510289028 735419338 412472650
10 999999771 972195345 683196766 369475453 837298784 398023249 38605444 368458507 764796232 849205856
10 380012087 665945189 828229929 333665702 694758556 999999772 309806705 235603500 745748072 566197041
10 494353495 595679504 249787376 722328712 999999773 146672230 368880929 423526275 99585921 354258019
10 699694852 11743090 23758392 999999774 316597402 329539379 235575794 290314279 874002196 601288555
10 675666149 526709637 834786579 523244690 999999775 728473134 96153106 322283982 919100084 633225393
10 277756172 112121949 404367145 818071607 504447892 873065855 649253275 191557587 999999776 325245176
10 213262950 922063252 819992708 999999777 636747128 831494307 406708833 786013492 988365959 744669053
10 208774609 112105723 953146986 629278997 581753499 999999778 100216753 638187040 195587441 849640285
10 359919440 975575827 219221860 138390569 999999779 396366793 712526323 352302467 507318144 671366411
10 564524964 68426886 672956958 751609528 685556084 677773151 861188367 999999780 571340738 193885169
10 896561089 528624720 748101749 853120826 135779458 905604655 662522996 135699501 55825502 999999781
10 402779905 189224021 448786284 235831834 216971483 999999782 4479464 566879269 820452730 525206592
10 180350863 215814730 289516662 130450145 839953017 252162093 78725787 916481450 455640355 999999783
10 185951909 999999784 343151958 396030713 376922419 517141670 687244001 605846155 900964948 618204023
10 687530746 634432081 999999785 735049724 795872917 52233496 426179472 56901406 250830831 829914904
10 999999786 150651000 176898655 499851934 210112721 549419158 377533129 605619570 421308288 192941454
10 938524096 848694230 999999787 720796628 917105018 530810144 200288004 919114194 316772924 47995665
10 874766257 237873295 381771348 999999788 827622994 409078346 227302406 815267017 247352688 655556412
10 911014909 804106783 482103519 22050644 680921283 401191759 999999789 397263716 665882649 918614554
10 904774893 902117732 327333856 999999790 184498139 977844221 376817123 360321680 667420387 314386870
10 836580108 126569215 999999791 540904453 651169145 613661001 26761970 107287577 95121684 946603539
10 339422015 723445800 788456183 560053752 999999792 914604329 489833865 865617108 669835458 102252919
10 637051900 96598389 577886564 412452028 787781069 199626236 999999793 843252174 420839656 733746642
10 219064013 54890562 800412066 999999794 20588642 1202280 372760843 727096715 888558763 181143249
10 481545555 378156622 17735594 315615578 156693038 999999795 900173244 683810207 485774362 543277310
10 50744471 525090877 15975377 957062220 178927570 326087589 246392243 142685948 999999796 702951032
10 160627971 58067442 430047397 980891581 70214371 680970506 888362845 620008730 999999797 695242399
10 324422903 126927122 352106008 483654042 329722829 999999798 920598434 188579987 298113754 529306579
10 295036294 109009226 387940887 765887822 212028506 981721177 455626402 910090053 756103597 999999799
10 415005149 986066663 999999800 46832168 372763443 724626409 355863231 914033078 112621611 756787110
10 11957174 657092203 136821206 777941308 999999801 751312171 487609174 937618187 700007730 73688731
10 999999802 141609141 187934692 27334392 248800638 419144577 573141074 7497033 95459631 695308430
10 161020088 999999803 771015525 693201731 592884356 911367942 383828853 380796810 441518569 947498690
10 444686433 392154413 968074609 973626683 999999804 898294716 869326201 212143359 80484048 286080274
10 876370046 25292309 637836993 999999805 403427026 236389610 799757014 331097746 681341250 479032210
10 273730577 384225684 999999806 168932583 303692895 996571665 922029884 774561 144287940 822876995
10 398796772 795617838 999999807 318222353 127506319 121663913 785579576 790332657 800521213 538636663
10 820063872 543901098 853652739 945740780 926723256 554632649 605169067 999999808 386051359 767764396
10 56324248 395200712 189113885 999999809 39101503 5002705 867709653 230892062 742633452 116375712
10 595893157 199484353 778498180 29221369 18871339 999999810 46549502 566341483 453779126 873373029
10 801919756 671328592 358837990 978416103 999999811 600415536 479595311 993556595 601734962 460848904
10 439734085 575678947 88158978 560489663 685134846 929428841 695533960 488938153 999999812 288811593
10 427134005 430945917 531968800 963770135 739580146 628681025 434726098 899927871 709738035 999999813
10 545580868 285173355 103484045 644958470 731703323 167200062 625623473 999999814 274095609 96224547
10 970182578 951183908 922000337 308816782 620673049 234439715 133056948 504622904 999999815 948408824
10 809771332 999999816 180714097 809456585 70464250 575438705 741299890 953296684 326055392 7053956
10 947684285 999999817 669202832 663598968 485133427 338411671 672499417 622195112 699075990 800732405
10 999999818 222324417 59145268 161822230 923056194 263518290 658459109 229675243 954822116 916331923
10 999999819 185741795 436969342 668845800 290066348 562770364 609650223 949820502 629774421 529218741
10 8927160 661108373 60163284 297592654 999999820 776725267 834399015 251726207 597355988 693151422
10 767425052 908727951 160005183 205009358 872398057 999999821 326998197 764240629 434267577 254274266
10 370059486 751065895 999999822 763011596 626816372 866317114 979540873 653822339 416201957 508935082
10 345101600 719651908 136080125 506447405 778209222 999999823 173985064 358243139 863047261 782668298
10 960689298 265898153 673684439 72794901 965222203 999999824 664810301 147754755 194889602 416396174
10 445191389 92690723 653498582 579863830 639226622 240331931 430961030 999999825 256379412 134718712
10 47096798 312972694 797971459 600493433 175145493 999999826 374335941 126447906 924942909 480839190
10 688150196 129990527 607897326 696271334 973122198 131843132 999999827 547581418 513890108 351306413
10 146371627 106462417 760604972 470437792 715633389 143897353 820106570 563434808 133027216 999999828
10 653095853 696407715 184167966 712362576 346401869 673555404 244600473 999999829 252276678 930657095
10 889596724 400755316 234238111 403128860 999999830 812523090 363724513 451223259 563035872 519763525
10 286949883 876414447 634801909 990948411 144058266 656950228 999999831 590481791 421904843 138555629
10 313990055 489382459 620696958 999999832 388705657 742426547 643762789 974264009 908211630 810361745
10 647301797 999999833 772058160 318346604 662469129 462826161 327673182 615481493 310190625 888551978
10 999999834 767734066 351705894 256929330 982633768 187459061 183933423 489793514 753410198 276100266
10 999999835 773891908 146334461 181568309 697071339 879512251 261419900 51389625 526313157 975916629
10 568429137 473445258 851565554 221493991 999999836 410745629 675366838 405802217 714476635 801159838
10 519242866 446840257 307207291 180042413 999999837 930830252 288097735 430066014 798539460 962979195
10 459238942 637083400 19412202 999999838 242672083 406959268 152862586 92709104 454142264 568279634
10 952142833 92511376 590009422 933873293 999999839 110168697 339678262 289264823 357554132 652541976
10 771880368 953666837 788015916 835203742 629003019 999999840 657696969 202124642 172165644 901824863
10 862178242 204452843 86792420 114322760 999999841 141172625 497874976 364102382 547098097 462495007
10 487827427 832019446 723661539 271777654 880509935 236252881 357615126 999999842 579086441 796952878
10 574529548 218933359 769904197 999999843 894538779 340882106 703609115 805822987 369869623 375393486
10 399726080 923886965 385745147 799160756 145029298 387562798 726723241 380129474 999999844 603589621
10 765590035 846104173 803241155 915134316 651298840 696482431 653499374 999999845 401820572 879049530
10 191773758 813868768 965902673 460715965 520886677 565281451 873847470 999999846 345361401 420774715
10 75962514 981641764 598372509 860536560 537434563 29617672 704913448 999999847 400899320 725857086
10 999999848 806938586 178905179 360781862 463389913 327193353 842314014 169895308 216682775 856151848
10 999999849 809950835 976644782 534889449 313084 454035849 451219023 393766260 112474904 598197960
10 999999850 688105265 16821063 818826134 952801059 551795497 881010191 355524158 786722347 966952717
10 999999851 803404275 880489768 362984081 733543518 180871408 151148296 115400523 713340248 91153376
10 380165576 202528035 998912840 719915050 372667746 999999852 536969563 360616980 252017774 885265065
10 471610559 704211210 898270191 999999853 630006004 955752894 471772549 216512265 428833169 346057006
10 862905614 787608321 36321978 999999854 161960690 674761231 763192570 767382602 225013925 117944811
10 999999855 412046986 228787382 61818570 909862940 806898240 946982921 365048521 614818008 814797375
10 512624574 995281040 394665589 7757874 852709092 999999856 981473370 554590789 464534683 809147749
10 700308621 850144301 897150280 263130665 526866080 446195824 355085618 999999857 969912676 611383790
10 711528090 999282140 366404723 199449269 294511786 999999858 858740854 623115498 132183421 646692036
10 219940892 204121064 376575680 343789401 826089304 478401109 999999859 148871605 292214593 177621706
10 93235246 7317551 136511186 857273257 107267974 291522451 781452097 809771042 802555663 999999860
10 209521404 187268125 480393332 9561515 4749698 907112364 333047863 256394566 999999861 742201346
10 517153171 63120803 918873093 935252524 342131591 464194397 717482692 999999862 592882154 414512090
10 635104648 43681880 485129791 627023482 588653056 429385741 999999863 3109154 930486632 897392994
10 293683040 999999864 220727291 518047220 192606335 911375672 474134152 496442397 68190155 429736753
10 999999865 246400075 740415220 84755483 300486623 676506315 537345166 389739025 479476671 600062127
10 999999866 243379057 220015532 495999157 664428706 400736392 22837536 703482915 341431191 671766036
10 999999867 90276547 82664382 406939291 101639346 726377175 484026916 638176660 359391030 660600433
10 879595245 149771084 924850593 776778760 712313328 999999868 788623430 767048979 545400191 66534312
10 964232297 605491637 518638141 71082537 999999869 389114907 393895985 530147794 316184788 784392013
10 536295124 999999870 550711767 213408557 770489078 601435938 277200030 351764667 335261366 39271112
10 3980189 90007487 999999871 611084218 432056103 994997783 44537533 372265021 908881281 660104853
10 885531656 526431427 913759712 857860998 667183372 999999872 892361054 847582651 852379233 829435519
10 21535480 686414840 948492669 222549451 634935408 606216088 999999873 958768249 655131552 836776444
10 985898272 902345517 5045306 523561331 999999874 587936963 23528317 911955168 481002950 765880633
10 527475968 976872313 943613903 381150181 224565850 999999875 438916528 272616644 633606249 766931769
10 140319725 761879593 238271250 7165647 982664629 855759110 472982281 908910437 999999876 68056256
10 715479013 197655926 135886011 733591946 857440270 939836547 832111326 397320599 538206810 999999877
10 169566234 934820250 305031818 468329311 830493015 366051369 178581404 367058107 597421888 999999878
10 298935041 327538102 659082027 496094418 669536578 303885542 795831475 999999879 394154768 62572980
10 194770698 999999880 56081875 287425861 973537822 767349207 752975229 38544385 845060707 964140810
10 651320851 552961492 999999881 969823417 65220452 124718997 911954865 928008602 551193521 420682045
10 999999882 813379179 936159710 784146223 237894347 618159406 224880913 557702779 15928590 846283806
10 999999883 446846720 915170879 321266581 121520618 645433214 307529187 560429721 472735298 269558718
10 322404374 992413268 972512196 715766652 999999884 534819302 676153460 543547007 611052134 366985936
10 764724452 604634634 999999885 205622246 876667943 880360417 440199175 343343660 133624728 415298015
10 479023116 936059769 5053646 999999886 379075292 105667289 179371558 129798187 223894528 856879643
10 229576495 141259080 574867607 403112691 999999887 787186285 863968086 285097124 353688155 981935752
10 275695306 708985414 679206797 305027849 767284643 754228909 999999888 545220707 320731251 834007098
10 479492551 745645957 4987225 991076199 643267666 416028836 712961526 999999889 489434695 397172883
10 518978846 15550011 999999890 621246383 396494154 184102915 853154112 769830504 306870407 263909029
10 623258454 451641198 654964463 60743496 525839521 365161653 423956306 850486758 999999891 194350300
10 341317560 657054827 383478125 904365329 365799515 220316043 272101788 999999892 766939288 138714123
10 50966587 627566484 880087750 133610306 398119998 795313233 998175993 599084604 755938516 999999893
10 316466188 135661844 705147189 288842100 435274311 977532357 490488970 65977927 999999894 664456948
10 688737277 281051794 558420827 948707695 564698525 142648391 777095321 74942475 999999895 303458443
10 868826985 999999896 416331426 232518447 793820359 122450020 907439055 596063165 811872440 448034762
10 999999897 37714348 666482604 719832562 184906131 64688691 798457710 969726214 92564174 557715232
10 999999898 214780093 601589722 414900953 822562675 341814471 635764030 189009006 316282305 254878415
10 999999899 866528482 865758942 452968219 782373686 394938031 806095396 234480067 416390602 937399761
10 469082180 643076976 357072333 855709092 999999900 250924061 51800076 384603847 371280301 606111325
10 827927992 993834159 234281971 999999901 306479612 683267776 988950136 125203130 632797273 942878572
10 695761272 852847812 388307670 999999902 605849451 535194302 918151008 988847530 331978935 75146293
10 998876681 495726316 184932436 528808679 999999903 480059355 957796364 434390169 698332321 14958715
10 762097550 884891705 23862980 999999904 716116773 603397884 866917761 185169687 831067863 735129726
10 198565269 998881817 899159178 191079553 473392835 558377212 663575028 999999905 706257972 843236511
10 622982881 894443601 998173197 794106422 598190548 247235275 675877678 999999906 555007560 787453745
10 344449510 199111082 959694006 203388442 548304137 999999907 579818358 602160975 355181040 206878985
10 327935435 3023950 375659749 288330013 45431606 994318350 776850929 999999908 152880546 439053940
10 425048244 53612832 44295424 781313284 471733576 267409593 378098563 914602127 981563423 999999909
10 450151030 460769157 681272781 934602994 857999916 901176732 24535341 151977717 999999910 854535331
10 220242690 840165328 80650570 53203950 63202913 174446706 564233256 417620286 999999911 879069834
10 219370722 999999912 982030730 715281008 693545538 265781538 561677619 906934583 615449268 703229654
10 304384613 575332072 999999913 413331255 245965633 116889230 485192759 675879604 877349366 341311305
10 999999914 435728008 114487939 180969131 272246633 117898514 833888607 128630486 43351529 926493108
10 999999915 833028437 939057658 525353092 32344363 534595732 987415457 621226652 17576976 855639182
10 280241252 267899191 345259190 162443882 999999916 789410075 274811318 175574478 422066660 595078917
10 791796083 798653561 449095233 578093059 999999917 240937108 993059 350679018 314111190 481287696
10 346118337 484803684 999999918 159104959 712994170 989786916 862841447 437824691 461885912 332195011
10 917914869 19130503 999999919 7029822 585831650 490015742 821780966 343773363 429311481 442048374
10 719427345 961523279 704529455 661829873 277595037 492710966 971275101 999999920 673830098 321939517
10 923642877 192475675 440990525 395604289 625171636 740166548 223522456 999999921 774541655 516617589
10 498329218 470220402 336212255 247120044 999999922 404328288 210488401 170389689 606419531 238281149
10 171377077 336357006 438545921 662501583 154095564 925441133 999999923 158771295 543697878 705853885
10 683174107 13716340 567247034 609476438 131174203 495604464 314892495 958217254 999999924 649311628
10 444324889 315426283 437779536 136513082 412055094 353780027 253192490 438046226 672520651 999999925
10 474695338 674098058 626409169 424025327 582245821 605648867 771139613 999999926 668223752 66631751
10 112706791 831705682 659809874 440070681 124955414 243407126 107341344 461728771 42490723 999999927
10 999999928 929214513 896149966 322987876 887571410 636480521 189142257 887980885 735203403 365860967
10 646153123 406479819 702147467 999999929 881259742 33147987 625693431 535254762 830171508 948150332
10 999999930 724834069 56058565 182796406 229890517 992681763 703074145 83360590 544100579 686903
10 702554 999999931 891737572 685699165 198176764 314722983 310632053 450982009 782479000 143328868
10 908393333 142503901 725930775 217263367 341935172 999999932 442140828 239600495 878482176 732215130
10 964873874 838651084 97786305 231829175 83279312 999999933 940217808 516480115 596450678 381925692
10 454130944 999999934 504444887 684066577 603202381 539603411 152136666 994747825 599064488 338582624
10 358675376 248668673 484267006 999999935 62281984 388557422 684802342 216769900 25856531 75590712
10 653902603 354533315 528680224 889604675 28878928 748281184 999999936 679355109 257201592 99706271
10 566241157 973109320 876546423 468289536 81346483 999999937 5154533 538629078 282595446 675136515
10 54166426 283662920 102511725 361877895 999999938 306476876 73174101 998897856 532105259 289135893
10 689750765 159520883 688572971 428641310 783791012 933915199 32222947 999999939 712131177 59176280
10 19259255 986655675 208981296 452237458 766707636 275830105 776609232 296965848 999999940 655732475
10 471662829 696014764 888767400 281081506 812786919 730388573 732910471 870666681 122101929 999999941
10 146196903 909780283 266493376 162472876 568928333 769062191 599578485 71328409 47607805 999999942
10 514898288 375995963 852621476 783186665 644618356 677443914 999999943 820711574 682924074 537721362
10 289769061 874102904 999999944 255361851 644139554 107593265 250278467 524544264 320027182 462125989
10 33572624 281576697 999999945 284456119 661075027 222905375 135306167 208063278 613199750 661569060
10 999999946 512242616 364081712 819957723 289921139 782741744 631007172 241695791 478221003 638906379
10 999999947 366067763 179993145 900814421 541781518 808068028 879484156 371846403 755063227 33523266
10 196877422 499762730 12141453 999999948 477946554 874534598 669271842 379987772 593934858 682989097
10 19839118 449463017 223355620 999999949 614225844 915523272 285709885 860250125 556926542 842695620
10 629140207 895679570 225056088 249697297 340490824 999999950 157126393 270766310 781193803 549465820
10 399972390 141231897 440601233 308314851 371462135 999999951 564024773 280731296 120199585 247303488
10 171997859 195637117 382142626 363540189 999999952 179347450 923914653 707566864 279296792 887879878
10 670503206 95174926 978341043 432438402 879748888 454821461 289667098 999999953 188869946 655430782
10 258051601 128728798 190706825 695914111 159832752 771253102 88036680 999999954 675916451 942097291
10 926924111 542180609 513993506 346378118 813403551 810798741 124208721 604644658 999999955 592182469
10 709449097 810453646 46196752 264721782 379364324 775936724 338273157 722417874 999999956 407523077
10 279267845 125604301 366593834 797891850 451589548 381163443 103707584 294547536 999999957 629289309
10 413502533 708943861 28391109 372942524 698344613 593872751 999999958 868690827 645196728 482691049
10 182944935 569184047 684937809 418362235 871496645 29511206 219946889 931149559 887192200 999999959
10 492338313 519623177 999999960 166991089 274688409 627835076 673458237 393540926 19985067 345714807
10 266160653 27897864 849321165 999999961 255830012 933972766 260290501 111250374 64112314 116382067
10 999999962 858632684 249923655 374825413 777436212 397782561 188041133 220812128 944115370 439930612
10 450702733 818279141 650723081 999999963 920809398 13891013 354532763 516733702 694346734 153307724
10 804033628 881401096 220756267 999999964 582138773 595234770 35000732 712068490 943144715 29754473
10 159077898 884785743 841098710 67557459 999999965 297120893 314232531 90613626 345694295 56893563
10 999999966 210282332 357899873 116341595 402299213 818987944 956666079 701443620 232460181 200441693
10 962130409 350219934 533480158 999999967 349337621 231733368 851251604 630154018 913958087 191017164
10 765376671 335489403 130063765 223336810 885343629 330203831 999999968 860511207 633471228 137994935
10 272283086 784413430 161168435 999999969 652973040 35164437 668941809 499133294 124318806 151167181
10 678762341 337478766 759496080 30620117 320436767 999999970 605580177 953986432 930235103 351829190
10 819347351 669370294 214470299 70324745 999999971 141040850 991918644 720990228 853374419 711129661
10 624527609 243271650 888067020 128615278 498269434 378082448 751611957 936032422 963956729 999999972
10 844852425 227254105 20254689 671499153 177933618 568993248 918481968 999999973 869638938 418832169
10 250299243 455195954 183818145 356512170 892949470 238142603 39343747 999999974 762243363 810470944
10 831639473 723435819 390158342 369222473 472389297 41386750 770324944 72079520 271129554 999999975
10 999999976 85874524 501473120 544255396 612775203 698606518 358577718 401751276 667345897 550558815
10 483295935 134111500 999999977 885474801 322723862 764547038 990546055 212995903 354453854 573729277
10 999999978 407722108 245186638 537887723 749752085 726079345 886985320 990626706 533237697 978131490
10 999999979 383207427 172477023 559566594 304951380 75861182 513413188 554463842 589967301 504776521
10 317788784 829509683 211250738 683715269 999999980 962522232 628651059 110368184 650897110 32972026
10 484344991 318130356 302161878 999999981 331599508 185998510 783187012 267829277 710422884 272506115
10 460714148 368837502 229938374 586841897 999999982 386070502 177050091 299131603 1324376 281116588
10 874606720 999999983 444930562 76810317 625858017 150294873 171832243 348804037 184970569 288195730
10 432600458 11427082 764801123 76864690 852815853 999999984 166531782 667937331 34786879 849804073
10 338048098 546807826 65081031 90652096 631751534 770951913 453552066 599428496 999999985 145905150
10 372086509 286504033 282900447 64293203 627398194 999999986 764436570 335220247 627550410 612524637
10 964003173 512426744 358654772 256168976 198520272 999999987 286574669 248040657 723031346 113478287
10 194197571 387809535 733113158 150608380 226802355 175884979 547949825 430315071 999999988 650604313
10 496419584 31696388 716148760 141352123 602768069 579239834 973882113 384137448 999999989 819823266
10 807299068 40265108 619266970 590518794 686927147 648024202 999999990 514959500 946655346 366388664
10 359663762 625147697 392236610 56759349 131462157 583452638 999999991 18466292 356901435 551848682
10 552272731 425796449 999999992 874751844 602816457 733330610 185041338 85521253 675278098 203948245
10 632653861 999999993 194329334 279377730 919821381 463350473 960806995 274394482 503637384 923029386
10 999999994 785098728 893506852 229253295 357148559 843783634 85041131 895084292 74139350 568698762
10 999999995 519783817 500391440 820881950 488366063 156719202 638101616 503716238 848919122 139491771
10 573736178 649973449 557548126 544935662 999999996 430347824 332662670 904719056 939252118 72227712
10 688347207 861615994 273458590 595526605 356084554 999999997 122075757 58428375 720862936 59548435
10 554668047 1 535869010 137476466 359882423 138357275 242795469 832489029 290859835 88962944
10 2 13865377 852051867 44882488 726378365 47438619 798494450 696475401 229904696 606273005
10 130947551 3 728355018 148086650 428732068 196403998 171471443 957400699 82733045 832243478
10 517106162 187718641 4 961682295 711462638 965722232 478482205 551655512 600223243 970823202
10 345179987 658860164 86599723 669610011 716301059 546054824 5 878822935 987848797 420127861
10 620131238 147410472 311724454 754675599 63634991 6 45149750 24602749 867367625 835836109
10 791633055 346698603 443227598 7 665643307 916805580 326064068 529210662 864081901 240868374
10 992950735 940032981 452422466 205497256 8 264053301 100087677 633367755 98954350 191960444
10 155439537 752137057 925388990 559645341 103949530 9 775789223 375166416 805793291 294050073
10 554985429 856895648 191442141 100194798 230975026 315616630 10 60899179 639271808 464366368
10 154850554 454692187 14796388 428127027 474807444 274726613 618359841 555936696 834772779 11
10 964805697 758612230 425621912 187783127 232980538 457321641 12 507743550 91901175 851049127
10 848457395 417413378 207164314 776500365 673682512 80036575 576681044 13 293353009 710455847
10 644059587 350329283 87841983 564073115 682450170 815405379 11702952 426253621 14 231725200
10 206285227 524852536 511013767 849376628 506006177 232999624 922116461 751857308 737688068 15
10 16 253374794 15063137 489042563 345024809 57551508 329699132 526410650 699377201 54168325
10 17 581965921 500030127 750878709 482829009 782523555 718642722 615788339 140147154 537285485
10 18 840009635 608931247 460987023 459984173 618744905 636211552 94073920 959807529 967801857
10 403938065 20131633 322074208 19 327106440 818679540 541281528 37455638 644060830 938107252
10 692460295 303181041 20 448192449 654904734 386475141 732024671 91591851 213318264 232467124
10 157230491 21 54980195 750393567 953805614 172483743 812278995 703531606 787105044 64592134
10 741742406 726546287 111734141 22 442784835 194813083 454829988 263179047 490386934 811196503
10 708182422 23 851889009 440579470 325284431 566659515 2751172 855370885 34632830 841077759
10 512509982 193476125 740013133 25956794 889565138 24 582126939 237176031 136382045 306626137
10 605670216 872476964 751910982 350253031 667305425 25 821305373 101148220 603740081 649681846
10 639184761 895428668 170245041 456400465 951849562 26 282834336 453286680 463903835 794632163
10 511417306 640236440 54091021 498712364 797243138 495781546 310692926 27 498028148 880565442
10 760696196 430161344 17316140 197455792 7275242 916228250 28 429665089 662207494 904545252
10 306364226 345686346 628804936 100947442 630178903 617646681 396584009 415271996 29 140529358
10 257439464 947500826 951611867 179920412 136621661 366145640 809921627 30 416141507 797569718
10 287570469 395735681 341594325 104389938 694697395 820744656 728994269 270630607 31 153579544
10 32 697935689 581002386 432781327 473131157 496680130 864650834 446351524 138585148 541712630
10 33 139928212 71195053 801619236 202706476 116385782 988807467 647395610 52192370 399956120
10 597507309 34 58923344 303182068 149241373 530583432 235708101 670920791 84449682 185137363
10 490960993 35 655157055 428389229 335641092 971107684 862971990 252877528 73379235 978615770
10 691110113 36 518953834 340257665 756600671 975117528 541360301 430083928 222138544 176964897
10 643902385 444623681 371138142 396102286 113634193 37 749370866 977168148 481205905 334933593
10 85945823 935601719 38 185949615 948718359 994877264 746638862 708125883 236994239 241529098
10 78671201 202358890 39 495788618 551861555 821108105 718168645 72046695 854308165 955693944
10 908903565 390044971 284537907 932665809 960379880 863215717 17439501 40 668881188 773963690
10 447486876 119830882 897657335 670606974 41 697491912 571139409 82681329 128901488 258299578
10 590448864 507787590 62696682 245455064 42 499086293 267735721 975606027 719367150 361998316
10 348104143 376073337 565516550 5476964 910620046 722446230 886436383 43 272467030 788863755
10 601826606 195337191 911988767 288944222 528286234 187467926 798130889 44 885702902 365962255
10 48830168 52411869 726818592 725495931 323033783 558146147 535071820 45 667905362 680226133
10 575337688 835037329 415897038 931883806 214845128 649869685 828712601 35855679 46 791317669
10 882591371 809875255 193926284 619498137 340323117 549686964 551601655 668342940 118688767 47
10 48 547982905 44619370 39516841 381447135 97112765 786165502 510234012 954268453 28589545
10 443376845 49 855648883 619962710 740572194 849162315 808967712 235726784 13676686 782685176
10 50 590709398 93867261 988441324 665825160 642601786 669089174 280656928 858114571 796592484
10 874966692 51 183317945 721550007 91267670 780175446 94628287 534444998 72768186 519776292
10 34668769 461471088 52 192188464 640398035 985927064 787954954 142212884 620713665 513155929
10 216081555 277641551 53 744102879 593061679 287340919 4698864 498719760 773567216 67735284
10 132316528 890723109 54 575779433 800646081 948920086 119291670 849574745 983625532 926616468
10 871520162 392983229 852020538 540252342 580721912 55 771860214 482225943 848666366 511899743
10 92487203 583511588 162596471 402761638 182517687 713115014 56 485080162 889178308 971431754
10 709562587 844217124 696250282 57 664320241 148454021 928568021 426549682 78765630 396014661
10 366945295 287949307 232613903 698402372 116718594 168072258 731401248 333154738 58 993532130
10 18719486 52387964 918949874 367828985 746353915 772221535 59 799345166 685513969 250432931
10 116598080 273678787 395953727 682639543 258328941 60 81784819 467890558 78592657 476575305
10 189051621 638593125 830211883 871390136 803941841 310159191 61 570661838 675535838 523165409
10 627929293 452111573 644079588 911985859 647607840 272487702 22570964 136092481 62 545776264
10 48626231 714693082 279490576 737071159 243485737 680531067 371912214 309546686 63 799908546
10 64 362694060 164877568 925262771 56394026 433717981 8899087 614218469 482067558 929339626
10 972177314 65 220979994 470637145 483351483 140155277 861733173 222138166 632170803 339939245
10 282250627 66 541104595 48576177 431637839 98788282 567796974 486348723 182905305 568330031
10 585620567 67 853591171 31513174 948482656 786578926 322844707 817395814 967703603 419904376
10 669237027 610433088 68 885415570 683144209 144850149 250100625 609341867 858292869 775244680
10 503968009 69 714147188 897565721 816874391 162350261 621892456 48559791 921451152 584753140
10 704866193 70 556910519 890268807 621074493 31244631 734339246 605906337 707488631 654116064
10 423368158 870841122 71 512669049 901348896 384580469 845171339 968551271 87188748 505760058
10 873120203 677506912 405758825 860830696 72 319145455 886138314 794851101 689697398 192705426
10 465157145 622434201 189808897 601401341 73 391532716 523152453 260216639 30074423 528979752
10 917377086 754333670 481467255 527722435 139838413 74 229417735 645373164 877818540 190930175
10 891162574 745304973 293598270 309022296 810377512 567740097 612620084 268643385 75 501467805
10 117373242 919515291 781436422 582542382 527737276 808642043 346351487 350065830 76 228270342
10 975582244 963479086 718419457 593689909 857734471 167414163 807952964 987466023 77 366169437
10 769168106 194618317 768131356 421183327 340433596 340019853 798127918 608796676 78 728574019
10 949401892 571863585 599443730 7216374 829344087 494745222 52291187 79 456889348 252782942
10 80 279044897 412038362 445297805 421033761 381364705 321236350 112849365 342017070 175782087
10 404842689 81 5755331 172584047 24331177 783664927 35586562 985217255 436882661 177489243
10 82 384288405 607419088 92458279 622777816 824105497 397496598 372144487 677350052 343734578
10 211049972 31402287 695451827 83 805755841 39815269 450187071 295089800 863471529 208599025
10 576692767 389561433 822828474 84 656597046 568838720 250218061 403991341 683648803 156837702
10 219134863 711826781 173791449 485564754 250014517 85 68350292 103343523 50669800 747290135
10 704072326 318908182 86 805912206 278181139 969290945 879137500 173812055 124765699 625992721
10 536301559 422639764 674549890 87 520958778 76283091 248475766 417511963 422162803 578155934
10 848968361 850933068 108063126 88 834724153 36647188 556334051 595610748 732608165 494437415
10 273107318 296591791 562871610 816209345 388851909 89 794905323 618711099 465747353 770725645
10 73262684 413539875 513637050 334197651 974204633 828052851 90 494608037 480498397 575867165
10 672654135 28984872 743339612 849484839 864386195 859072370 188604165 91 377654345 341872571
10 448010630 21323698 276928073 66034215 598108684 808987714 770953736 92 672009395 347521689
10 515630089 406629370 820833946 666922698 93 578953423 326073040 427229464 830589486 150224507
10 703627155 116439220 541729356 344640781 600539692 582262525 516249416 94 198864068 965368901
10 49790467 833687941 987128531 12984721 123747400 763399352 616825535 666396036 217535258 95
10 96 129221299 193360631 460151967 863594748 185579946 818955269 505890416 766649066 699422782
10 97 614054845 180964028 877675735 658343317 88356445 711052762 150552898 366090233 831023044
10 767537631 98 742131631 775853320 675409222 700014462 66250281 321805522 293457264 488476690
10 866176017 99 528521923 902100524 122583782 781077143 798481643 829967557 353627917 819082029
10 887302323 774417497 279127474 100 566364871 601018039 305008438 173334557 222771867 206026746
10 994531287 636858433 230816053 101 794891734 383746805 554472039 973709970 973597515 247464589
10 592945477 904398219 997814237 489589067 102 339884005 947031914 725697354 606697284 945450453
10 864217554 17267639 135907612 103 755099286 174396333 13249123 23633185 762647455 528648606
10 285684449 717106585 936116124 104 860683844 771362193 114305132 514373813 261048961 986428084
10 216361892 229178554 267628683 105 566330011 941623882 365919300 726603010 968919469 47539720
10 241423955 199908122 38661452 401717509 95711122 715847523 106 499288984 612055265 772937870
10 605223794 949220051 403919169 713999402 584702575 790833067 281343454 100527367 107 303035504
10 510460685 247672850 969353875 158820828 108 449224506 753528165 954911255 409943857 130816163
10 710122994 531258936 19641427 901259443 687316412 472677088 109 777459353 885046990 938574878
10 873861878 453012228 590405109 692266277 842106040 381928969 657216919 59109592 188374647 110
10 260892572 228825392 718095930 580042106 628697409 764896428 427981049 821912384 111 449086555
10 112 467497052 473429492 723242648 496726863 33704838 325051195 48999438 976514674 263581964
10 113 902051957 183931733 187362345 258459731 500556787 158640732 606955636 372250716 884319288
10 681110537 114 748106997 26787612 689792473 647225527 423779499 309249463 305518476 954380655
10 743922534 115 357088783 131687630 553838421 177609757 714209452 128678741 288941174 981862184
10 908067363 116 210363596 983914931 96794147 754456289 413780288 358978940 880101273 568142979
10 981569936 445089923 117 389559597 501568285 453258828 312151938 24632846 534314774 542262732
10 720851731 118 762010893 531111327 763035346 84197773 610494810 780105684 290525965 598085416
10 925260084 404476633 331500977 299242899 110811743 526755888 94311321 119 670028132 961646410
10 754074352 695181641 813979042 120 202903348 863187294 995943090 528743020 374860856 837794240
10 158898856 748329259 191570681 307018731 351718737 656399991 361868569 121 360393573 763411982
10 684181991 921878161 5737026 72774819 1282539 122 359456470 531733437 565003969 597567280
10 20261703 304951832 827949119 974180919 420409815 123 367204056 876484069 50799115 422969915
10 117143162 138163183 711225071 124 303843073 720070693 290910232 7911767 100133256 60161450
10 643150965 463224044 554720033 398140616 746924406 460821588 171569519 683510615 119342455 125
10 700228520 48710371 119777764 930911364 152688001 543951542 230982622 910311481 126 942097144
10 192377334 267865846 301217520 304207529 20795623 688390013 132111844 590588910 127 519367563
10 128 835183797 210903654 50916350 146785273 385949549 63868995 852130279 926181562 729313927
10 708818239 467398395 129 77526235 257878710 447739302 415542456 890618697 106266683 823227230
10 78944661 130 431797208 501301110 946902664 119444838 739894546 754631366 88641173 93763320
10 538641195 949511481 131 256246053 574855456 918317995 86480862 507251542 972122282 487091908
10 634039658 629417236 726051284 132 508229022 612204857 177405525 360262855 613895545 734541207
10 176604279 133 267931805 328509996 57352883 954637887 293059166 20072456 847742619 54687102
10 668851022 604016915 657097183 134 960686293 250399092 690071419 443028530 488541234 636050884
10 844342273 213575480 353282362 304432528 135 474331628 476226056 296640597 914211504 5762216
10 793773713 348873850 464690944 172396274 214559004 680691060 136 183343700 566340381 143404642
10 873704883 315310271 307810191 767639270 518040599 137 37079148 752989210 643801827 386340777
10 765700387 601401053 258171094 730377023 369055782 138 137114102 762378812 529401776 66685766
10 866767117 971481026 591830659 249983587 700389401 645666709 220699277 139 500221883 188883177
10 248857463 661175533 340274814 603264044 443839725 869188132 140 199123858 618049914 708832834
10 90002221 593203083 426454346 279776360 506193517 81282449 749910937 141 51346065 769778190
10 861027986 247590992 645946130 881456894 67823453 980734750 274546193 380833774 142 510184183
10 98050315 890438277 712181605 33470905 336547543 532059966 999587470 523936992 917877529 143
10 144 411698120 645042273 154440752 459655840 966681704 246418246 514394030 865288554 875414592
10 145 782287923 513117009 79355503 925327394 736426962 409937382 921652833 76994233 638135990
10 256953872 995514182 146 832952150 72995436 278537651 545260458 828644927 412024641 157048755
10 687891216 999745716 147 796216566 706608414 147250398 266977568 450315741 496945376 467637761
10 157100446 291267487 148 509651892 915706337 462621620 543839725 977889953 750039450 924363782
10 955327712 570754724 461881622 71303922 149 669613836 780879411 858436083 834385841 598459813
10 535555083 838183895 903371370 625907212 150 623549916 117451673 862077672 747433110 740887170
10 866365 512927568 871277757 785247326 649100181 135758721 151 155221848 971802566 728957208
10 59561033 89111977 10024943 621169713 152 223007394 524439770 789667277 104549367 7498479
10 964545228 244651319 577366175 742385801 153 973867333 60490544 598259924 437753930 523105984
10 474508827 434145526 513866520 154 650063429 658444388 901837723 132467208 769784958 510984458
10 423814726 833048145 673714496 31940175 155 986034969 699716345 204621740 822526649 89402907
10 318836691 764253432 758317204 651172536 844073095 156 64602837 545344140 921321063 66402011
10 87960894 776817599 286831166 308678064 455291530 162820702 157 772600498 876615919 992192172
10 751760830 762426337 257519512 529305416 42114888 246961314 725105812 904160233 158 103940925
10 948119856 74418523 471685753 910014152 712442449 585757041 399367637 824386990 159 344365417
10 160 329963675 226849703 46750778 174460608 614726221 363319001 826908854 361241191 137186882
10 415237184 780598054 161 643208487 396214223 69389063 672013588 960466036 991865251 661058267
10 860384872 656882278 162 914050937 176652548 133808462 817850823 297191583 854667196 266407436
10 953045342 719353970 163 349954040 805453110 521360166 473874600 113043460 113969267 674308808
10 164 732814921 553516410 532227390 668225837 746891741 437410249 664408321 370541480 664083035
10 751213268 413235746 165 41628860 984168432 851615912 769850728 3575324 706465201 485484435
10 957263582 854062100 897354872 166 736287029 681869309 534003230 700647486 386052732 690176349
10 758453956 232865330 186644156 599513694 167 772500508 195788835 314272227 227469844 646404765
10 372796377 526362317 367355990 204048589 246175385 329972335 286903118 625750795 168 533138248
10 170498825 892856001 711564081 169 717238937 791787707 780264507 868980880 943550243 777948065
10 952853144 152032411 713947515 140484070 376721213 170 16826286 593193429 268608748 723610286
10 799713082 450493068 946333793 235180205 256282175 171 215856278 632234467 243450094 283285551
10 570613779 338655341 205116731 184950977 784191738 172 839933486 602670546 981038326 298198569
10 636558245 74636071 802989974 110089428 566345818 693410095 618629955 173 375041748 887004289
10 70578087 393689602 459134619 330400939 199043303 397739806 702628522 174 797345417 902122138
10 337603769 847072598 154177243 769887311 281049676 160938506 888567080 759065920 175 385462950
10 176 904289895 835507017 246318280 747628200 851011678 413658910 584848224 264819220 56676607
10 452430455 669482791 67508070 177 592636245 858573211 955335979 413389933 58724846 214897793
10 178 277830812 727879873 759253957 80573099 490577498 716833842 555243121 50236407 70806309
10 666525898 672092910 74761381 179 595538396 889522566 896613218 391757650 339438551 659670110
10 638659443 190950482 180 28091497 793145971 413208471 643927368 953643757 15779370 935812941
10 74951063 690012082 945855843 234650264 181 918678806 431883201 411054863 852420097 530256836
10 619856930 2799434 899778960 182 526415302 725548121 236634450 695990370 395765595 472846273
10 230550653 180673074 183 588091002 710020954 449613349 321343245 562440380 288924323 130028219
10 391114383 668315815 422690883 627808446 203854432 915960063 184 264323451 940335575 111105890
10 105097619 526196062 323558639 185 913921891 371932656 467567411 138380561 277653187 926286409
10 516748526 566223821 393275801 710713749 186 439270405 697690969 348714100 807702265 247065943
10 804609765 892765079 416961896 66553363 489293452 519938570 257910856 187 558074712 903152250
10 514899040 682534254 426502200 994761774 911897484 463847603 746285409 109876343 188 353869832
10 144059783 349352243 925681374 800517744 808194438 480267850 485672089 189 407121049 810244740
10 619673999 942836321 151473507 178415653 823202872 637754088 352804923 495742784 808620590 190
10 83272774 852623251 469447304 443264927 733161623 767407690 990204399 542964694 425813501 191
10 192 13774531 526068201 184009535 171868055 707863944 452562864 486096821 44975520 894048164
10 771302185 150247396 193 785933227 44131956 622316289 933396238 14773789 431422874 294925178
10 194 401812753 361257691 536177398 137919420 47341014 17544061 420838268 249231744 458781253
10 895060857 195 592966932 94518726 856051600 315278892 467971052 975201433 625884228 122583459
10 353443202 407597656 806387907 196 248043532 326677518 982857741 878703782 79943790 816476564
10 539404231 197 931869486 631378596 67734622 771530293 548419643 462020434 585031349 234583014
10 16516045 398510788 534938518 965870023 198 886270069 331566937 791367153 943943309 113706888
10 88557970 139068127 199 412696963 674086871 207493780 416263716 580467495 43829474 196383931
10 200 654660333 674764081 626229290 458909024 965444064 53511979 763304516 984162261 415605242
10 201525409 327315990 891260170 201 389385641 310908724 639497856 503180832 470471860 668116941
10 938854773 365395894 657644545 811276718 68390788 202 947156494 132965136 973332125 449522420
10 940526799 457339378 821391281 259834440 722063900 583769458 190259966 203 112786787 858569617
10 771104391 816310868 667459323 566399624 140285143 285907313 204 645864754 97332530 240297549
10 355557360 391844842 955018009 980004447 535932969 520180121 995268059 250405927 829541130 205
10 558336597 969031649 726726276 352834098 193914071 815211486 498475564 263136259 206 429872704
10 236182979 727844738 645339111 414584194 682175327 728558340 683092814 736164572 175050050 207
10 208 318439051 184682832 330793939 602594462 731668427 854357429 342133087 180627256 975247389
10 230018805 209 572540819 794917909 931627328 381256787 293705357 97870153 425528560 109826533
10 210 207731429 598185523 86156439 411368273 234335329 727168622 22348908 170669185 15246855
10 976594036 277942467 211 165921767 255818965 757233976 725525605 371023393 242353022 711511957
10 892634261 287545762 655539248 212 989948709 166762966 757268842 599439056 483980771 603338477
10 213 679678133 594837154 838884086 315234989 438873362 274528352 320307419 30510783 669583767
10 659779555 371047468 614835492 214 392956826 207402790 607370632 548941571 876337575 754321003
10 420035817 310615762 509133083 215 916741086 687656022 353966130 133735765 763680635 158499773
10 310201117 303886204 751289670 878082641 216 41898726 48874992 684536614 831416738 832104599
10 722725426 241817658 135329 792753171 96937248 427192737 400956561 217 460248020 117477530
10 777388420 924385340 539019608 412385484 470029372 218 883822005 72964130 312409155 256281705
10 758013069 899645148 242706066 621867047 719132884 280865095 219 216948133 787264448 62449095
10 10574257 618946596 588990282 817902035 387641065 14343401 414329542 26693806 9437417 220
10 520054047 264554996 178757957 857577224 323898008 942671430 248804542 221 176996865 661796717
10 23059839 962808771 970706587 331172127 416268748 289082892 591920125 952567755 222 756183724
10 181876372 440298346 217734639 785412133 722295752 532313004 236890436 801904209 223 166623345
10 224 701312623 298393355 159614352 753447180 940735652 833204913 926004553 169968605 583739175
10 80837921 951366180 225 357258570 323922827 794137571 122909528 761849845 117185409 535264888
10 657701891 698554578 226 457253426 203353766 126225855 97586874 431143353 31452307 616906747
10 977393472 227 387892797 978649649 304740556 946436527 365735109 815676839 386315437 584650742
10 280043056 829696695 547868948 228 730605013 836715206 535534098 463559485 724114372 767523713
10 807079322 166303000 105719737 229 195899338 18520493 952815091 359093772 128073407 458312671
10 905308133 851526480 229882289 781718476 330693088 230 886031526 336883807 153107179 902076681
10 688368628 461685111 390216708 7478020 231 747818117 71814174 567453657 535583024 692829831
10 732094418 857781361 661358175 232 767035586 165976248 117957499 819713207 162205877 874526879
10 273635342 489930962 378699431 619104160 233 130616323 438129638 818121807 402194374 153596329
10 508433519 348293587 15685661 153149923 603532492 69305012 234 733220254 277104250 203744683
10 117138200 192312933 153173044 47880668 379462728 688394031 183468888 436518307 235 433124445
10 997873834 921698105 362442514 955071172 186988399 236 779182397 99265478 382924316 683982874
10 198830200 505563584 257654334 853801622 674381668 741417017 653620873 237 571798281 408967709
10 608889371 751499096 891418450 578294299 995474083 129086135 135895635 71675183 76371382 238
10 600676127 62315506 580120102 857321695 656424986 606605427 176454696 229817084 239 587651225
10 240 965103174 183605888 481217868 947020407 576282687 939999773 608787123 291992108 169177865
10 652170495 241 101887203 401823728 925173057 805423828 221733842 468253520 574074525 882796096
10 875919589 242 841834665 490685050 629758012 817778041 65560736 984397332 607313579 77081618
10 889161439 120284154 453965900 592989130 243 629907736 842103893 63181009 942487670 815632211
10 309235196 281596970 244 535269619 47027896 667989799 486942892 799578130 573815439 319979679
10 19991378 245 393861356 616519289 952525089 643848823 856818507 867186651 473556290 543479880
10 307230815 217100833 807241455 611097960 279225376 246 152866229 637159345 915210800 111173199
10 549947062 987640682 247 316067441 839685595 534898027 390600338 626685441 723041091 819655238
10 147391096 64065735 572309323 248 178987443 452943748 59437300 52507119 940050679 719141330
10 985198860 300337618 326268647 39113330 162300186 528239451 249 432474987 5304381 195924850
10 168080599 512845237 452099942 59801044 250 868172885 59170924 129817799 80585617 721503310
10 730563995 508135709 755183190 29526746 324557968 208660950 251 100358565 395118498 740544716
10 85244788 209007446 895949667 877187133 803001018 160345833 86974022 15972104 252 430064270
10 990302918 629789384 5168765 489756196 678768304 293019262 633138871 253 107162237 315567392
10 332385999 147187252 310401750 898769509 41568370 270079137 432312669 244311093 254 273018955
10 741200525 230648782 174490692 61967682 936214917 898587942 127385582 812401696 100873502 255
10 256 930448229 750306203 908995320 182914816 174456220 458250970 871172711 505397860 267055524
10 10013160 257 275553645 473018435 15841621 11088383 917205052 228179795 717384046 854925034
10 258 101966865 929499045 953407750 521255414 390320666 728207709 862108655 146256825 866223598
10 713624073 378063672 259 376194260 623923400 958407146 927524259 693157563 821974914 246450639
10 915528833 490629980 260 842214677 34428570 965415251 589714892 832234241 875744303 380422610
10 571553714 261 800709596 23290501 905748107 423258563 861341355 975972450 284078112 499022768
10 299412217 262 655984318 343138619 938431606 938782478 754726535 391160062 960586990 197875316
10 279697018 773523834 69742219 925650383 263 52765372 246580142 935032262 568512812 635445055
10 125304920 318554780 128369638 934855097 782419031 107695693 761953661 264 955776766 618951465
10 603558169 249162283 719430231 739588274 371154616 265 619161675 121007755 865797637 974539209
10 299461464 607237939 316157083 839624846 660195215 398673163 59348400 266 672877382 128353928
10 617118568 63090099 362938260 18260835 935834240 281508992 905092392 267 197269438 57749788
10 306729432 306140110 740020290 248538105 268 531796638 734524890 841659415 893707530 682860204
10 429529144 814578987 351733137 327254201 812805614 518060524 269 221404956 903737554 271861307
10 737169073 479739803 256277422 487299378 979294242 270 111199582 450442678 746357859 875527984
10 371587604 310627664 819686685 26923965 653280600 116583512 410010028 9584910 271 900192408
10 272 805290558 2919454 706305407 833551734 68262520 595077329 338441351 770535859 767386322
10 273 867781325 464382168 435638801 264477317 592097138 821948455 323369501 754650390 4220142
10 705774704 484787636 274 490072406 911250660 405602025 703695543 104200317 241556015 558514609
10 923447275 508089290 275 308607936 943514 6349335 474678802 173734327 386583911 827398927
10 498050495 178252268 276 830782547 434974410 458613615 565462025 490282340 588083043 586013379
10 397470211 627832479 277 507416747 993207093 194010697 270489494 881823270 871484202 627396648
10 395559970 764880387 790500971 502282437 899396254 278 834942466 2579696 65335535 669633458
10 831002810 861050625 982982691 279 359056203 966444772 823441658 198087584 676109955 954550842
10 746093576 706565868 959154846 973951160 280 871063523 122623300 262768965 205940011 332792347
10 674683541 894129183 521200756 594952801 281 9876911 652405214 529609740 842531973 3651993
10 585833359 275120671 282 732461554 965598070 346314079 619966856 106251801 170141834 865260333
10 854110344 634913866 630137146 229046659 425164447 282957652 283 151534899 492801939 663462292
10 403642447 529467151 984981141 638761699 339101170 353311753 609491516 879802475 284 56188053
10 183566673 605816973 330350035 975976488 32815186 664525468 192602800 273677204 252498247 285
10 630799305 996043528 153267717 696974118 828887962 286 315050921 131745684 433359178 375572125
10 887258531 571413902 405809026 519718606 142213503 714772668 636673540 664538804 287 388459048
10 288 482599905 4452161 391020778 278779240 417741520 569830140 207959838 921916248 337524289
10 289 746031795 438662368 695692224 538853801 963832714 689273085 73249047 85751687 973504345
10 134863753 516370999 91987882 871232732 290 729104695 713752335 324178660 371794272 524697501
10 188150326 291 641187811 199679474 709812232 830768445 547799946 543847190 275026346 712549622
10 433708393 552315898 201801110 339739185 292 815355484 322423822 378424005 971618551 872096948
10 63458714 736033516 60411994 604359105 525864764 742834210 293 376028988 765964066 695710523
10 254797085 720786469 761821372 800330561 881206067 294 168266095 726289266 485308211 344192716
10 117753461 965320731 825950222 953874844 594238557 295 821327731 482600600 920786665 871210643
10 304070878 458216923 196112070 45144199 296 91370570 750808473 538711314 350679337 95558861
10 892747702 880900272 403732564 307783551 745931841 565442187 297 11999405 493151864 323991283
10 10455356 927008516 73050386 157106981 238982134 298 103712053 288531596 909387114 653028947
10 164318207 477652111 856609766 14734697 275523750 299 745216176 880687410 495158766 73660780
10 199949928 786293454 654422834 362870485 378175804 825253386 66342175 300 720207955 646880960
10 386285126 134268945 15128419 754397473 465048624 678538042 138473948 943855262 301 699929125
10 160407964 605524436 518396531 180782943 322285518 420778095 196033540 336562419 191056719 302
10 879701231 478375 539999551 453591819 817616520 787806199 236909352 721184533 303 694152544
10 304 220468260 23822463 117931026 798824488 571139007 199154264 8378649 344904292 509062284
10 305 314328013 431695683 755570784 976887104 251477878 289956852 926792257 105012829 887150575
10 306 370777213 102127538 151637500 651286932 544264806 390630753 370575756 527757582 521771410
10 403737538 307 521160884 11066110 145812454 250300003 896161507 242666383 232102094 893532719
10 9345884 308 21296370 929715602 233346001 286215653 947300573 893987397 844030930 75922809
10 622766831 792385144 953967310 309 573058413 520053802 35426603 356083456 536354210 968214618
10 455503398 729797679 808134299 232911268 310 733313635 635772386 982725305 431118616 715294719
10 365379815 976171838 311 180410824 260692561 360846635 525759599 815355826 344749233 707250281
10 476022798 580674575 431016518 363788697 312 631625454 269112934 667418523 968189208 679041238
10 910741688 580433193 602807823 978998904 920737173 802370822 258736683 313 171765361 507479808
10 958980394 907405782 316671783 314 953434878 999973494 252759132 189875612 826569675 544273679
10 135108684 852072571 387093285 731408529 39691815 315 301029802 660244502 978357756 116465740
10 274543901 569906665 355599840 788191054 220133530 396004494 456486445 862526802 316 787530575
10 639285082 100184344 227088073 298312167 26582608 162743787 667217437 539186159 793719187 317
10 159044795 346815674 86508441 629080315 36572057 463273301 580490996 318 33991305 605494568
10 850973385 547213340 764464530 945589790 133581971 832967647 379261889 739905142 521007283 319
10 320 694540839 92964767 6372244 950210907 209185375 864797906 53499721 944764693 841735063
10 321 305507876 383211763 472967384 123159999 727739113 870633885 671212538 387738800 831784249
10 255691244 322 516775439 620693996 430209488 154513680 723046094 860467296 185025230 141793433
10 12290890 399435804 923038806 323 580409515 219701822 913461867 522240813 754189002 489735070
10 668204450 986174661 324 593688774 775042132 309488421 105932296 541255019 488873822 226592796
10 889733097 757855807 325 507198947 310016578 552325394 181591919 394964852 190226937 572319075
10 337600590 144425960 734198321 326 430838792 602664733 227530055 142726121 19031887 51477084
10 193067619 327 866063270 187172817 834439094 829771289 401723197 390536538 562786245 700575390
10 239010350 770895027 749767538 66304032 716401206 328 816803685 883446852 436717305 718445021
10 929701512 440493701 329 209066735 338064908 383501095 736975905 630680665 261937026 511933068
10 111908875 746718947 805797427 850392123 849058684 727369858 330 453925556 548382145 966347574
10 662008148 184598082 507747669 666791337 459094453 693330266 421551977 331 354985044 821986211
10 896149578 719660084 84888942 372395536 119217976 369594461 332 856952761 411308011 923397718
10 788778214 146607739 973662559 117044686 966653668 895986781 78041052 934998401 333 746302933
10 873507859 429352644 851871938 439796258 749554360 291715494 916356680 323235183 334 820241164
10 39392347 21832223 59999057 958469474 748859876 745547656 354342454 722518747 335 597541618
10 336 446736545 415072543 773826876 958509522 575252253 639226111 663764278 332090179 846914608
10 901791232 23114784 337 255407852 525148069 559085018 123491639 190218475 730635186 266884135
10 825302288 338 118888579 114005532 807383927 705182512 150503840 435021524 840539397 977021441
10 771509581 339 40025281 3025069 220322612 42947254 182207941 132355834 458300074 188468199
10 770296603 340 649329205 927405473 875948403 982933728 853880367 450264396 752726048 277561589
10 35837552 648299174 923410073 754307862 647076978 41415299 341 41010218 987786861 487651950
10 447441067 259385568 342 853882803 505051856 197302377 807727016 63712177 833687583 782735545
10 302148595 378684737 353205401 511348431 343 52199332 91263818 127280186 638645710 516968702
10 942861984 897089050 391569829 667532799 330428262 252048866 768343676 344 304881749 466286432
10 251800050 35672273 438581904 893276936 326951386 345 317511431 213408068 794708339 525142610
10 249557963 770017987 73407577 875565609 228407700 346 205506179 513477575 903951407 886568440
10 987861088 9278377 850889120 685764151 676922673 493508962 347 305177052 385984540 5378381
10 590797093 196766457 743941010 973741266 87267322 256202380 477291771 816855961 729807974 348
10 49073372 918200767 771820452 903121441 667287523 624626403 292647144 349 864340313 879461253
10 301687787 666956290 121862519 984462328 318349263 638310717 627183253 279962822 350 712681557
10 905721517 692296866 397910627 557851686 467381010 486760090 789641706 725015596 33775950 351
10 352 869934858 620702063 774050098 540858926 925922932 661612165 833228609 489792348 379261028
10 315256490 98404701 353 843163312 142863090 269712929 276051650 834109533 515774594 268000806
10 896705411 354 936312412 611312221 712595025 166589748 168464369 425183532 257016044 697884934
10 430615227 355 27012319 849264314 204538388 734118886 116446888 463037524 289188467 402753214
10 213534601 356 375845200 15345020 956355591 168011796 161069459 156218756 785335763 444226807
10 674525568 357 733535965 940454251 824832271 338212528 925741201 499671574 343548356 660257300
10 606648026 5969368 846320597 577597480 358 924899782 309046082 711544339 25232698 491982303
10 362651436 848004728 32174393 359 154904353 350932753 165802909 745687743 977284991 900129769
10 235601835 787223374 360 492573589 443847790 358530165 225232599 400951083 548465629 921691745
10 97773442 820708840 920718690 627487362 672749308 77035042 726145120 837831352 361 611797033
10 86224883 265022907 935099132 959638694 829414025 855498266 362 324702801 8753483 778694822
10 246196668 824112975 235315399 25202354 34639363 754888840 296205646 363 753868100 22969813
10 36723941 89736926 967260429 256265580 364 695584827 901165961 423542145 883595125 369742118
10 427305352 161217134 81322287 559293263 169792082 365 288204240 658429424 171190634 495473751
10 138147562 10665537 451407136 492758471 12867695 59391462 202949173 366 401854797 917847050
10 803110442 997946543 539970090 626757443 31513193 129941572 576035566 310606414 367 595699950
10 368 217480342 308576791 189123569 943986355 95633835 893697132 923668196 472141295 211226968
10 369 495325604 93716773 164850039 552018561 639071421 820843920 255493671 490016699 266461855
10 674580133 916926663 370 558321876 991653519 177671794 406078179 124045997 797220424 482101234
10 293313147 315554111 371 696984984 615842641 767330552 873113644 717065178 411914405 724870316
10 931637959 672815195 529749186 372 325211221 689796513 531324773 415414940 776199853 233173754
10 462447312 337915639 616871616 373 304910681 750689941 657473804 767510306 173051357 171825072
10 807509233 369334743 123785333 374 81271582 766907313 396743885 991899335 721703517 912385758
10 692603482 974848808 375 295673000 227489592 846251960 427894569 32963967 283870295 158517564
10 687800575 789411645 836428714 210971649 372900489 874394731 109972283 376 783294600 473348714
10 196388629 138306202 783557587 648353186 377 868992978 329595119 46514383 429516229 58707184
10 193179251 385143621 481038075 507155859 727516788 378 767735736 532012681 639444369 699521598
10 445932902 4078029 968160640 530023713 522635614 817840342 446181106 379 973197754 379115653
10 246157103 203905092 733419571 13879911 278033604 856667048 380 243262610 771256261 61479413
10 500972156 609400058 816297261 168677159 360869641 242216995 381 636725006 470717395 286987910
10 860124037 244382961 204738039 736060329 119323387 561370317 522976162 374656413 153266767 382
10 105722105 185983650 868888898 654869188 881812019 78918794 854163703 383 893267761 883777730
10 384 183397834 297582250 790625593 570109692 953368314 982913564 381094669 542045650 157175953
10 385 623235908 181734599 639262879 226616420 281605824 752660871 402329175 45440456 546506078
10 386 962059653 547552150 644910602 562512731 482424973 266785354 946436164 909034387 229418067
10 387 663882532 274828838 428864312 516316222 394318745 720229175 11355907 422231988 373128802
10 734962334 970850031 388 893232025 942258332 158658018 977341046 39070984 329276573 50590076
10 439211229 632737668 389 506089628 437135462 43340397 655197447 157584078 190948874 908882546
10 252736546 242122394 390 260373939 565186664 523647532 450269725 895499132 46790311 37871854
10 504624323 194285941 420154264 214858184 391 162730075 852000209 677815549 659048822 225727354
10 347677354 77897527 232434094 392 71213140 500513663 457012775 413751154 389717537 112799669
10 342682845 183688928 665776220 129377797 301030722 318333967 473963462 393 260495181 859131630
10 957539442 674892843 800513758 842408158 394 100165811 659114002 202398316 504874810 18637106
10 504633541 845654438 653713844 942214335 61040011 472161869 395 635014898 195146252 162301650
10 671552275 881865797 819785993 576549419 521773521 742150870 766559675 396 410964594 953519658
10 5192175 564599538 203494681 962111968 623215964 273111582 701785870 397 342087085 40124826
10 940925252 115167452 528521121 480929113 566426423 651316309 591196804 728722548 277474148 398
10 153563495 548861846 403162225 951352652 769683417 97855644 377267879 232975390 29796907 399
10 400 22406917 368344052 706402473 317224507 299897032 818879926 40178988 377119937 425517521
10 507454191 401 66130592 323252581 446735251 757384640 564967636 614386452 40241578 197825383
10 1718938 631467794 19586219 402 303251584 397334681 146444070 729820572 799217245 609192432
10 448045972 327428085 19256452 403 481512853 999383495 434728223 883539713 600756772 757550652
10 656921831 656538624 270649440 404 883610508 505150445 358247533 577672852 808845273 919618175
10 759774392 377890292 622361707 405 861918634 687350590 935874479 677873120 546568744 21423480
10 54034236 451908443 225949410 406 663637015 557500067 27753021 148097404 889216399 156569434
10 999557461 980215471 812925600 229762980 532523608 407 920033825 182920333 619267154 608794932
10 884896094 407359494 443099325 270193980 408 942777465 42276973 228712652 56841950 719391342
10 365738028 866216657 569174623 733235680 989521630 925540111 148644586 224937407 944091133 409
10 832163752 271687364 144960149 56262748 547817168 810256003 410 944409345 192922577 393746246
10 829555442 615678960 790085604 491855223 278790201 718676415 638635674 411 57647345 221976788
10 230579548 11129035 391168466 379065741 866431422 723168016 699155207 412 235834770 894943162
10 592101000 444943280 135290933 228195342 763809006 85974724 760984119 413 543205614 219571657
10 149414343 575524749 374755588 972789395 429357134 128095272 341253068 49487375 414 944325750
10 398819347 231672311 170446498 351501128 377398818 232485782 124110712 415 627422074 876434034
10 416 185798963 745165114 689662152 325139588 196188024 550210768 325233038 978826937 143613840
10 417 134994682 658399482 284142235 933918418 844855570 17117817 994959985 583812162 189551954
10 696083533 418 431596571 463240239 321534962 502926721 815765028 604026572 689201754 872561165
10 8343231 287479795 615565665 284761032 419 673602499 854165980 935475516 898080169 472787680
10 966072420 125244837 487378014 906512618 420 112563840 381640150 470187725 133810197 291745134
10 252321179 961054009 145070054 65453250 421 738062168 310703763 712395197 171014991 371630153
10 841090279 422 873228011 198806686 754847623 582134440 98211633 695988999 572972011 217343834
10 632644503 595277550 423 405190369 467550870 288429273 209291777 572436130 67278175 150006590
10 390690345 796729753 6809249 424 245374394 223709529 441500604 545559417 324377912 959222994
10 949415351 276465929 176098264 251040558 425 788976047 184969580 725712155 445477729 680515505
10 848827321 233929797 960280459 426 263136949 210046591 545610542 294065370 321759746 517786803
10 303400742 605993693 881501097 903086403 327025479 939313285 512302464 756041417 427 757613574
10 810022565 123804598 174477630 895499306 428 856638579 357163303 108437848 22661799 123428565
10 69005773 572322526 690775439 703387176 222128922 352682924 906508913 345651478 718034912 429
10 806805639 28990203 688476344 319893922 553331571 546306999 901996169 376129488 430 610381407
10 546834045 467476379 661183998 172211561 712655329 927155791 330601609 431 973257469 507730764
10 432 382331353 277953105 564727496 776803246 546785218 237111364 317991837 356579449 106628352
10 433 918441356 624135600 613844594 19219761 769463160 763581108 383343248 995916103 880865691
10 755329893 440225357 587401874 434 40960051 628220727 923425088 380626547 812954635 952557097
10 603025217 754688091 910683255 588834281 435 589411490 74404824 718590867 199769425 855808141
10 522378994 87349749 790256025 436 25306276 606513872 838038619 763873099 398834265 115243472
10 5822025 922675354 437 29531749 45764946 259400447 689973626 1788437 348127390 441283906
10 120846915 832851654 949679513 438 755656915 487082513 573193607 836473030 259144383 413570313
10 182380124 127398484 203232488 197515203 439 755331810 370356393 176371086 365200730 793447828
10 626332935 27172925 186898422 177004346 440 49950352 625364732 278244555 821756260 314234789
10 937843877 40022385 446678555 326559635 563470594 441 698750047 824171669 977838836 620190184
10 599613548 761086479 421878161 45879417 13375289 632318726 677215380 442 260674084 813964169
10 292757890 64235366 992856889 545075512 664395475 945254637 443 598725475 185301573 215725925
10 732275349 629263312 318638431 467289931 540579289 391659806 400514294 194662528 307415961 444
10 746243290 678419039 115645222 315238594 443645368 824099410 445 665217720 378809274 954919301
10 606592567 148081730 707284236 415408742 386343602 960905859 446 581738834 335833850 853247988
10 464238847 486204510 450615806 15210302 730517250 523092806 813016120 316936025 74618492 447
10 448 566806377 271882838 741892491 402829441 884016386 305818030 415380590 29526943 191826209
10 151174818 449 290096315 502991257 532728531 20718984 126313712 587327481 330298067 948285784
10 524372033 168474362 450 427279733 757765087 799479470 223284166 160255015 209435409 440436795
10 619014708 469810945 50220479 451 900078993 792571125 192573377 57836713 263492495 108126702
10 625292468 452 329587329 844723933 122335534 123348092 85887497 58983884 192403885 183745737
10 283473841 453 429461790 730152733 622135388 948620497 442784840 372127984 214545670 363824032
10 947528907 528038731 527938932 837088119 760405878 454 369058424 814098588 490778860 861159018
10 119717906 838420763 32964596 903480316 907012569 455 490435392 227779928 728201434 522296351
10 371051871 963248123 420918181 456 668465438 763000548 222254496 818317289 979425103 875567231
10 654817669 671168595 213293826 418663089 355779874 457 454434429 411177614 524612649 891863349
10 553210138 873157240 220046505 642534681 265093771 719149050 752937415 76756011 458 445230775
10 624645834 550674707 772735804 962093197 478729918 952213112 459 170395380 364583413 928284490
10 582003633 145743612 646420291 986314508 993399747 175071431 186923565 460 61042238 18030652
10 139482786 265707221 185056484 371937135 809714885 808450342 572108914 17201578 461 269815083
10 333201388 447967475 14796085 129038071 607901836 483333078 654341065 713346008 369635013 462
10 880701902 621139937 549462789 8155050 726266320 554595687 299708020 732698272 947493492 463
10 464 436249409 40326981 113534150 76136874 326433520 975297383 665708356 540995463 226209970
10 465 113821386 908797711 12403849 379702391 882506113 631807520 399684763 418363955 643019118
10 439737348 466 930292245 125893912 475078153 193387452 706706196 696424782 694635961 370659881
10 634390480 525466323 467 633780530 871464709 171583778 415014256 672163485 862015263 517003951
10 389283250 361985458 670883374 846953961 468 620854905 14422005 466116403 732761265 812770126
10 754721983 874362286 469 613592727 431238529 526805070 707938634 829228183 597281972 194345963
10 625030961 361870817 417039386 548898741 407820156 434847262 37121987 470 846553276 64187903
10 369206593 984720944 898293614 659206734 471 395018076 658952477 978840683 220951796 480675769
10 455111984 437079724 576849603 186536316 582586909 412498787 930983864 108733324 472 517697459
10 182679011 418588033 649134594 152325952 771545498 473 824719441 537314651 900378052 704538848
10 194823436 235620586 262918766 265427268 893176404 127761589 474 635973954 293897528 478276252
10 418066491 372941512 528568757 640312861 97513752 254517212 492896299 86767329 475 544928228
10 178142430 280886397 481667780 957092702 548200830 352451126 356375044 672082710 312707833 476
10 786828309 311099565 194547839 634535205 579710613 264911939 768026014 244633694 477 418153794
10 104863361 581249908 785381947 308504772 525557492 219437651 464394308 478 272464243 15210135
10 114801892 632147961 630421798 110812605 808326422 119797307 292717834 130395646 443302679 479
10 480 709967760 187863041 307909475 694876864 809189601 132153946 798308542 921400341 308503660
10 481 609493109 626948828 217373766 962376665 562009064 614277797 497714129 413101748 954337468
10 218367508 482 366823576 340259905 703655143 215544018 722752238 505643853 592502910 859884990
10 483 160167144 30512293 973547249 739367001 946139260 40138397 301727239 952008258 615548478
10 2250563 500947386 720602145 484 786531220 392243641 658192929 613266775 991649687 986474001
10 235994561 737922111 485 657554791 164303437 547210004 115971155 444512756 45782001 93701800
10 307654133 104439034 981023757 762387700 683493944 486 497082198 534455171 441483226 142717693
10 531383453 164492718 46144196 90551763 487 190692554 210884152 991649890 851971699 187286228
10 131180880 707718508 868538678 124702938 947885096 488 728259329 204740222 58831372 744736877
10 12547724 525501633 788413179 489 500375626 300430529 840947812 690497844 764419932 826788537
10 118262473 408886314 114378151 625689714 100473380 490 555536758 761966129 157790715 846729878
10 425080660 594390747 953872242 42411567 889316712 491 326897767 510735996 89059523 770999275
10 240380963 396574949 424652071 718213398 107373244 492 269639710 907757605 487850827 285064402
10 735864413 937645186 2829000 897302974 6917838 44165818 493 243391918 595898891 848073331
10 633347856 117790581 299008134 42074983 167114704 382451180 936446326 361288256 986979039 494
10 189828192 678346524 891223066 516488910 743153836 985682856 727874154 53343270 450264653 495
10 496 126374349 171790698 916543241 543708193 592605400 64078218 799061116 430169695 385951582
10 497 483004095 299114561 768605465 565243591 395031027 399284069 366606320 393639497 591613692
10 155086607 498 967698395 942466170 829796179 420136867 921277011 790023258 621219307 932571995
10 360573583 499 240968719 259623706 503832579 728977332 875496820 608966465 583812626 418094532
10 441093867 889782811 748834545 500 877106035 519228453 867546498 720953984 875819242 430062060
10 931457621 664327865 377720183 501 352947934 702968204 625384186 432856480 237411387 642829582
10 639843095 502 874793474 570863390 692258937 285031367 619632722 887693607 572633790 861141740
10 376005272 660972497 296922023 958311755 503 284600945 702900434 138585034 844768624 458152785
10 736606375 466973125 40068754 396071768 594206190 504 341811796 709054623 231585121 374472940
10 48170925 309454675 606746254 93090058 190020628 505 327714257 144696021 930288639 474558148
10 132512789 510250712 671594259 657669686 297297469 749701433 712575776 506 302154206 138715034
10 363888464 880989459 210941066 243876723 644727383 507 212641329 133186893 165612513 452551062
10 801182992 243071951 19387009 23663729 128347663 329911696 745092786 508 12803965 29857384
10 237524553 250991479 407651880 696299541 513018306 670644113 700048370 948214040 509 872114436
10 328832075 307648308 685736332 235777897 900412301 777812468 966353333 114203714 48893191 510
10 312997300 836414734 814172771 706491834 633251337 96998706 132166941 29968695 867344716 511
10 512 963736945 386015350 586113239 878782969 625950629 929138618 766093890 51744136 692041602
10 691797355 513 226551331 445408239 697691037 950403951 639107875 522118453 854254646 426813791
10 376415023 514 963221868 719938238 181201899 196089498 416022838 465913800 255549429 698589916
10 152059186 515 827103839 572816928 289760659 810144670 261473197 112640463 508125155 483765962
10 677579907 760163983 516 192837016 828508437 953206761 378269648 619517952 394016897 284786231
10 242724950 278846189 916798417 517 347149380 526727059 538716980 8950497 995739459 88998469
10 201374640 402549802 235765416 518 527172219 695362058 920587478 661450405 626900038 436768310
10 884452631 605200178 978608998 757814429 943964853 519 833035534 212867675 914939876 722155653
10 244527619 851884118 202334286 670540997 392436002 520 620973643 904392335 506873390 702160688
10 38695227 217215685 248793699 430338465 672599263 521 737336923 549121472 841294927 818048925
10 422068234 636444684 589302342 306906819 522 410387946 9925945 777679156 82156650 436982612
10 676399635 424483689 964602490 249040287 545387464 49966099 523 115554815 545638168 955116259
10 74631954 459269388 314941521 864238134 593101324 403779817 510274338 524 224353939 731743779
10 974735656 431148737 957918300 270482490 424167277 396960113 477093173 624605414 525 601163880
10 357409037 808643778 153558069 473552447 673087417 789702361 142131634 829071297 526 851896841
10 864887711 893676098 365512336 810918361 280222702 849643386 248991001 527 997646553 441943864
10 528 153883162 365818474 383271279 438203687 595549749 774325259 432798775 979009078 483502175
10 275711391 529 624596859 222176605 129567386 515053302 137315336 220214728 984023758 512326503
10 125777919 530 618029637 993811231 418318073 106513358 821637406 524120389 101260544 73307861
10 657162234 323292135 737095805 531 575983218 451668252 367968564 867664444 574565041 198776871
10 532 749623786 358429432 229576249 470759928 783957954 152627152 153404682 792777919 362690145
