1000000000 1000
3 4 27 46
9 176 177 194 151 187 171 155 142 191
8 211 212 293 279 234 219 237 286
8 336 321 324 310 394 380 366 383
7 496 466 500 486 409 426 428
4 541 589 590 591
10 678 663 679 632 680 649 617 604 686 623
4 704 786 741 727
2 885 812
2 915 1000
6 1092 1045 1079 1001 1051 1070
10 1168 1143 1193 1177 1178 1114 1147 1132 1102 1183
8 1264 1252 1286 1255 1225 1258 1242 1227
5 1377 1329 1382 1334 1319
2 1402 1422
10 1520 1524 1556 1509 1559 1577 1515 1565 1534 1519
2 1601 1650
6 1747 1799 1736 1784 1724 1759
1 1871
5 1938 1973 1943 1979 1950
1 2030
10 2144 2195 2180 2134 2167 2138 2123 2173 2157 2175
8 2245 2231 2279 2280 2250 2234 2222 2223
5 2385 2341 2359 2314 2331
5 2416 2496 2403 2435 2441
1 2576
10 2624 2656 2676 2693 2663 2647 2680 2633 2618 2604
8 2704 2774 2792 2777 2749 2701 2719 2751
7 2849 2883 2804 2887 2826 2843 2828
6 2948 2997 2949 2967 2938 2988
7 3074 3061 3032 3096 3098 3083 3005
3 3124 3110 3117
7 3265 3266 3267 3223 3242 3276 3278
4 3330 3396 3351 3323
10 3488 3492 3414 3447 3401 3402 3419 3435 3421 3487
5 3520 3521 3588 3577 3583
9 3618 3666 3669 3654 3622 3671 3643 3660 3662
8 3778 3748 3780 3720 3769 3721 3723 3787
8 3825 3827 3891 3843 3892 3830 3847 3803
10 3968 4000 3906 3992 3931 3995 3997 3918 3950 3919
10 4080 4018 4084 4021 4023 4024 4073 4077 4061 4031
1 4117
2 4263 4218
6 4323 4310 4328 4312 4319 4367
8 4449 4450 4405 4407 4472 4491 4460 4446
10 4530 4562 4547 4516 4598 4599 4504 4586 4539 4527
9 4688 4609 4675 4628 4630 4679 4632 4602 4635
1 4764
1 4881
8 4912 4994 4963 4981 4918 4953 4988 4989
10 5009 5010 5027 5092 5029 5046 5063 5047 5049 5007
3 5186 5174 5179
2 5257 5292
4 5313 5317 5382 5358
8 5440 5441 5410 5476 5497 5449 5419 5407
7 5522 5587 5523 5531 5582 5566 5567
5 5616 5652 5689 5692 5677
8 5776 5730 5714 5717 5770 5739 5724 5710
7 5809 5830 5862 5831 5815 5833 5882
9 5923 5939 5907 5940 5908 5961 5946 5917 5935
10 6080 6016 6002 6052 6023 6074 6012 6061 6093 6047
10 6145 6163 6132 6101 6165 6151 6184 6121 6169 6174
1 6287
1 6363
3 6471 6408 6426
7 6544 6529 6515 6518 6537 6557 6526
3 6691 6697 6651
3 6752 6772 6735
7 6852 6858 6859 6861 6814 6815 6895
9 6929 6916 6981 6965 6937 6971 6988 6989 6974
10 7073 7027 7011 7013 7062 7064 7097 7018 7002 7099
5 7179 7197 7118 7182 7103
9 7281 7219 7205 7239 7225 7258 7227 7277 7261
3 7376 7380 7343
5 7456 7426 7495 7432 7420
10 7568 7584 7585 7521 7573 7590 7528 7545 7531 7580
2 7639 7688
8 7746 7730 7747 7733 7752 7708 7758 7790
1 7862
7 7904 7970 7955 7907 7925 7991 7919
3 8008 8056 8028
3 8106 8186 8127
10 8225 8244 8230 8216 8250 8282 8266 8269 8205 8285
6 8353 8305 8392 8377 8315 8351
10 8464 8433 8402 8453 8470 8439 8472 8475 8413 8462
3 8514 8597 8536
2 8627 8605
9 8800 8728 8776 8713 8762 8715 8716 8749 8797
2 8817 8834
3 8999 8968 8921
2 9014 9003
10 9184 9138 9107 9125 9158 9145 9114 9194 9180 9149
5 9203 9285 9255 9241 9278
6 9361 9394 9370 9388 9325 9342
9 9488 9456 9457 9491 9459 9460 9477 9468 9469
8 9536 9553 9586 9542 9510 9559 9596 9566
3 9636 9659 9676
7 9761 9701 9717 9703 9705 9707 9791
10 9876 9863 9832 9880 9816 9849 9898 9868 9804 9884
1 9904
3 10033 10025 10076
5 10193 10105 10122 10107 10191
5 10224 10291 10279 10280 10287
4 10310 10359 10332 10318
5 10432 10482 10454 10425 10428
4 10564 10598 10585 10591
1 10644
1 10779
1 10830
5 10961 10997 10949 10920 10925
6 11090 11015 11031 11085 11039 11055
6 11153 11189 11144 11145 11197 11166
6 11220 11252 11221 11290 11213 11295
1 11378
1 11453
6 11556 11531 11501 11551 11599 11535
9 11664 11697 11682 11669 11670 11692 11677 11613 11679
7 11746 11779 11766 11704 11788 11724 11709
5 11857 11826 11811 11859 11812
9 11984 11920 11937 11938 11924 11925 11928 11929 11945
10 12067 12099 12005 12006 12072 12088 12041 12013 12093 12046
8 12176 12179 12115 12133 12200 12152 12155 12142
8 12230 12263 12264 12248 12281 12265 12282 12284
2 12326 12376
6 12406 12471 12445 12494 12447 12479
3 12596 12550 12554
9 12641 12690 12675 12629 12614 12646 12663 12635 12654
2 12720 12722
9 12864 12851 12804 12884 12805 12887 12826 12811 12892
8 12978 12930 12947 12964 12997 12982 12935 12909
7 13056 13042 13032 13065 13034 13084 13052
10 13105 13154 13106 13186 13108 13191 13178 13180 13166 13151
10 13296 13248 13265 13284 13226 13242 13243 13276 13279 13295
9 13344 13376 13333 13382 13400 13324 13309 13342 13327
8 13410 13426 13478 13417 13418 13403 13405 13423
4 13508 13509 13557 13528
4 13634 13671 13672 13673
10 13792 13760 13777 13782 13751 13771 13740 13725 13790 13710
3 13808 13820 13868
8 13968 13937 13956 13990 13912 13929 13948 13917
4 14081 14017 14082 14052
3 14195 14148 14174
7 14274 14291 14213 14262 14267 14219 14287
3 14375 14380 14398
1 14497
9 14576 14577 14548 14551 14567 14585 14526 14591 14575
9 14689 14626 14659 14644 14696 14633 14635 14604 14636
7 14752 14704 14711 14778 14715 14733 14798
5 14819 14868 14886 14887 14862
9 14944 14945 14915 14916 14981 14968 14936 14987 14991
1 15066
10 15104 15200 15137 15138 15188 15125 15127 15165 15134 15119
9 15232 15222 15206 15286 15239 15207 15227 15211 15215
3 15309 15358 15327
9 15489 15476 15495 15401 15452 15453 15421 15437 15438
2 15515 15597
1 15661
6 15712 15745 15730 15748 15734 15771
2 15830 15870
4 15972 15911 15913 15933
7 16016 16006 16025 16090 16030 16095 16079
1 16136
10 16240 16208 16259 16227 16294 16262 16248 16234 16283 16253
6 16305 16343 16361 16380 16396 16302
9 16467 16404 16437 16469 16438 16408 16457 16445 16493
7 16513 16514 16564 16582 16568 16554 16527
4 16614 16647 16669 16653
1 16780
3 16884 16887 16856
4 16962 16954 16923 16991
2 17022 17070
7 17123 17124 17156 17145 17114 17130 17164
7 17216 17250 17237 17222 17238 17259 17229
6 17313 17318 17399 17306 17358 17327
9 17410 17459 17492 17461 17462 17446 17463 17403 17422
10 17552 17584 17585 17572 17525 17528 17515 17580 17549 17502
8 17696 17617 17655 17659 17611 17660 17662 17646
5 17776 17762 17767 17771 17772
7 17825 17857 17874 17811 17813 17818 17839
6 17912 17961 17914 17962 17902 17951
3 18098 18045 18029
7 18164 18181 18168 18120 18123 18156 18141
6 18208 18291 18297 18236 18222 18287
10 18337 18322 18308 18390 18361 18363 18315 18316 18348 18317
9 18482 18403 18421 18438 18439 18472 18424 18460 18430
7 18544 18592 18595 18549 18518 18536 18559
1 18613
5 18704 18754 18755 18723 18747
5 18819 18870 18873 18894 18863
7 18993 18946 18980 18968 18984 18990 18911
5 19032 19048 19006 19055 19087
1 19128
7 19297 19265 19251 19207 19256 19291 19213
3 19346 19316 19326
7 19441 19475 19461 19479 19416 19500 19404
10 19585 19506 19586 19509 19575 19511 19562 19546 19579 19583
2 19666 19657
9 19794 19795 19735 19799 19767 19705 19787 19772 19741
2 19892 19851
7 19969 19987 19928 19912 19998 19982 19967
8 20064 20049 20099 20005 20070 20072 20076 20028
3 20104 20141 20191
10 20257 20290 20262 20294 20248 20233 20217 20234 20251 20284
7 20353 20386 20341 20311 20345 20333 20335
10 20438 20406 20487 20440 20489 20491 20412 20428 20461 20431
6 20544 20596 20518 20521 20508 20525
1 20606
10 20736 20752 20771 20790 20742 20775 20701 20750 20798 20703
1 20879
3 20979 20935 20990
5 21074 21014 21049 21082 21071
8 21136 21137 21122 21186 21171 21140 21143 21192
9 21282 21298 21283 21206 21223 21288 21242 21292 21278
9 21329 21345 21330 21378 21384 21305 21354 21324 21342
7 21440 21443 21460 21415 21449 21403 21439
8 21555 21589 21558 21575 21511 21560 21501 21583
5 21690 21610 21695 21647 21615
7 21744 21777 21715 21747 21783 21720 21740
3 21857 21828 21855
7 21920 21954 21970 21956 21993 21929 21963
7 22099 22020 22037 22091 22093 22047 22015
3 22176 22128 22103
4 22209 22243 22234 22267
3 22305 22388 22316
4 22467 22493 22494 22415
1 22516
3 22660 22614 22647
5 22705 22771 22712 22701 22702
7 22864 22865 22882 22867 22855 22810 22842
10 22944 22960 22962 22930 22948 22997 22904 22922 22990 22991
1 23032
1 23112
3 23280 23238 23278
3 23335 23354 23307
1 23422
7 23552 23600 23594 23579 23564 23550 23503
8 23617 23668 23622 23658 23628 23677 23694 23695
6 23729 23746 23715 23703 23741 23791
5 23862 23897 23853 23886 23806
8 23953 23905 23923 23942 23974 23975 23931 23979
10 24016 24081 24052 24037 24023 24072 24089 24091 24092 24046
3 24122 24171 24174
4 24273 24217 24221 24287
3 24311 24362 24319
7 24481 24435 24500 24443 24427 24460 24445
2 24504 24574
1 24624
4 24768 24789 24727 24798
2 24802 24888
7 24944 24929 24980 24996 24949 24955 24926
6 25072 25024 25044 25092 25094 25052
2 25153 25127
1 25253
2 25345 25301
1 25500
3 25553 25543 25575
4 25681 25604 25654 25678
2 25778 25719
4 25808 25860 25879 25898
10 25921 25970 25955 25974 25978 25948 25949 25933 25902 25903
3 26053 26070 26042
10 26112 26148 26198 26120 26152 26105 26169 26140 26158 26143
3 26245 26283 26286
8 26384 26385 26312 26361 26379 26363 26334 26367
6 26451 26500 26456 26443 26444 26493
9 26545 26561 26562 26518 26566 26567 26537 26585 26539
9 26642 26691 26676 26631 26632 26697 26619 26687 26671
6 26706 26771 26761 26779 26780 26750
2 26888 26827
2 26913 26903
10 27042 27045 27046 27014 27016 27001 27082 27002 27051 27021
8 27120 27106 27172 27140 27175 27178 27133 27134
7 27281 27285 27205 27270 27291 27262 27247
7 27329 27314 27362 27398 27335 27310 27374
3 27458 27461 27414
5 27552 27558 27564 27580 27599
4 27616 27671 27641 27676
3 27765 27705 27724
3 27842 27869 27839
7 27985 27975 27960 27916 27996 27933 27919
8 28017 28019 28052 28005 28040 28010 28042 28095
4 28128 28197 28183 28143
3 28228 28233 28203
7 28357 28390 28329 28331 28395 28397 28303
10 28465 28404 28484 28408 28424 28457 28441 28426 28459 28477
8 28562 28563 28595 28565 28517 28501 28551 28575
2 28640 28694
1 28741
6 28897 28837 28887 28827 28830 28815
5 28962 28996 28970 28955 28973
7 29058 29092 29078 29098 29067 29020 29005
4 29107 29162 29133 29119
10 29219 29220 29269 29205 29254 29208 29225 29290 29229 29279
7 29312 29314 29379 29315 29335 29370 29341
1 29447
7 29520 29506 29507 29512 29528 29547 29515
6 29617 29649 29684 29604 29606 29692
5 29728 29747 29785 29754 29711
3 29840 29848 29899
5 29923 29959 29963 29966 29919
10 30096 30084 30036 30037 30010 30090 30076 30045 30046 30094
9 30160 30146 30181 30149 30166 30183 30151 30139 30158
10 30224 30260 30214 30262 30249 30265 30266 30237 30239 30255
8 30368 30337 30321 30322 30340 30347 30332 30333
8 30433 30500 30422 30407 30471 30440 30442 30462
9 30576 30579 30597 30533 30567 30552 30540 30572 30541
4 30658 30613 30617 30669
2 30724 30703
9 30880 30897 30866 30802 30898 30853 30838 30812 30846
9 30962 30963 30947 30970 30925 30973 30926 30990 30991
2 31016 31005
3 31172 31157 31160
10 31297 31234 31250 31300 31221 31237 31271 31207 31255 31291
10 31314 31330 31331 31318 31399 31400 31384 31340 31356 31310
10 31425 31426 31446 31447 31432 31481 31433 31483 31421 31486
3 31537 31588 31518
10 31620 31652 31608 31673 31610 31674 31675 31660 31661 31663
2 31778 31720
1 31808
9 31953 31905 31922 31909 31973 31944 31960 31916 31964
9 32049 32082 32022 32086 32070 32072 32092 32047 32079
5 32193 32164 32154 32188 32191
10 32256 32257 32242 32227 32275 32277 32214 32219 32300 32238
9 32400 32354 32306 32386 32323 32324 32389 32390 32302
6 32416 32484 32410 32429 32494 32495
2 32517 32588
10 32624 32693 32694 32601 32666 32602 32634 32619 32668 32685
4 32786 32756 32790 32735
2 32870 32807
1 32904
7 33073 33027 33060 33095 33066 33004 33053
5 33169 33147 33196 33180 33165
10 33249 33281 33233 33267 33269 33273 33257 33244 33277 33214
5 33330 33346 33380 33339 33341
9 33488 33440 33456 33441 33491 33451 33484 33471 33439
9 33554 33523 33525 33512 33561 33546 33563 33548 33534
6 33648 33668 33674 33659 33662 33630
4 33714 33778 33720 33723
10 33858 33813 33831 33847 33819 33837 33805 33870 33839 33887
7 33969 33971 33941 33930 33931 33919 33999
5 34064 34036 34070 34056 34012
2 34113 34117
2 34210 34258
1 34321
10 34496 34450 34436 34469 34405 34410 34490 34476 34460 34492
4 34512 34564 34501 34520
2 34626 34700
10 34752 34785 34786 34756 34772 34708 34726 34727 34761 34718
9 34817 34850 34819 34884 34853 34855 34809 34876 34878
4 34992 34998 34952 34969
7 35072 35073 35058 35026 35044 35095 35055
1 35118
7 35251 35236 35287 35240 35256 35274 35276
3 35316 35351 35385
3 35460 35401 35451
1 35580
9 35633 35666 35637 35656 35640 35674 35643 35679 35615
1 35798
8 35857 35892 35864 35801 35851 35805 35870 35855
2 35927 35977
1 36100
2 36182 36110
8 36273 36290 36262 36215 36249 36221 36205 36237
1 36323
5 36418 36485 36443 36478 36495
9 36512 36564 36518 36583 36504 36538 36540 36588 36511
5 36642 36613 36631 36619 36684
4 36753 36754 36708 36767
3 36870 36878 36863
1 36962
4 37057 37075 37030 37080
10 37136 37137 37138 37106 37127 37128 37129 37178 37179 37116
6 37264 37250 37268 37244 37230 37278
3 37398 37399 37307
1 37458
7 37537 37507 37540 37559 37577 37530 37599
3 37652 37646 37695
3 37760 37797 37765
9 37841 37810 37875 37846 37863 37815 37832 37880 37805
7 37974 37958 37911 37992 37948 37933 37998
3 38001 38088 38059
9 38193 38130 38115 38195 38198 38167 38188 38156 38140
5 38224 38278 38283 38268 38236
2 38359 38313
9 38417 38419 38484 38405 38426 38458 38410 38428 38431
6 38597 38565 38566 38518 38553 38508
10 38673 38610 38611 38628 38646 38632 38696 38698 38604 38622
1 38703
9 38881 38898 38819 38886 38890 38845 38814 38895 38847
7 38992 38903 38952 38984 38904 38955 38908
7 39056 39031 39032 39033 39003 39086 39087
6 39200 39121 39106 39191 39196 39165
8 39216 39280 39201 39252 39225 39274 39278 39263
6 39347 39317 39323 39308 39374 39327
2 39500 39471
6 39554 39522 39556 39589 39512 39579
2 39627 39628
8 39712 39777 39729 39796 39719 39784 39706 39740
8 39808 39860 39814 39830 39815 39847 39868 39804
5 39938 39906 39943 39977 39914
2 40097 40088
6 40128 40160 40163 40199 40187 40124
10 40241 40259 40245 40278 40231 40279 40264 40266 40236 40222
1 40341
4 40448 40401 40497 40451
9 40530 40517 40583 40535 40568 40521 40554 40539 40573
10 40642 40678 40696 40632 40633 40618 40669 40605 40654 40638
3 40723 40790 40766
7 40839 40808 40889 40809 40891 40878 40894
4 40994 40962 40970 40938
3 41076 41031 41053
1 41189
10 41250 41203 41300 41237 41287 41223 41209 41274 41242 41293
2 41377 41347
3 41461 41431 41423
7 41555 41541 41544 41529 41581 41582 41567
3 41620 41654 41643
2 41795 41725
9 41857 41825 41858 41844 41861 41866 41834 41853 41806
5 41904 41908 41962 41996 41965
4 42033 42099 42074 42059
10 42180 42102 42198 42183 42184 42121 42105 42154 42124 42159
8 42211 42216 42234 42266 42253 42285 42237 42207
3 42306 42325 42335
7 42433 42435 42440 42473 42443 42493 42431
2 42530 42543
3 42614 42665 42604
7 42739 42772 42758 42775 42792 42728 42729
4 42865 42808 42844 42893
6 42913 42968 42920 42986 42987 42957
2 43043 43054
10 43153 43169 43158 43111 43143 43145 43147 43117 43181 43119
4 43286 43239 43242 43230
3 43369 43390 43310
5 43488 43425 43462 43483 43406
5 43592 43512 43596 43549 43551
5 43668 43640 43674 43644 43677
7 43730 43765 43733 43798 43704 43721 43786
3 43890 43844 43814
1 43955
8 44080 44018 44007 44010 44077 44094 44078 44063
2 44177 44197
2 44260 44286
3 44355 44343 44360
5 44404 44472 44475 44479 44495
7 44577 44593 44594 44564 44565 44567 44535
6 44657 44673 44677 44665 44605 44623
5 44728 44747 44715 44782 44767
4 44848 44896 44884 44811
7 44993 44946 44981 44904 44989 44974 44911
5 45048 45034 45083 45020 45053
3 45174 45113 45118
7 45218 45269 45253 45270 45207 45276 45247
8 45315 45381 45301 45351 45322 45354 45309 45390
1 45476
1 45565
5 45697 45633 45621 45688 45640
3 45734 45719 45736
1 45833
10 45984 45923 45958 45976 45944 45964 45980 45997 45998 45950
7 46070 46039 46073 46009 46074 46012 46015
3 46182 46119 46140
2 46295 46284
2 46305 46306
2 46457 46410
5 46560 46576 46567 46552 46572
4 46657 46651 46684 46687
8 46737 46788 46709 46710 46775 46728 46730 46797
8 46864 46834 46882 46853 46871 46887 46890 46878
7 46928 46944 46915 46980 46938 46925 46975
3 47045 47081 47007
6 47185 47121 47122 47175 47193 47179
6 47281 47266 47208 47257 47226 47263
10 47362 47349 47337 47339 47355 47389 47325 47358 47359 47343
7 47489 47427 47477 47431 47479 47433 47403
8 47523 47540 47541 47574 47510 47575 47579 47599
6 47616 47601 47617 47652 47622 47693
2 47783 47771
9 47841 47890 47812 47860 47815 47802 47899 47822 47807
8 47952 48000 47906 47958 47960 47946 47915 47983
10 48052 48036 48070 48086 48009 48089 48026 48093 48031 48095
6 48160 48146 48196 48119 48199 48107
1 48269
9 48320 48387 48308 48340 48393 48362 48398 48350 48351
1 48469
6 48514 48547 48536 48554 48589 48511
2 48619 48654
1 48740
10 48896 48852 48804 48869 48806 48807 48888 48874 48828 48895
5 48978 48949 48968 48926 48943
7 49008 49058 49063 49080 49017 49067 49038
2 49121 49175
1 49293
5 49318 49336 49371 49373 49374
6 49425 49412 49462 49417 49438 49471
5 49507 49543 49581 49551 49535
3 49616 49672 49624
1 49771
8 49840 49890 49814 49846 49835 49837 49854 49806
7 49936 49906 49972 49908 49991 49917 49983
3 50001 50088 50094
10 50146 50147 50148 50134 50119 50169 50154 50108 50125 50174
2 50211 50234
4 50353 50323 50307 50382
4 50433 50458 50459 50495
7 50593 50579 50566 50568 50521 50525 50510
3 50609 50645 50605
9 50720 50784 50792 50761 50779 50715 50749 50765 50701
7 50884 50871 50824 50873 50889 50814 50878
8 50945 50997 50949 50921 50907 50956 50973 50991
2 51074 51064
5 51169 51188 51156 51116 51199
10 51232 51201 51202 51298 51221 51241 51258 51277 51230 51295
2 51334 51343
8 51441 51401 51449 51466 51403 51404 51436 51422
4 51504 51527 51546 51502
10 51666 51604 51700 51637 51674 51659 51660 51661 51646 51647
6 51715 51779 51748 51796 51800 51740
10 51856 51874 51810 51875 51877 51830 51879 51833 51882 51854
6 51920 51987 51939 51995 51902 51919
7 52001 52019 52007 52056 52059 52091 52045
9 52181 52101 52117 52183 52103 52168 52156 52188 52111
9 52209 52210 52291 52261 52213 52295 52264 52248 52287
3 52322 52379 52318
6 52497 52483 52486 52408 52491 52445
6 52544 52546 52579 52581 52550 52600
7 52659 52681 52602 52666 52698 52651 52669
2 52736 52746
3 52853 52892 52878
3 52961 52966 52987
9 53025 53011 53076 53028 53092 53016 53082 53050 53037
8 53122 53190 53160 53193 53101 53150 53198 53119
3 53202 53254 53272
5 53312 53317 53365 53399 53335
1 53454
2 53539 53530
8 53648 53617 53601 53669 53608 53625 53610 53678
10 53795 53764 53766 53783 53720 53705 53737 53787 53771 53790
8 53858 53859 53831 53849 53820 53854 53871 53839
5 53952 53922 53943 53976 53965
5 54034 54054 54010 54060 54012
3 54147 54155 54187
8 54276 54292 54202 54251 54203 54238 54271 54223
6 54336 54370 54324 54389 54390 54331
8 54496 54448 54451 54484 54407 54488 54429 54462
2 54514 54507
8 54608 54640 54673 54692 54630 54664 54648 54637
4 54709 54742 54718 54703
9 54834 54818 54882 54885 54837 54854 54840 54825 54812
9 54964 54933 54967 54904 54920 54921 54906 54939 54910
10 55009 55089 55043 55064 55001 55098 55050 55052 55100 55038
6 55200 55140 55110 55111 55165 55197
6 55264 55217 55276 55246 55262 55215
5 55315 55303 55400 55340 55359
7 55457 55410 55412 55446 55435 55485 55438
8 55585 55537 55510 55545 55594 55530 55596 55519
9 55633 55602 55636 55605 55653 55654 55686 55692 55646
3 55779 55707 55723
5 55873 55812 55837 55886 55838
5 55969 55908 55962 55931 55951
1 56093
3 56134 56199 56175
3 56280 56237 56269
9 56400 56353 56306 56325 56374 56347 56332 56381 56302
3 56470 56486 56408
3 56593 56530 56557
2 56617 56670
1 56755
4 56817 56833 56808 56860
6 56929 56978 56948 56965 56999 56985
1 57009
7 57107 57155 57124 57191 57128 57164 57197
1 57219
2 57361 57351
8 57425 57409 57459 57462 57415 57448 57433 57498
9 57537 57571 57587 57588 57572 57562 57595 57516 57551
3 57632 57601 57672
6 57776 57714 57735 57720 57768 57772
6 57856 57874 57811 57845 57881 57820
3 57972 57942 57917
8 58019 58004 58069 58055 58040 58091 58060 58095
10 58144 58147 58118 58168 58137 58185 58169 58190 58110 58143
5 58244 58262 58295 58232 58235
5 58304 58322 58359 58311 58395
7 58480 58465 58466 58500 58453 58471 58410
1 58556
7 58626 58642 58677 58681 58699 58620 58670
10 58755 58723 58710 58776 58793 58762 58794 58750 58702 58734
6 58816 58899 58872 58878 58862 58879
9 58912 58979 58947 58964 58982 58904 58925 58926 58942
5 59058 59076 59093 59085 59071
2 59179 59181
1 59221
4 59331 59384 59309 59342
5 59441 59475 59479 59495 59481
10 59520 59539 59509 59543 59592 59529 59513 59545 59548 59550
8 59665 59671 59640 59656 59673 59611 59662 59663
9 59762 59765 59749 59752 59769 59737 59771 59789 59775
3 59889 59830 59896
1 59939
1 60060
10 60129 60114 60133 60165 60134 60183 60104 60153 60155 60124
5 60289 60275 60219 60235 60222
6 60304 60336 60310 60375 60327 60344
8 60452 60421 60423 60440 60425 60445 60462 60447
2 60548 60571
2 60675 60603
3 60736 60742 60777
2 60899 60857
1 60934
2 61082 61018
9 61168 61120 61136 61138 61156 61157 61127 61102 61183
10 61216 61265 61298 61219 61283 61207 61223 61241 61278 61214
9 61331 61347 61349 61366 61304 61370 61372 61327 61375
10 61472 61410 61474 61415 61496 61466 61450 61468 61500 61471
10 61584 61537 61542 61575 61560 61528 61579 61515 61550 61535
4 61666 61657 61693 61661
1 61736
7 61889 61815 61848 61899 61835 61869 61855
5 61905 61937 61970 61907 61979
5 62048 62097 62036 62086 62061
7 62131 62166 62119 62200 62155 62123 62189
4 62240 62229 62294 62239
5 62336 62321 62306 62339 62341
10 62465 62450 62468 62453 62486 62455 62410 62442 62492 62495
9 62592 62532 62517 62502 62537 62505 62538 62542 62511
7 62688 62691 62678 62680 62616 62698 62607
1 62781
1 62842
4 62932 62950 62925 62927
6 63011 63060 63092 63017 63098 63051
10 63120 63152 63169 63123 63107 63191 63192 63193 63177 63166
8 63265 63236 63206 63238 63210 63226 63261 63293
6 63313 63315 63331 63347 63333 63366
3 63432 63450 63402
1 63581
5 63658 63676 63677 63614 63630
8 63763 63717 63781 63702 63755 63723 63739 63742
9 63844 63877 63897 63867 63836 63900 63804 63820 63806
9 63970 63986 63975 63978 63930 63914 63915 63931 63983
6 64096 64067 64025 64059 64094 64015
5 64165 64199 64105 64185 64126
5 64213 64203 64220 64236 64287
5 64337 64312 64394 64301 64383
6 64482 64434 64423 64488 64425 64459
10 64531 64581 64597 64549 64565 64550 64504 64509 64590 64575
2 64689 64629
7 64784 64785 64787 64741 64725 64793 64701
3 64856 64876 64878
10 64944 64961 64935 64983 64952 64905 64953 64922 64939 64926
8 65010 65074 65075 65095 65017 65020 65005 65023
10 65200 65105 65121 65186 65125 65111 65160 65177 65162 65103
10 65232 65281 65267 65205 65287 65226 65210 65291 65278 65247
7 65360 65381 65320 65353 65385 65308 65311
2 65463 65438
9 65569 65552 65568 65577 65576 65563 65597 65533 65596
8 65685 65669 65622 65654 65638 65629 65693 65614
8 65715 65795 65749 65721 65740 65724 65791 65711
8 65815 65814 65849 65803 65837 65885 65887 65823
6 65923 65958 65945 65961 65947 65918
9 66033 66065 66080 66067 66099 66019 66011 66029 66044
3 66167 66136 66142
3 66227 66219 66282
4 66352 66323 66340 66399
6 66436 66423 66443 66442 66490 66494
7 66532 66582 66569 66584 66509 66557 66558
10 66672 66659 66674 66649 66683 66619 66602 66637 66621 66622
9 66769 66753 66768 66787 66706 66728 66764 66796 66799
7 66880 66820 66824 66877 66893 66844 66814
1 66979
1 67009
9 67120 67140 67156 67191 67158 67177 67112 67163 67178
4 67232 67271 67209 67292
1 67304
9 67488 67411 67492 67476 67446 67449 67451 67405 67500
2 67545 67547
8 67697 67696 67680 67651 67637 67626 67642 67630
2 67716 67708
6 67809 67824 67859 67831 67830 67886
2 67904 67961
1 68073
4 68145 68117 68133 68180
7 68288 68272 68213 68216 68267 68235 68220
8 68368 68306 68343 68374 68326 68363 68335 68399
4 68433 68438 68461 68478
9 68529 68562 68533 68517 68535 68585 68537 68505 68556
4 68663 68680 68635 68687
3 68706 68763 68735
1 68831
2 68921 68941
8 69013 69092 69083 69099 69069 69021 69039 69055
7 69139 69186 69111 69160 69178 69197 69198
6 69297 69267 69237 69221 69206 69213
9 69347 69314 69394 69380 69302 69337 69304 69343 69374
6 69444 69478 69496 69419 69499 69422
2 69595 69514
4 69667 69698 69673 69643
10 69760 69744 69717 69798 69752 69739 69771 69738 69786 69724
9 69873 69892 69814 69881 69864 69803 69869 69853 69887
8 70000 69984 69988 69991 69942 69928 69981 69996
9 70097 70001 70081 70017 70096 70099 70053 70022 70092
1 70200
3 70294 70298 70300
10 70384 70336 70368 70339 70371 70389 70308 70345 70378 70396
10 70497 70402 70436 70404 70407 70487 70439 70422 70454 70477
5 70529 70515 70519 70585 70542
8 70626 70678 70696 70664 70637 70668 70620 70639
9 70709 70725 70741 70772 70710 70792 70795 70749 70718
7 70816 70803 70885 70820 70807 70856 70812
2 70977 70930
9 71026 71063 71015 71095 71049 71002 71071 71086 71038
7 71139 71155 71125 71142 71161 71101 71132
10 71297 71283 71282 71234 71255 71238 71273 71225 71288 71212
9 71362 71394 71365 71381 71399 71318 71370 71340 71359
2 71480 71405
2 71587 71508
10 71664 71632 71685 71653 71700 71622 71686 71689 71660 71679
1 71772
3 71858 71801 71855
1 71930
4 72032 72024 72029 72045
1 72118
8 72227 72242 72247 72263 72296 72203 72237 72255
10 72369 72353 72359 72342 72313 72344 72315 72365 72333 72319
9 72435 72466 72404 72486 72472 72491 72427 72477 72479
5 72579 72569 72584 72522 72572
9 72691 72661 72695 72662 72665 72601 72632 72699 72636
5 72786 72754 72789 72729 72734
6 72848 72850 72807 72870 72857 72844
7 72961 72965 72985 72905 73000 72973 72926
3 73032 73037 73004
7 73104 73120 73173 73111 73158 73130 73178
4 73249 73201 73271 73258
4 73397 73400 73309 73342
3 73495 73430 73419
4 73508 73524 73556 73526
10 73605 73669 73623 73673 73672 73658 73690 73674 73661 73676
1 73713
1 73838
6 73941 73977 73978 73919 73967 73998
5 74017 74016 74069 74007 74043
5 74177 74176 74115 74146 74159
1 74249
3 74353 74379 74330
7 74496 74466 74469 74479 74414 74430 74478
5 74514 74564 74503 74570 74524
1 74634
9 74739 74740 74788 74710 74744 74747 74731 74797 74750
7 74865 74897 74817 74818 74820 74822 74808
1 74931
3 75015 75078 75094
1 75120
4 75299 75225 75224 75211
5 75312 75381 75337 75373 75342
6 75441 75461 75445 75495 75449 75435
8 75505 75587 75524 75572 75512 75549 75580 75535
9 75696 75680 75623 75687 75622 75656 75676 75692 75646
3 75795 75732 75739
4 75872 75849 75896 75836
4 75940 75962 75965 75980
7 76049 76037 76021 76041 76024 76028 76078
7 76145 76117 76116 76198 76184 76168 76189
2 76225 76249
3 76306 76386 76335
2 76492 76446
5 76564 76503 76504 76523 76555
6 76626 76681 76669 76637 76622 76686
9 76754 76740 76715 76794 76796 76764 76767 76734 76798
3 76807 76854 76829
6 76978 76997 76933 76996 76987 76908
1 77005
4 77174 77161 77162 77114
3 77202 77255 77222
8 77393 77395 77314 77332 77304 77323 77306 77372
6 77442 77461 77430 77401 77437 77454
5 77571 77586 77512 77535 77518
1 77680
4 77762 77800 77722 77742
1 77872
9 77954 77909 77956 77977 77949 77981 77980 77918 77934
3 78001 78009 78058
7 78113 78131 78114 78132 78151 78185 78168
1 78257
4 78384 78400 78386 78393
10 78483 78402 78482 78471 78489 78409 78488 78456 78495 78414
3 78517 78580 78504
9 78673 78675 78678 78616 78666 78653 78685 78700 78620
8 78787 78742 78728 78763 78731 78746 78748 78716
7 78885 78823 78841 78888 78875 78844 78812
5 78982 78934 78955 78939 78908
6 79028 79033 79036 79068 79052 79054
4 79120 79168 79109 79175
9 79216 79299 79283 79298 79221 79236 79300 79284 79288
3 79380 79348 79326
1 79417
3 79576 79547 79551
4 79603 79699 79700 79608
3 79720 79800 79755
4 79872 79859 79829 79850
3 79904 79938 79972
6 80001 80096 80068 80084 80054 80046
1 80144
4 80240 80277 80279 80230
8 80371 80370 80372 80324 80374 80361 80328 80366
2 80436 80487
1 80585
2 80680 80639
8 80741 80756 80711 80791 80726 80713 80747 80794
7 80896 80899 80802 80836 80870 80829 80814
5 80951 80937 80905 80986 80925
7 81008 81061 81031 81046 81094 81032 81084
4 81105 81168 81152 81180
9 81217 81248 81219 81284 81255 81256 81291 81211 81292
4 81347 81314 81351 81307
4 81473 81427 81474 81405
7 81568 81586 81556 81576 81560 81562 81517
7 81681 81666 81638 81624 81608 81675 81663
6 81794 81796 81771 81707 81706 81725
10 81889 81811 81826 81861 81863 81849 81832 81851 81900 81804
2 81908 81982
6 82032 82018 82021 82058 82045 82062
8 82103 82134 82184 82139 82170 82141 82109 82175
6 82227 82291 82229 82268 82204 82300
4 82345 82347 82346 82378
3 82452 82491 82490
4 82512 82550 82553 82569
10 82672 82659 82627 82629 82647 82663 82651 82683 82636 82670
5 82789 82772 82760 82765 82780
1 82847
2 82994 82934
3 83042 83083 83007
3 83127 83130 83165
8 83265 83280 83206 83288 83208 83261 83212 83276
7 83329 83330 83349 83385 83368 83309 83343
3 83408 83410 83466
6 83584 83520 83522 83586 83519 83567
4 83608 83626 83676 83644
1 83796
9 83827 83890 83892 83830 83833 83864 83819 83836 83868
7 83940 83975 83913 83931 83930 83946 83902
10 84097 84033 84051 84068 84084 84100 84052 84089 84013 84094
1 84112
2 84227 84235
4 84307 84306 84312 84379
6 84435 84466 84498 84404 84407 84488
10 84545 84561 84562 84519 84537 84507 84523 84573 84541 84511
2 84677 84606
1 84728
7 84819 84841 84888 84875 84810 84844 84812
2 84953 84991
3 85041 85076 85069
1 85116
10 85201 85280 85216 85266 85234 85239 85258 85213 85245 85247
5 85393 85383 85385 85352 85389
10 85474 85447 85432 85499 85482 85405 85436 85468 85423 85471
5 85569 85526 85596 85502 85550
10 85680 85652 85620 85654 85622 85626 85658 85660 85695 85678
5 85734 85782 85706 85789 85727
7 85809 85860 85878 85850 85821 85804 85838
10 85920 85955 85907 85954 85943 85960 85992 85949 85981 85998
5 86098 86037 86072 86028 86015
5 86163 86197 86155 86173 86158
6 86257 86209 86289 86290 86217 86282
1 86337
8 86420 86409 86490 86442 86458 86445 86479 86478
6 86533 86536 86504 86570 86573 86525
9 86625 86626 86674 86644 86628 86679 86630 86633 86620
9 86771 86770 86757 86777 86760 86778 86717 86781 86782
7 86882 86884 86825 86872 86875 86811 86890
2 86929 86918
5 87001 87035 87036 87071 87022
8 87153 87105 87104 87124 87176 87195 87165 87198
9 87267 87218 87205 87285 87225 87290 87244 87215 87278
9 87313 87328 87395 87394 87378 87397 87382 87374 87326
4 87427 87442 87430 87401
6 87536 87538 87557 87575 87533 87564
2 87609 87628
10 87777 87730 87746 87717 87781 87796 87784 87724 87727 87775
4 87888 87824 87893 87869
7 87904 87924 87991 87958 87978 87980 87903
3 88081 88048 88010
7 88113 88147 88135 88119 88198 88171 88139
10 88289 88227 88211 88277 88276 88246 88265 88298 88252 88204
6 88304 88355 88391 88390 88317 88351
1 88489
10 88592 88595 88531 88578 88501 88516 88582 88521 88586 88506
2 88625 88655
4 88723 88756 88744 88732
1 88818
2 88985 88968
10 89092 89062 89046 89081 89065 89096 89032 89084 89100 89022
3 89181 89167 89118
7 89248 89283 89298 89221 89238 89286 89272
5 89400 89387 89357 89372 89388
6 89473 89410 89418 89405 89436 89470
1 89506
9 89649 89617 89696 89666 89607 89639 89687 89606 89675
10 89712 89792 89760 89715 89762 89749 89718 89738 89791 89790
5 89841 89883 89818 89836 89822
3 89987 89975 89901
4 90097 90033 90019 90056
1 90188
8 90225 90211 90243 90244 90228 90214 90203 90268
4 90328 90330 90301 90398
2 90486 90475
4 90578 90562 90571 90539
6 90608 90661 90644 90676 90668 90607
5 90789 90788 90744 90781 90796
8 90881 90880 90848 90802 90900 90856 90872 90829
5 90993 90913 90967 90902 90904
10 91091 91043 91058 91077 91016 91066 91021 91085 91020 91086
5 91155 91125 91177 91132 91134
2 91255 91242
1 91382
5 91425 91488 91490 91402 91453
4 91569 91521 91533 91567
2 91659 91692
6 91798 91707 91706 91770 91709 91726
3 91895 91819 91807
2 91987 91992
2 92040 92074
3 92168 92138 92156
10 92241 92275 92274 92260 92230 92264 92298 92250 92285 92287
3 92341 92361 92345
9 92401 92452 92457 92409 92456 92491 92474 92493 92446
6 92532 92537 92589 92573 92525 92526
2 92609 92631
4 92722 92773 92759 92702
8 92833 92865 92834 92870 92890 92845 92893 92879
7 92915 92996 92948 92923 92975 92910 92942
6 93088 93043 93003 93002 93004 93100
6 93139 93157 93109 93143 93147 93167
8 93233 93280 93203 93205 93258 93226 93245 93295
7 93378 93349 93348 93318 93369 93338 93373
2 93433 93482
7 93569 93520 93538 93509 93561 93515 93514
8 93601 93618 93698 93604 93659 93642 93612 93694
9 93745 93762 93733 93748 93766 93800 93724 93791 93790
7 93809 93811 93810 93842 93812 93815 93866
10 93905 93985 93989 93924 93993 93961 93928 93915 93978 93948
1 94047
3 94153 94141 94172
4 94215 94231 94270 94238
7 94357 94324 94394 94301 94316 94380 94319
8 94448 94402 94418 94498 94469 94424 94427 94476
8 94529 94530 94514 94565 94597 94567 94534 94553
6 94689 94656 94645 94662 94667 94670
10 94705 94721 94786 94790 94776 94795 94733 94797 94766 94734
9 94899 94803 94838 94824 94861 94813 94812 94846 94878
4 94961 94901 94985 94940
4 95042 95029 95035 95053
4 95200 95139 95156 95165
7 95281 95251 95218 95291 95293 95247 95263
8 95329 95392 95360 95362 95301 95380 95341 95390
2 95409 95460
5 95537 95553 95526 95513 95565
4 95649 95700 95656 95677
10 95763 95746 95733 95701 95767 95783 95702 95720 95800 95709
2 95844 95868
6 95909 95957 95944 95963 95917 95980
7 96065 96097 96051 96018 96045 96095 96030
8 96113 96177 96112 96147 96194 96117 96137 96172
3 96294 96284 96270
10 96305 96384 96320 96338 96357 96389 96344 96365 96316 96350
3 96449 96484 96476
6 96529 96517 96597 96599 96600 96554
7 96658 96645 96665 96651 96683 96634 96654
7 96775 96774 96731 96779 96795 96794 96797
9 96817 96899 96867 96882 96869 96886 96810 96847 96846
1 96923
8 97059 97029 97076 97095 97065 97016 97096 97003
2 97162 97167
9 97216 97266 97273 97240 97275 97274 97245 97244 97279
7 97393 97351 97320 97341 97308 97311 97358
7 97456 97444 97492 97463 97496 97402 97438
4 97528 97578 97501 97518
6 97632 97667 97618 97638 97661 97662
9 97761 97728 97796 97798 97723 97741 97756 97711 97726
4 97825 97893 97831 97866
6 97937 97970 97975 97930 97948 97918
8 98067 98036 98006 98041 98009 98093 98094 98078
5 98129 98164 98166 98198 98136
1 98237
1 98319
5 98480 98419 98434 98484 98500
7 98593 98513 98562 98519 98585 98556 98558
7 98691 98647 98601 98664 98666 98639 98606
8 98736 98789 98756 98775 98790 98763 98719 98798
4 98881 98820 98845 98879
10 98928 98979 98994 98978 98916 98903 98987 98938 98989 98972
8 99043 99080 99064 99032 99083 99098 99021 99022
6 99168 99156 99161 99112 99195 99164
4 99268 99286 99275 99290
3 99344 99357 99390
7 99489 99411 99493 99465 99467 99452 99470
3 99531 99596 99599
7 99635 99634 99622 99606 99672 99694 99678
9 99760 99763 99765 99734 99737 99721 99722 99757 99740
5 99873 99867 99837 99853 99836
2 99989 99962
