1000000000 1000
1 398705788
1 942292917
1 579187327
1 390227322
1 408584881
1 907379550
1 441476727
1 655711932
1 540153233
1 462139043
1 815725269
1 595862924
1 413110317
1 689668809
1 315209566
1 196297669
1 101922137
1 745748131
1 541399779
1 28856983
1 599028104
1 608806857
1 681906931
1 578338644
1 363992787
1 191796088
1 320935088
1 343127767
1 409656582
1 924163473
1 884465727
1 756117504
1 150446681
1 532271153
1 208331416
1 118669794
1 792634239
1 518696175
1 688873312
1 910119794
1 364640330
1 953224566
1 406040419
1 682884025
1 592268128
1 413760876
1 616363963
1 297302175
1 779415427
1 852188575
1 407692982
1 799690819
1 300864973
1 123289814
1 887924531
1 758318548
1 636413200
1 443801585
1 198548781
1 312815098
1 22459620
1 522209401
1 852037362
1 927842518
1 23665878
1 487636644
1 189808777
1 503256780
1 500239087
1 864212733
1 959079069
1 969870827
1 154399688
1 308230988
1 809983077
1 448316742
1 205617421
1 694331154
1 38785647
1 198397965
1 685825827
1 90353001
1 731986314
1 815606964
1 898131224
1 723294446
1 824939533
1 818216353
1 298347527
1 109770509
1 340402336
1 423186521
1 36934032
1 526859353
1 935315396
1 984850594
1 849462233
1 533463764
1 700180383
1 825564674
1 763821398
1 402057649
1 948134382
1 311706845
1 276766464
1 79787286
1 394294843
1 84144818
1 251741216
1 750588436
1 665578652
1 26722900
1 67907984
1 365320321
1 66688037
1 256980238
1 881869623
1 503307236
1 184904685
1 938625504
1 31974687
1 996621192
1 478260411
1 222973160
1 37477940
1 986759603
1 455110990
1 514580700
1 229391003
1 164763121
1 651702598
1 131562676
1 144678578
1 10013540
1 95930766
1 621290769
1 25433655
1 122558407
1 612938862
1 56939481
1 936199831
1 63939419
1 652161043
1 846458473
1 74987673
1 521003713
1 941102362
1 679026060
1 61942486
1 917162625
1 731827249
1 639350883
1 836900099
1 850448809
1 43125596
1 658269916
1 111840770
1 912264661
1 320093944
1 283400085
1 302374529
1 556158497
1 436096048
1 236704872
1 949636545
1 673920457
1 450246280
1 646223255
1 70584928
1 925539733
1 43851704
1 471179690
1 128538578
1 143867247
1 602267218
1 347294486
1 442605442
1 190304725
1 764153810
1 690907863
1 546263241
1 730418693
1 706018477
1 227449367
1 337926627
1 439001719
1 799257628
1 635537135
1 545834302
1 893610511
1 26502794
1 208543210
1 246408451
1 64305365
1 177772743
1 793505168
1 763240404
1 141951563
1 445770052
1 397876804
1 714901275
1 291467279
1 710249921
1 179672297
1 15299549
1 60417288
1 820469600
1 967167935
1 651088568
1 918791232
1 620171776
1 644462625
1 372577811
1 879660691
1 113459880
1 646277078
1 709195936
1 997935108
1 4942552
1 242068727
1 92235777
1 369841916
1 961690502
1 768843674
1 854137338
1 795287380
1 356834581
1 83478506
1 421602393
1 796763171
1 364279326
1 899328997
1 172397709
1 653660382
1 923013995
1 670190838
1 371821116
1 351694189
1 673009198
1 653899935
1 551565135
1 747078832
1 477255124
1 299633707
1 624627424
1 957505569
1 167562680
1 757867891
1 741570810
1 951947397
1 319798952
1 919804602
1 858736312
1 852331351
1 41474300
1 123210777
1 239682393
1 332355148
1 636885065
1 31310388
1 771102573
1 482391618
1 922901006
1 143635193
1 291648275
1 63647882
1 847545409
1 20187093
1 391339136
1 584386534
1 453598686
1 589791831
1 969528925
1 112978515
1 646328220
1 894552839
1 310707859
1 400359270
1 94537632
1 883572160
1 175467572
1 240610238
1 476613967
1 222037778
1 243392906
1 55394066
1 257613756
1 259265317
1 593574959
1 893007027
1 772187535
1 306036444
1 51496224
1 114303443
1 752327381
1 149977695
1 357123265
1 269923283
1 295641985
1 885110750
1 725143772
1 816085257
1 200337861
1 554004791
1 172924233
1 466197613
1 728311172
1 350952086
1 607016510
1 859634916
1 422413176
1 461814317
1 681333215
1 530582824
1 280948083
1 94180716
1 481202745
1 443606870
1 138903812
1 86845976
1 710265783
1 518923640
1 727317774
1 574593925
1 852626618
1 481232049
1 940083531
1 669846495
1 725898755
1 495725319
1 947508614
1 181962644
1 325414556
1 144916979
1 664683542
1 826614653
1 216800841
1 900938881
1 448225408
1 766183380
1 264806906
1 544962011
1 997057081
1 232006354
1 9324378
1 109835889
1 953289608
1 335514345
1 447974277
1 16105921
1 226950794
1 886000795
1 776380630
1 94842568
1 946636367
1 917667830
1 326253533
1 840482053
1 409176610
1 413762476
1 388890992
1 704641062
1 909306087
1 880511955
1 424557529
1 309892690
1 594355765
1 196472109
1 870843154
1 636111874
1 566432444
1 855627349
1 591833343
1 622300580
1 66853182
1 842903350
1 274915210
1 392690304
1 174287268
1 151205546
1 916024494
1 769433915
1 797609212
1 394710542
1 767357104
1 183808060
1 738028286
1 351230071
1 581538671
1 771720746
1 210607851
1 264612739
1 708900437
1 687135751
1 458125851
1 185411562
1 74669503
1 350524309
1 316657773
1 372941423
1 318175589
1 49836410
1 495447945
1 206052624
1 140322712
1 655216240
1 859625996
1 583495589
1 702907591
1 219731939
1 539163635
1 124561700
1 49482100
1 216596843
1 863973777
1 154315943
1 329234300
1 21610983
1 741116315
1 18858774
1 736674677
1 966545458
1 296982625
1 657441137
1 626258480
1 919940485
1 487723031
1 894933949
1 856528477
1 760921961
1 392352850
1 290638472
1 270363214
1 732973911
1 379424398
1 546706713
1 382450132
1 182051822
1 39684075
1 73529401
1 885866565
1 610981839
1 325059065
1 942498712
1 986741408
1 790645784
1 521184424
1 551796190
1 290280391
1 419798140
1 551151970
1 20574543
1 422339306
1 385223420
1 599132468
1 638688026
1 474386949
1 544039748
1 265764903
1 659115326
1 84758143
1 51020717
1 111799578
1 868004339
1 652970921
1 637115959
1 707440396
1 914964056
1 249644004
1 366144467
1 610232970
1 91726854
1 572913747
1 69691349
1 356906081
1 212087767
1 483476377
1 704960841
1 291461376
1 333905998
1 920926287
1 516939951
1 836044956
1 458833090
1 622860484
1 125388561
1 360782296
1 942713677
1 665335588
1 112459977
1 399869467
1 956076996
1 256145433
1 793118521
1 754515846
1 588342280
1 320710821
1 546643558
1 657945090
1 769525176
1 798153449
1 950648055
1 939959836
1 892929798
1 928154000
1 980294523
1 348012199
1 520216539
1 127467276
1 255146746
1 611679460
1 39854310
1 319049830
1 682752974
1 11063266
1 193995193
1 356066773
1 824402062
1 953057247
1 723761825
1 277626843
1 870931835
1 404832516
1 596113920
1 138019204
1 430774927
1 493098245
1 87205185
1 383621421
1 205861869
1 420194547
1 412755877
1 428873339
1 589044790
1 787294680
1 659420183
1 175507080
1 237884366
1 359116555
1 254082472
1 940457840
1 823354293
1 352241071
1 163534108
1 802496488
1 668663393
1 731419599
1 183624430
1 893411047
1 114892389
1 995893514
1 269834036
1 378913074
1 743774775
1 884823084
1 909003824
1 181653378
1 715284492
1 560366185
1 601792006
1 12196691
1 218791904
1 447563317
1 691916679
1 680838732
1 813546898
1 24149955
1 948243499
1 775476806
1 172280107
1 733021975
1 634582814
1 303216122
1 569256255
1 77208010
1 581282673
1 616327244
1 828619628
1 962970714
1 213634094
1 966259455
1 984752939
1 6500117
1 287915314
1 53712158
1 478527376
1 341098672
1 727296161
1 598109645
1 557883792
1 87327010
1 536139616
1 277223443
1 122094095
1 496855849
1 182794759
1 487008006
1 238428980
1 542611401
1 894818842
1 683763623
1 606460427
1 511027088
1 821833856
1 303511870
1 749814282
1 819816219
1 480432296
1 165005905
1 888202945
1 238605169
1 800000103
1 430619627
1 4212520
1 457426767
1 81952743
1 112021441
1 869743861
1 897899800
1 988745758
1 974416058
1 106765723
1 562482540
1 368096095
1 834561936
1 86454613
1 804414143
1 589925188
1 683400053
1 464573998
1 596209669
1 457021715
1 884026311
1 369623613
1 818179064
1 201925693
1 465103730
1 685744393
1 798438656
1 449505251
1 307645308
1 785740075
1 892085669
1 986063996
1 951936658
1 305232642
1 9923738
1 506790546
1 906743903
1 215010871
1 382163926
1 497303622
1 293559064
1 206497563
1 356422385
1 701476196
1 49215433
1 511053293
1 800288977
1 622590445
1 251061158
1 640277074
1 390949437
1 537553962
1 529990346
1 201564456
1 625112050
1 135167493
1 292832174
1 823981195
1 889318121
1 781231968
1 910821647
1 300482989
1 196096789
1 367534251
1 961394852
1 406533080
1 385791698
1 94350178
1 234500241
1 637079780
1 254356355
1 112380483
1 244083943
1 112706680
1 878874801
1 531043894
1 410319880
1 769871748
1 302467327
1 228288594
1 982852744
1 941431116
1 582322622
1 627432528
1 885757184
1 565566825
1 52901169
1 765876518
1 637068930
1 507123302
1 672910804
1 597829958
1 862514760
1 165238511
1 129080824
1 840634707
1 246849448
1 86544115
1 147569256
1 949820006
1 711066013
1 984029070
1 57334847
1 543810357
1 907558870
1 592881889
1 761127048
1 42897617
1 409567522
1 617390914
1 808849030
1 957580836
1 51053514
1 380855454
1 310462362
1 101462923
1 328277170
1 192679395
1 650433245
1 62899205
1 747027128
1 774846918
1 334876982
1 733184818
1 890480413
1 102955910
1 810815228
1 630822235
1 566017346
1 39230524
1 179162902
1 954674270
1 520471525
1 320601454
1 816605013
1 644734371
1 523048369
1 572745743
1 814207441
1 117772186
1 223870393
1 927445982
1 516123708
1 107858852
1 748109344
1 431444060
1 554402899
1 988284065
1 527644891
1 993837936
1 942968343
1 914228367
1 544564600
1 950865403
1 379948436
1 410173814
1 588261251
1 141771040
1 574064181
1 292506400
1 15024185
1 883126380
1 958454158
1 130556439
1 553762700
1 760273179
1 945815233
1 740836150
1 793827436
1 647019151
1 906913314
1 951567381
1 139544375
1 735621041
1 912506199
1 91809621
1 251557731
1 125609971
1 211502122
1 13033626
1 158395315
1 365641416
1 788812999
1 224067101
1 735226125
1 102946442
1 730377578
1 88874391
1 17281114
1 63240687
1 974585540
1 855735981
1 240980554
1 657472427
1 42209400
1 430363833
1 602915226
1 136018648
1 226946254
1 154586788
1 302318155
1 685571749
1 174988673
1 733345629
1 970111746
1 856541171
1 672190807
1 514432485
1 493305082
1 91085820
1 798790858
1 375119259
1 678917130
1 813320220
1 677886998
1 326118892
1 996642905
1 388067714
1 39866311
1 402677490
1 378409100
1 274276790
1 746760341
1 701110425
1 818942250
1 581295326
1 544139993
1 972064216
1 164810947
1 54927896
1 764447675
1 988021256
1 970618275
1 663735604
1 949435503
1 367929755
1 405023312
1 636681119
1 856028266
1 77855194
1 649219857
1 255694203
1 863873591
1 393138420
1 328032640
1 145141374
1 636208877
1 519603128
1 535421423
1 430958054
1 490781016
1 612742692
1 601186238
1 643809854
1 736035721
1 728398278
1 734122285
1 677602328
1 705189237
1 504048370
1 210807874
1 71313675
1 594949308
1 171381012
1 423262793
1 474512414
1 503650477
1 519398621
1 290121771
1 584389571
1 934027786
1 177020804
1 43406540
1 372777582
1 863064383
1 60859429
1 94760355
1 978421258
1 530052791
1 132358381
1 913975417
1 94526798
1 404092569
1 1483019
1 410752939
1 844186124
1 235076167
1 73704197
1 698188926
1 540070935
1 926937088
1 815796405
1 133522583
1 859251919
1 926398629
1 827129060
1 403578498
1 550312779
1 212849561
1 446914690
1 249506672
1 206499617
1 58855617
1 6664575
1 273767422
1 162827220
1 827859115
1 888734536
1 988646960
1 191588059
1 672108235
1 21483745
1 581224572
1 479019082
1 216746975
1 795823771
1 901862403
1 588335647
1 983998580
1 581465971
1 715919322
1 283844652
1 87155075
1 264676871
1 463360391
1 803924124
1 319829299
1 593326389
1 143076488
1 88209699
1 106482114
1 593625170
1 643270924
1 50708094
1 937567492
1 628969413
1 305460292
1 949592813
1 980810941
1 451063509
1 718661408
1 174838796
1 568074708
1 238792165
1 741153100
1 473313717
1 58720834
1 297013589
1 615723891
1 609461237
1 602994317
1 393811427
1 150060397
1 531806578
1 385074198
1 124299170
1 62828624
1 270494965
1 402791644
1 378455628
1 675996835
1 354411205
1 874969382
1 655323300
1 127759785
1 43425829
1 621949809
1 788358057
1 615734615
1 713138135
1 576554956
1 374611553
1 211906012
1 547147576
1 78857864
1 300868157
1 479649893
1 697223036
1 166918042
1 228160801
1 122054555
1 491877874
1 724306532
1 751923441
1 36159901
1 434194738
1 188366037
1 219079497
