1000000000 1000
4 999941562 999954799 999902097 999994758
5 500022218 499997462 500006755 499959570 499950467
9 62000 8065 37617 80921 68635 71245 91981 12636 92557
5 499975849 500008843 500041142 500005141 500003040
8 999990346 999910204 999957948 999962275 999946867 999995504 999916135 999995797
1 500020166
8 90912 67829 49236 32951 88200 83307 53147 63471
1 499970367
6 999937305 999965545 999986684 999950151 999912790 999909606
5 499950393 500015114 499988858 500049607 500001808
7 82291 46163 36614 79543 26764 50893 19102
3 499963530 499971030 500037702
8 999904681 999962824 999999102 999904413 999984284 999987223 999965748 999980997
7 500010270 499960788 499979749 500000884 500035921 500009600 499984451
7 81472 72325 99493 49189 18760 75436 25791
3 500025835 499984932 500035523
8 999928217 999941371 999979528 999999966 999984415 999953170 999936386 999918085
3 499951710 500009011 500038274
3 21811 25669 23798
3 500039625 500027848 499956545
7 999971771 999958888 999950866 999960402 999912801 999920851 999969799
4 499989673 499972855 500041522 500038563
4 6533 7050 34650 21247
3 499998012 499987406 499968343
9 999942393 999977754 999939146 999951151 999925631 999944878 999968466 999940391 999980533
6 500015277 500046845 499961290 500025850 499995205 499970871
1 70877
4 500006223 500014090 500023124 500046465
5 999924459 999902609 999975395 999990486 999912870
3 500006573 500013613 500018134
3 86544 68674 67958
9 499989229 499978300 499968911 500014281 499965240 499983001 499981706 500018887 500003506
5 999978558 999949407 999923764 999904326 999992965
1 500041238
6 39377 87735 14503 37755 17900 69677
1 499970704
9 999923259 999907932 999923537 999959505 999935458 999929378 999977143 999974116 999946294
10 499963004 500018621 499968495 500013800 500032747 499985082 500032442 499965995 499980613 500017971
3 37762 97157 4220
10 500047758 500046506 499960264 499963419 499991845 499998791 499999783 499968887 499979158 499987059
4 999912280 999962427 999966672 999991441
2 499979709 499983949
2 69265 34916
9 499959869 499977071 500043722 499972553 500028485 500022199 499964838 499997584 499971859
5 999929305 999915694 999909953 999915667 999957092
2 500004733 499981564
1 90643
10 500048653 500019358 500038222 500044154 499985897 499965609 499994900 499956502 500042981 499966400
9 999924569 999910683 999988669 999990893 999912721 999980736 999907475 999976609 999942614
1 500041087
9 50513 58115 34645 22293 7930 8330 30778 37326 48383
6 500047455 499991860 499993031 499988807 500005478 500024384
9 999947529 999950846 999909421 999966787 999982513 999952934 999951238 999940837 999960070
4 499956140 500044533 500014230 500004179
7 42896 36609 80704 73875 51326 71598 7887
9 500017388 499957417 500007291 500042886 499973780 499984695 500018038 500003795 500005474
10 999965566 999944718 999926190 999912209 999917680 999977795 999992208 999901939 999907108 999919014
4 499977487 499970328 499969867 499974658
2 54738 1877
5 499961836 500033983 500005272 499968199 500030225
8 999951289 999987513 999950073 999955309 999985058 999921799 999979093 999941286
3 499986125 500049051 500012806
4 92391 54438 54555 33758
9 500011197 499964716 500038508 499993434 500016405 499974804 499950087 500037232 499968065
8 999996651 999943517 999906125 999972831 999947839 999976976 999918997 999937046
4 499987113 500020249 500040728 500038627
3 48033 35527 42605
9 500037903 499953544 500012377 499962617 500034376 500031882 500044741 499950545 499955250
3 999926538 999921727 999918993
2 499962572 500018353
7 30833 68352 23601 74900 94743 84937 87951
1 499961988
5 999958856 999941082 999941245 999909469 999980066
3 499961454 500021018 499967700
6 27746 67858 85941 47366 18120 55788
1 500020029
10 999919609 999980190 999904143 999973218 999958564 999928279 999948420 999930247 999972196 999998853
2 500032925 500035167
9 95025 85395 86899 16820 60053 12230 47769 63497 50876
7 500002335 500020106 500048582 500037207 499987894 499980801 500006416
4 999977096 999993112 999962175 999972565
3 499969550 499977992 499958384
10 84192 51427 35270 73129 74936 59659 70189 87117 95599 55455
2 499973660 500021704
2 999977314 999936023
9 500021725 500040461 499983753 500002996 500027175 499974407 499959120 499950689 499984512
4 27360 82514 43610 1741
10 500023455 500032009 500009881 500029096 499998968 499954250 500034235 500036692 499971190 499963746
7 999973017 999923612 999995155 999956115 999954160 999920082 999946983
5 499961980 500028061 500027199 500014558 499991928
8 87888 5377 25907 97842 37237 89702 89624 41051
4 499996776 499962410 500014619 500016999
7 999969839 999998396 999905502 999983042 999965030 999992743 999999956
4 500048940 500042443 500023482 499956342
3 35586 37156 20757
8 499976622 500046765 499976090 500016342 500019280 499993728 500049443 500006211
5 999933629 999915823 999964109 999996960 999961876
3 499965566 499980180 500000498
8 98945 62418 19797 34041 87848 33515 67226 44478
2 500033964 499986712
8 999996702 999976461 999977649 999929701 999964278 999977143 999910660 999965541
6 500005582 500017722 499961911 499992406 499984449 500045505
6 36114 94167 37495 60297 59469 84174
1 499972844
5 999927338 999926303 999925892 999991684 999918198
5 499959215 499953769 500047623 499975762 500044497
10 30464 88403 61171 91657 98219 15211 54075 92973 56189 35071
8 500004669 500016333 500009838 500040378 499987082 499979092 500011298 499995282
9 999983626 999932488 999917115 999957790 999955852 999987184 999917682 999922310 999933046
5 499978301 500006381 500016380 500033590 499962407
6 66209 96944 18642 99959 42008 346
4 499993624 500022778 499983877 500034162
8 999904218 999962009 999991137 999938437 999937333 999915845 999980996 999904822
7 500015756 499965373 499954462 499967183 500008185 499966272 499966306
6 9733 69924 17335 61384 24349 29981
4 500036959 500003246 500019578 499980695
10 999902441 999943912 999997401 999991086 999913852 999988748 999901006 999982082 999982727 999968612
3 500042585 499971091 499994130
6 9184 89026 55620 61335 57226 6586
1 499957987
7 999966764 999915569 999912721 999926693 999957270 999913255 999979749
1 500047663
5 45191 27625 33177 32809 12269
2 499989118 500022515
9 999925325 999917391 999933870 999905121 999906865 999961410 999915619 999939029 999917863
1 499979812
5 80337 10115 35414 31868 30284
1 499979901
9 999963018 999979643 999932858 999966089 999953561 999909357 999989743 999913935 999927750
2 500002541 499956045
2 24194 84354
2 500030110 499998487
7 999971418 999954123 999930636 999983010 999989680 999973760 999953249
1 500005373
5 49204 53044 26296 52409 53083
4 499964312 499990433 499967953 499982115
3 999988350 999976844 999953792
7 500007259 499965739 499989925 499993556 500000355 499981523 499951779
9 37489 1394 32098 18195 21639 6249 96587 41135 64607
9 500047071 500011406 500030878 500022971 500042470 499988069 499950871 500039827 500027136
3 999967666 999991079 999912134
6 499962205 500037828 499968582 499958000 499968465 499965601
1 38046
5 499952876 500017070 500017799 499955232 500008161
5 999919736 999933032 999986470 999978087 999938550
4 499964398 500022206 499973368 499996692
9 3297 38818 4339 82802 98596 76038 9400 20380 64527
5 500019916 500015855 499950654 500041117 500009462
6 999971755 999906685 999935148 999951428 999972388 999954341
9 499992236 500038709 500023108 499975956 499970439 499992241 500033715 500038914 499983090
6 32626 48052 81173 9146 37579 24654
3 499960569 500040616 499979956
7 999951466 999934200 999963055 999976591 999927570 999932482 999919286
5 499950813 499951077 500048772 499993110 499985638
8 97249 68064 76309 8725 27387 20684 38333 5231
2 500020959 500022646
9 999901658 999932268 999914334 999968093 999998896 999958033 999997350 999921621 999927511
9 499988684 500017420 499985999 499954600 500005033 499953466 500005156 500009316 500013238
7 48673 78784 89559 92150 18104 38313 16637
7 499956700 499971701 500026134 500020449 500048035 499966673 499990098
7 999930184 999936571 999968716 999946783 999922083 999908900 999975412
10 500006876 499980568 500010859 499965892 499982913 500000400 499964674 499966338 499993986 499985218
3 99730 41352 68975
10 500046780 500010527 500038958 499958680 499996521 500003737 500029672 500028938 499954325 499954385
7 999954442 999966059 999925341 999991165 999978467 999974657 999952676
4 500043543 500008551 499958273 500045712
3 60976 99703 53127
2 499972442 500027447
3 999977818 999997256 999932847
4 499972300 499968776 499979739 500021979
4 55669 19084 69484 76223
6 500040780 500011368 500031003 500028004 500026593 500007394
2 999984014 999991342
6 500042494 499986508 500048374 499967974 499996054 500022646
9 47745 38755 39332 80469 6966 16583 20924 34621 46494
1 499950049
3 999950159 999920686 999915569
9 499993773 500019550 499962746 500019445 500030196 499967509 500027584 500000048 500022515
7 52353 28211 44915 5173 57064 317 48574
8 499994140 499984350 500010910 500014238 499994453 500010839 500038934 500008722
6 999913688 999912522 999956638 999999100 999917424 999943015
2 499987247 500004319
1 19545
3 499973211 500004005 500028083
5 999935693 999970226 999911813 999931511 999921191
7 500038621 500047070 499971503 499964911 499991784 500035943 500042802
9 51328 8404 56101 49190 120 88553 26299 98810 69774
6 500038959 499952856 500046566 499989217 500045603 499990306
3 999967690 999978392 999958244
1 500033710
1 56456
6 500029692 500023182 500015707 499961659 499994691 500006866
2 999905516 999923686
7 499964077 500020734 499975321 499976617 500029912 499982906 499960051
7 37218 18534 57095 39465 77530 52924 71836
4 500018472 499994305 500038448 499992738
3 999900635 999987799 999941046
6 500033965 500017135 499973039 499974667 500036709 500036641
10 36752 75232 72803 35109 37398 39174 983 15911 3146 38410
10 500001214 499986633 500047242 499988681 499958217 499965067 500020586 500012885 499965970 500023522
2 999903809 999956791
10 500004606 500020789 500026101 500007620 499989367 499989878 500044213 500027632 499958561 500016850
3 89714 29991 49816
7 500024093 500048734 500001405 499997981 500025047 499986963 500017314
3 999918330 999999127 999943703
1 500043898
1 34494
6 500000877 499994988 499996361 499994597 500033876 499997217
2 999985663 999927045
4 500010765 500024110 500049595 499962294
3 11188 67301 14315
8 499955710 499964270 500014905 500028744 500031866 499966955 499958196 500006115
9 999923929 999936392 999985934 999974719 999997180 999914590 999921550 999984402 999932839
5 499999525 500024788 499958983 500005825 500018835
9 71729 23136 76144 8981 89140 7145 41370 31518 91183
3 500045711 500005464 500026731
2 999928696 999998669
7 499962093 499987678 500017214 500047306 500027856 500028483 499992563
9 94067 90835 95459 58515 90546 48710 76557 15485 30637
7 499961220 499996276 499976583 499967511 500049141 499963472 500014272
3 999994652 999907060 999926422
3 500028090 500039635 499967778
9 13393 79216 62310 46343 31704 45034 37899 39548 33374
9 500032093 499999880 499998282 499965403 500030005 500032065 500012528 500025520 499974304
2 999997201 999969028
8 499965916 499993199 499952110 499989688 500002968 500037140 500012612 499958977
6 66369 91680 88118 6889 70749 14734
2 500012258 500000610
1 999977360
4 500034974 499972791 499977728 499976915
7 50049 64627 41481 9066 56907 89981 60335
1 500014526
10 999945272 999986363 999908010 999914826 999984255 999928928 999921459 999980849 999991281 999973463
2 500001229 500003022
4 54486 82630 84982 99750
1 500032894
5 999907226 999966489 999959168 999995302 999901140
8 500015805 499995263 500037678 500029006 499955467 499973051 499979927 500031280
1 32415
7 500018748 500040171 499959540 499983109 500037239 499959666 499976978
4 999982492 999990989 999952950 999947111
2 499954838 499975794
7 20128 74055 69931 69389 38828 25500 4861
7 500028589 499999391 499981583 500032404 499995862 500039233 500030960
10 999983163 999998921 999927391 999911630 999918113 999964290 999912739 999957264 999974753 999922727
1 499960017
2 50411 42700
1 500001805
8 999950895 999922911 999961395 999911427 999982241 999993974 999908598 999971285
6 499990748 500039167 499972335 499974216 500045432 500015010
9 5061 23349 9893 36889 99179 52988 66749 74365 15374
10 499968556 499977437 500023279 500022078 500032894 500049707 499975467 499986929 499971426 500045185
4 999965438 999912351 999955283 999934339
2 499974394 499957648
3 44930 43189 14438
2 500044445 500040000
10 999958744 999940218 999977678 999962959 999929036 999940752 999948227 999921509 999956359 999996372
10 499991241 500014571 499969508 499998503 500046884 499998262 500020630 499999201 499955745 500041251
2 92405 59959
2 499990411 500034918
7 999994617 999924732 999910815 999966797 999906417 999959079 999960213
3 500025932 500044485 500024704
5 16032 68403 8058 43595 46300
3 499966798 499987991 500044786
6 999968203 999974764 999955500 999997197 999984562 999985425
8 500007213 500002847 500035848 500038040 500013128 499976187 500006613 499986256
6 71715 6309 31398 26295 19358 85022
4 500024717 499990857 499986827 500002730
1 999909827
3 499953597 499951609 499987347
5 67953 36488 16345 32974 87871
10 499979181 499968157 499985673 499965096 499955017 500036043 499964362 499953511 499996001 499998577
7 999953790 999967198 999943900 999962623 999943299 999906163 999978182
7 499985853 499988681 499982699 499977130 499967655 500027654 499950816
5 74339 25587 34650 29739 23500
7 499995294 499961071 500004939 500001034 499972613 499971826 499959202
8 999944568 999924109 999962591 999945420 999949219 999977270 999928372 999957268
7 500037084 499977839 500008997 499992980 500035159 500017559 499986818
1 76565
10 500048382 500004233 499972697 499999227 500041273 499957188 499953556 500009028 499976180 500025558
1 999965356
6 500026412 500043931 499989016 500001236 499984832 499965042
2 93015 51583
4 499986380 499964669 500005127 500009568
1 999903352
5 499971791 499952655 500011462 499992070 499968481
3 44881 22739 87895
2 500001338 500039392
2 999940536 999906148
8 499998270 499973864 500026536 500019642 499965013 499964535 500022854 499993618
6 74055 73958 78934 3849 88605 48588
6 499956364 499979263 500004969 500016500 500014950 499963376
7 999999531 999936954 999930957 999958317 999970306 999920832 999900915
2 500006555 500018741
10 89495 91334 45944 70523 52299 40268 90349 37069 16557 30175
9 499971768 499975915 499990619 499981995 499994458 500043728 500021779 500044832 499982947
2 999929369 999959985
9 499964431 499966527 500011049 499967737 499967450 499968442 499975511 500020017 500044304
9 90049 87090 6853 34553 21595 51564 32829 35373 17295
6 499960092 499981449 499976629 499958550 500023622 500008003
2 999970347 999998563
10 500033885 499996365 500011356 500034649 500037721 500002857 499973908 500035697 500022897 499963298
6 32464 92130 18723 50500 13828 80031
2 500045258 500027226
6 999978313 999900444 999940431 999963939 999950803 999907572
9 500030415 500029663 500043498 500005000 499997335 500045252 499986833 500023120 500045315
8 31328 78417 8007 88504 5497 4924 30556 64621
7 500023293 500033929 499993691 499960651 500022885 499996247 499963601
5 999988042 999972233 999923258 999988338 999941077
7 500042846 499990202 500044598 500002359 499984096 500002880 500049872
2 91848 3321
7 500041708 500038313 499981178 499957397 500027319 499953648 500017010
5 999927529 999945624 999978873 999975103 999939315
8 499950750 499979790 499993224 499962905 500016645 500020598 500001361 499991888
10 33792 21697 63347 87876 280 49609 20090 29210 78079 49743
10 499984220 499980924 500039132 500020415 499974267 500032251 500010870 499989600 499975584 500031763
4 999920138 999934492 999958323 999935911
2 500035386 500000001
5 35043 68278 13608 67802 20413
5 499997453 499953053 499967364 500020390 500007395
10 999967162 999953755 999971454 999907199 999933903 999933809 999926608 999929572 999944164 999939222
5 499956029 500035689 500042274 500021250 499954707
6 59207 72518 11627 31708 63053 49999
10 499980685 499999167 500042300 500028286 499952986 500030954 499974321 500008064 500025443 499989331
10 999941834 999987230 999936108 999941487 999933921 999967106 999952912 999904962 999999607 999976535
9 500044143 500039756 499998766 500044459 499961466 500003611 500047077 500039555 499992738
6 91411 93351 44664 17209 86875 29662
4 499972829 499971962 499966772 499966674
3 999958776 999935836 999943278
6 499998061 500007727 499978185 500002282 500037413 499957207
7 60068 26694 68313 99224 52076 79772 73244
4 499965901 500003711 499989369 500041557
8 999908585 999934600 999965138 999952147 999988755 999922179 999921490 999938502
8 499999119 499999976 500022501 500022325 500037125 499976295 499976547 500026563
10 18816 80832 16546 5863 27128 28330 93914 94012 5903 84654
3 499974204 499989615 499952952
4 999956143 999998621 999918577 999925396
8 500045550 500046220 499955263 499955754 500047447 499986630 500046240 500029426
9 42741 77158 8072 21384 27273 66872 97531 65324 69182
5 499985641 500030683 500014618 499957476 500029766
2 999943969 999982051
3 500031261 499973035 499985632
2 52945 91922
7 500038492 499990575 499973161 499968858 499989109 500041797 499950578
5 999935326 999953424 999919746 999934021 999971863
7 500049998 500019769 499982586 500028741 500023924 499956688 499995330
10 87201 78866 58259 22019 9029 71481 93946 85532 81212 75247
10 500035117 500029724 500023705 499981573 500025559 500012454 500023825 500016465 500004658 500027042
2 999976620 999994464
2 500013803 499986102
2 68052 26122
1 500046217
9 999983579 999910856 999996728 999974541 999982128 999918451 999974625 999948833 999956439
9 499974958 500038072 499985915 499959435 499963893 500036678 499987174 500040837 500030737
6 51765 52104 67688 80539 21485 56205
3 499960206 500033547 499973675
2 999970526 999942995
1 499962616
4 32528 21251 59884 37263
8 499966444 500043742 500034238 499980248 499991768 499993227 500018091 500029767
2 999963342 999991153
2 499985293 500011233
4 91945 34284 54541 64751
2 500046921 500029524
5 999969978 999933304 999993630 999966301 999911397
9 500024541 500034460 500041919 499970046 500012776 500002874 499989398 500016753 499974771
2 56861 30990
1 500047724
3 999915408 999943458 999947958
5 500037869 500034168 499999610 500026023 499971489
7 55136 8726 28150 78233 33881 377 70893
5 499962429 500041990 500008896 499983200 499961569
9 999906216 999976824 999995080 999907515 999912666 999921308 999928734 999963280 999909558
2 499958444 500035517
10 96272 97042 27861 89140 60486 82438 70313 94571 65531 60620
10 499998553 500034632 499992075 499975482 499992212 499983847 500048322 500046771 500034640 499998802
5 999973084 999906207 999963517 999945811 999947667
9 499970172 500040301 499993496 500010359 500009111 499952311 500025942 500019153 499961570
4 20580 50886 27959 22329
10 499961324 499975982 499952783 500042314 499974024 500011592 499991829 500000372 499992758 500045712
9 999954746 999949819 999966184 999912234 999983305 999984767 999989011 999956321 999915238
6 500037677 499982332 499991470 500044634 499960313 500040386
7 62704 39378 67540 43431 34490 19773 58061
4 499966094 500011358 500015787 499994890
1 999951080
6 499976844 500023644 500022024 500032955 499955846 499974246
7 75221 76213 11209 37866 19884 97039 61455
5 499963004 499994089 500045385 499994752 499967955
10 999949210 999941592 999900056 999974248 999943419 999942923 999943196 999996156 999918526 999942500
5 500002201 500037962 499999509 499982467 500016979
5 65827 95154 26709 29814 21111
5 500011469 500020877 500017885 499976219 500037760
8 999923099 999921882 999975049 999985886 999945411 999948487 999976679 999928199
10 499977245 500030856 500027626 500014501 500044742 500039335 500046163 499987299 499959970 500013682
3 65888 37910 49049
2 500018487 500012579
3 999958290 999906324 999904055
2 500049774 500012102
6 40769 30455 5703 66797 99196 80959
5 500026253 500006100 500032374 500028048 499962785
2 999919406 999940819
5 499977925 499961957 499954038 500029990 500044401
2 85424 38002
9 500040910 499994764 500002491 499964468 500048596 499982983 499955271 499966304 500031218
1 999912280
8 500010380 499999359 499954943 500037093 500010470 500000929 500047251 500042945
8 34688 94848 6725 65400 13656 30714 44412 3279
4 500033460 499968791 499956979 500044801
3 999974751 999991552 999945029
7 499997709 500005389 499989801 499983392 499985536 499950065 500021026
3 52752 16648 13371
8 499998185 499989560 500010168 500004203 500001092 500019041 499950865 500036576
4 999993003 999955406 999987340 999921410
7 500005306 499973174 500032359 499995814 499997953 500010787 500020306
2 65299 18243
5 499960366 499952968 500017976 500017953 499986867
7 999929405 999955789 999934465 999960051 999923971 999920931 999959300
1 499964528
2 90321 81610
1 499988946
4 999952408 999901214 999996290 999931458
4 500000445 500049791 499994696 500027457
5 74899 33989 67223 20301 24495
8 500001119 499985358 499977320 499969433 500027125 499956352 500032016 500031635
3 999947597 999908114 999994679
3 499998270 499965545 500037541
5 17249 6962 29659 14703 56767
3 500032248 500000068 499989057
1 999980972
5 500042520 500022629 499973062 499992691 500025571
8 30321 88391 17542 82758 93609 19307 1020 34286
9 499982268 499982748 499950925 499959118 500002169 500011559 499960432 500019296 500042081
9 999921849 999905528 999906760 999941352 999906559 999963309 999925232 999928546 999966789
10 500020333 500034188 500002718 500027737 500004057 499996088 500014216 500045383 500025958 500034849
2 85959 23629
9 500031727 500046268 499952970 500019829 499993172 499998215 499965319 500042434 499970787
9 999904729 999975578 999989544 999979279 999944881 999956387 999904003 999971552 999949527
1 499980614
1 30849
6 500016716 499985240 499993639 499995715 500013939 499967570
8 999932489 999988959 999991996 999937665 999979730 999993382 999966342 999911494
3 499956236 500010129 500024978
4 45680 65600 771 87972
8 500000654 500003246 500011835 500026555 499954059 500037701 500021559 499955744
3 999940489 999935381 999945079
5 499976047 500034462 500029753 500041048 499963105
4 72817 15811 41027 46855
1 500037021
7 999931880 999991048 999945132 999928097 999960868 999908215 999935894
3 499971068 499961357 500016293
10 51217 74000 9171 96071 54614 28361 40121 10074 25996 28381
10 500022653 500002207 499969080 499963577 499962390 499959095 500015376 499962882 499983347 500013586
9 999926873 999950106 999950606 999979166 999995711 999907473 999961760 999930579 999915702
4 499997932 500001247 499982601 500029824
8 51600 16451 95410 40436 79924 77608 15677 38861
1 500048712
8 999932730 999964063 999931599 999951949 999975341 999990307 999912018 999981189
5 500022125 499994105 500007897 499981841 499975153
1 56553
10 500027964 499993514 500017380 500001863 499998759 500026487 500029190 499966352 500028833 500004339
6 999905289 999928329 999946205 999912062 999956787 999938674
6 500002217 499990951 500017569 500018960 500016866 500038978
6 74680 682 20108 45966 15679 63583
2 500033546 500010196
2 999900666 999965437
1 500018102
4 22034 61555 14730 19565
9 500049438 500031673 499953881 500023848 500016490 499958773 499958065 499957186 500017394
4 999943370 999918400 999978454 999973588
9 500013837 499997693 499995486 499982985 499969338 500037115 499992433 499967362 499995010
2 97835 24812
4 500008137 499998615 500031094 500034976
8 999923305 999938410 999978297 999923533 999931342 999939986 999960868 999976357
9 499986956 500021327 500034072 500013499 499992843 499957067 500022389 500044919 500044405
6 30256 12579 95851 1466 33263 96606
6 500005325 500000665 500049627 499988043 499983488 500035091
8 999962202 999973065 999945660 999964722 999926386 999991329 999920629 999913876
8 500025839 500035960 499969115 499968438 500049461 499988678 500007026 500014466
1 22336
8 500035037 499970557 500041916 499989438 499964152 500014136 500024837 499981379
10 999944393 999979998 999912221 999966271 999982671 999907388 999919391 999919775 999942494 999963158
8 499996846 500001064 500023784 499996052 500014535 500028512 500036896 500006464
4 31467 47950 16622 52783
1 499971904
4 999915853 999999406 999957228 999901761
4 500029657 500024759 500042083 500006914
8 15137 13314 45315 93861 23013 11414 74360 26605
6 500049215 499996108 499995438 500039031 499977536 500010720
9 999997099 999919496 999958985 999916765 999911582 999936021 999939029 999923284 999953044
10 499975519 499968942 499973160 499972088 500039946 499989380 500038711 499960503 499959648 500027472
3 564 29672 50136
5 500024828 499951727 499958404 500028549 499965573
2 999936351 999923284
1 499960517
8 78240 68624 39298 3285 12247 92552 72315 39964
10 499956926 500029071 500030046 500037945 499997386 499958404 500005588 499970502 500010434 500028498
4 999903352 999964284 999972098 999965361
1 500011885
3 87089 65269 13208
1 500014808
1 999972207
3 500023401 499961306 500014106
7 3792 26546 76915 67894 93238 94703 17118
7 499982511 499973854 499970040 500025320 500004520 499998411 500035749
4 999949867 999984320 999985910 999973943
2 500032030 500001432
4 4497 58410 93227 10075
10 499993981 500043964 500037739 500019860 500006695 499955174 499961206 499975702 499958864 499968689
3 999966863 999998835 999982357
10 500011677 499969148 500023276 499996974 499957258 500013674 500043561 500032497 499983425 499997426
4 64034 41223 24936 78332
8 499970104 500017689 500002459 499991370 500045145 499971380 500047606 499964914
9 999968746 999922237 999961215 999986751 999989276 999923584 999996691 999919698 999961089
9 499987245 499954878 499994462 499967647 499981992 500037675 499990065 499999153 499994146
8 87360 34420 27113 48186 12716 26238 87039 43695
6 499999517 500030857 500015624 499967031 499988306 500028306
9 999928040 999955660 999922830 999914032 999968945 999996740 999987157 999979157 999915526
7 500022506 500026074 499967812 499986757 499985044 500027028 499959254
8 97634 96629 85333 32439 69802 49532 34303 34751
8 499998669 500018764 499983132 499989151 500043688 500022417 499973568 499960098
3 999973514 999942826 999918373
3 500038185 499961819 499951445
9 54576 26161 47473 35510 6871 80006 72813 56941 4623
5 500026070 500037217 499985985 500022576 499951187
10 999953547 999939560 999959816 999944314 999923358 999940837 999983700 999966420 999931190 999983701
5 500035487 499971140 499963830 499977190 500007747
7 5408 17140 38917 24903 88970 41820 62109
10 499989484 500004892 500010431 499983406 499971753 499992619 499971083 499961669 499994823 500012818
6 999942025 999960718 999961695 999966546 999975239 999960133
6 499991817 500002873 499962969 499975610 499990321 499999571
2 27096 10170
10 500034269 499963102 500033336 499986356 499969589 500005863 500005335 500043971 499953842 499978707
3 999919108 999985173 999914006
8 499956152 499951593 500027991 500019766 499963303 499966865 500047441 500019154
6 79987 71092 32987 60077 44109 59631
8 499990780 500006190 500049741 499985355 499958586 499972890 499969444 499980928
7 999974506 999961658 999926619 999980248 999938878 999939969 999901314
4 500043866 499963098 499970247 499960304
9 48769 84453 15223 64231 98329 36425 39114 56042 78254
1 500019921
3 999968938 999943889 999959411
6 499972124 500001807 500036390 499950135 500045667 500037186
5 73297 80483 78034 43339 6478
1 500040585
3 999974779 999997223 999923063
3 499990238 500046482 499992162
5 96339 83061 50565 51590 41307
1 499979928
6 999919768 999925067 999979679 999962540 999910672 999989156
3 500007012 500039792 499955155
7 88497 15539 83528 33353 15674 72234 94412
3 499995644 499991673 500029813
7 999982267 999961774 999933662 999900391 999966260 999999749 999916214
10 499978333 499964654 500024718 500045133 499974254 500036036 499997191 500034359 500016128 499969650
9 66145 33072 17222 1334 97737 31817 56858 43725 98718
3 499991535 500019158 500024339
9 999928297 999986218 999927995 999951356 999975650 999905171 999983028 999935126 999959909
3 500005192 500019619 500017090
2 78901 11661
5 500014207 499989977 499990506 499993428 500044050
7 999998104 999979497 999955769 999931853 999908238 999949204 999983045
6 500023533 500034076 499985172 499986455 500009233 500012912
2 95043 92356
8 500030732 499974812 499974478 499990526 500026772 499995143 499989585 499983122
4 999970622 999995730 999926820 999954373
7 499978393 499960553 499974075 500003978 499970340 499981462 499969559
7 55328 49953 66259 90789 56709 24040 12478
9 499993279 499998523 499991818 500034325 500005764 499988327 500036614 499963586 499992002
5 999980363 999947514 999995837 999906401 999924083
1 499962050
1 79847
7 499967514 499998645 499972053 500009830 500038481 500010241 499993698
1 999995703
7 499965023 500037914 500037354 500009924 499988294 499977376 499997155
6 84867 89842 57098 8523 28332 67615
3 500004527 500013694 500041704
2 999960136 999968931
10 500022028 500014521 500014297 499968185 500023925 500008324 499953381 499959088 500036624 499953667
9 33888 23456 48658 57080 12714 81338 76906 10173 81166
1 499950856
9 999972907 999950398 999995726 999940156 999991935 999921038 999960614 999988998 999926756
8 500012493 500007004 500004303 500004110 500027016 499961145 499987483 500048441
3 28034 57042 51631
10 500021277 500003373 499979420 499950782 499971359 499973897 499990005 499973236 500017253 499961522
9 999993902 999973868 999970514 999951506 999980434 999988006 999990967 999965428 999941511
4 499970269 500042217 499954502 499964738
3 12309 38812 98110
2 500015833 500003441
10 999987851 999955022 999945711 999971501 999985042 999926640 999949760 999972471 999938020 999980884
10 500030125 499960572 500026751 499970687 499994488 500027300 500017207 500044148 499962663 500009542
8 63040 36103 36681 98858 19676 15660 99103 64527
1 499993715
4 999942743 999995188 999962964 999956181
6 500044526 499959181 500008127 499972346 500044553 500016946
7 11200 68370 76919 6551 76745 37050 21725
10 499960620 500026623 499967935 499957625 499984661 500036101 500035351 500009441 500014208 499952289
6 999998291 999953408 999979312 999998480 999995590 999900823
3 499994488 500031319 499965171
2 49159 68572
4 500008153 499997479 500014259 499959683
7 999949354 999938842 999933325 999915440 999971601 999905174 999973797
5 499998014 500016441 500035688 500010500 500024752
3 20786 9093 90857
2 499984603 499986900
8 999903769 999965496 999960937 999941437 999977887 999921612 999999377 999901414
10 500020685 500027692 500033893 499972308 500041476 500011430 499968321 499992243 499976963 499953987
3 28246 98086 92363
3 500021455 500018196 500004247
3 999923249 999918194 999914503
3 499956285 500021584 500010739
7 49056 49302 39674 92443 38220 77071 90254
4 499968429 499990150 500046834 499983040
1 999904477
3 499997036 500028044 500041142
4 51329 65477 41049 12925
1 500014846
1 999906918
3 500013180 499962329 499960506
6 18000 89811 19190 71593 82799 12606
9 499981599 500017775 500027897 500018152 499991400 500007079 500007959 500033969 499979600
5 999985227 999957385 999960895 999981101 999925351
8 499988910 500011870 499958298 499959670 499964048 499960241 500044544 499988691
4 49232 36452 39532 54734
2 499978422 499953696
10 999943817 999953544 999977769 999935788 999924078 999999971 999950307 999908339 999913619 999990881
2 500008575 500042468
4 71813 22199 76109 53007
9 500049758 500043229 500032907 499994523 500003386 500043990 499987156 500021796 500009874
3 999966088 999991783 999972565
3 499999150 500019767 499956114
1 31359
2 500029824 499990288
10 999956123 999944728 999976984 999941503 999954674 999984051 999976451 999978864 999951568 999960806
2 500002475 499965428
8 93089 82640 45681 26806 44856 65885 18317 71519
3 500015789 500022399 499967211
10 999924600 999900075 999949705 999947389 999951102 999927506 999994214 999982599 999969943 999902758
7 500036316 500031196 500039020 499957113 499994566 499956513 500047185
10 56256 95424 24033 39955 63926 21255 51416 39624 90188 90111
9 500009561 500045498 500026968 499961018 499953003 500022628 500040212 500027063 500026496
4 999987192 999996479 999916562 999936386
6 499971516 500015532 500009044 499976214 499957127 500008658
6 22672 68765 49566 66127 29919 78526
4 500005243 499984164 500035332 499976562
6 999942875 999984142 999938188 999982129 999955846 999979574
6 500044015 499953422 499970793 500019367 499950817 500026483
2 47984 10362
8 500007549 499995807 499950025 499963081 500007016 500006107 500020835 499987123
5 999902811 999978286 999920190 999961073 999975172
9 499981503 499960808 500010152 499967689 499997957 499954822 499999792 500012931 499998707
5 89600 92068 73687 19150 60943
3 499998249 499999739 500045024
1 999923286
8 499992237 499982491 499979930 500048198 500024581 500007920 500049683 500023248
2 6048 31413
6 500019068 500035160 500039991 500005361 500035985 500041475
8 999918108 999924908 999916401 999943856 999963009 999919074 999924405 999927783
4 499996520 500049768 499958166 499980291
2 86537 90220
6 499988298 499996890 499958181 500044514 500032035 499985970
2 999986472 999977615
10 499983901 500003964 499994332 499968120 499962474 500042884 499996247 499957655 500031894 499979808
5 78581 17467 24267 91838 38815
2 499978826 499986037
3 999912282 999994898 999950388
7 500032046 499971844 500013447 500023430 500036272 500017539 499955299
6 46880 76256 51877 20167 56653 61583
9 499996204 500040172 499982025 500008489 499968118 499988423 499988001 500004065 499969154
1 999990649
8 500047278 499951039 499967224 499996376 500003156 500047859 500033616 500040976
2 65379 25507
2 499977307 500008759
2 999939581 999919279
3 500031273 499950194 500006642
1 53346
3 499955608 500016456 500014805
3 999991880 999974738 999906738
3 499998349 499994186 499959171
9 5984 5315 95652 72215 78775 7255 16749 62286 34767
3 500010524 500049683 500023602
6 999926121 999930972 999967917 999968002 999933986 999909911
8 499975117 499988463 500029246 499980907 500004516 499956433 499956146 500046689
10 22691 77157 59284 49718 82473 13788 81871 72239 45662 34399
4 499983799 499968486 500013815 500013792
3 999927370 999945388 999943859
7 499967566 499973487 499986905 500049353 500005194 500036308 500047825
2 59557 16796
4 500034767 500049754 499976468 500016947
1 999913080
5 500039886 500011855 500025097 499955461 499984352
2 44226 68206
5 499967596 499970479 500031157 500048294 500022807
7 999952861 999981565 999901779 999971217 999952758 999904949 999970420
10 500036619 499972506 499977435 500016522 500028138 499977594 499958641 500014704 500040704 499981522
1 67196
7 500008957 499976943 500033822 500009735 500007223 499986865 500040354
1 999936631
2 500017371 500010672
10 88115 24163 1128 34602 54091 27917 70316 8526 17886 62542
8 500038157 500044781 499999305 499967977 500003348 500033206 499995393 500009010
6 999908803 999954432 999934115 999912596 999937079 999924310
3 499967636 500039077 499963632
8 24657 31571 49429 82660 79350 20153 87451 10413
6 499973916 499991116 500039422 500023493 500034933 499974247
10 999953835 999986729 999917165 999975599 999914847 999930862 999964819 999951862 999952325 999928358
8 500018780 500045689 499985546 500040905 500014389 500039735 499969013 499985729
2 96724 78686
2 499972623 499998186
2 999971532 999902992
3 500040410 500013513 500029000
1 66832
5 499955928 500029931 500027442 499957667 499993170
5 999940473 999942159 999928384 999958896 999995334
4 500044187 499978376 500015706 500017299
2 729 69211
3 499951572 499990145 500031459
7 999996635 999957420 999930575 999969569 999994071 999907847 999938343
4 499973693 500036060 500003535 499996145
1 12357
9 500031180 499986158 499979418 499975189 500045670 500020663 499993601 500016592 499987635
9 999981194 999917455 999984525 999992322 999923011 999970439 999974183 999984788 999931127
9 499985609 500049498 500023128 500034516 500047412 500040069 500002592 500019155 499983602
1 59705
4 499988429 500013979 500038788 499957554
1 999969894
8 500018430 499982664 500025335 500024406 500030870 499963616 499990147 499975746
2 14121 81786
8 500028957 500030284 500030106 500014613 499972884 499966469 499980609 499982482
6 999908653 999985006 999964031 999953103 999911233 999920371
5 500039357 500005868 500006485 500033521 500001858
2 40473 23007
6 500045484 500037497 500007114 500030532 500005056 500033603
1 999979261
9 500000255 499960474 499988618 500009893 499971655 500005825 499967296 500032978 500006818
4 6022 34983 88857 46139
8 500017775 500029979 499989828 500004679 500020401 499982992 499978128 500021491
1 999963398
3 500031865 499974468 500005620
5 68289 94007 6118 18664 63663
8 499994509 499983647 500014409 499977243 500017402 500026458 500041318 499999956
10 999939960 999926682 999976713 999925866 999901759 999939950 999938981 999976036 999998085 999962357
7 499994814 499954521 500010203 500035745 500033601 499952385 499999283
8 56049 90851 83763 54839 92409 29325 75596 67486
3 500012554 499965220 499973603
2 999923698 999956068
9 500007949 499999772 499996937 500041434 500031909 500030375 499964976 499951136 500048449
10 73187 41172 78628 34790 7320 56728 1706 61754 4478 27406
10 500024844 500042540 499974329 500004779 499975274 499981818 499973607 500022241 500034624 499989696
2 999973262 999989810
6 500042555 500028311 500027591 499952951 500005926 499960930
2 69834 84910
4 499976325 500020500 499990662 500002369
4 999960827 999926462 999941441 999924947
3 500023691 499976000 499959858
1 68489
2 499988693 499967527
10 999921561 999994091 999937772 999933247 999973650 999930849 999944480 999962929 999916567 999950756
8 499960348 499974909 500013583 499996095 500017940 499988323 499962034 500003042
7 20961 25121 87520 1522 70083 42501 63030
9 499958508 500048047 500047071 500046438 499992244 500046455 499991825 499974240 500040833
7 999957914 999951247 999982092 999975728 999947619 999987745 999900898
4 499980821 499965844 499997984 500013936
3 9194 15022 34495
1 499999568
8 999918632 999965534 999997631 999996402 999970995 999990947 999972438 999925012
8 500013340 500021084 500046764 500036873 500001670 499998246 500002273 500034946
6 49025 44244 70791 55928 60264 36488
10 500004812 499967518 499963689 499996010 499983764 499951861 500038455 500005590 500016531 499999586
6 999979579 999995742 999960333 999969021 999910289 999947013
7 499952440 500017849 500036776 500003642 500020343 500037879 499951248
9 6209 45346 14835 81157 43753 42618 90191 37775 44575
2 500037420 499952943
7 999966139 999940221 999995506 999923968 999967424 999992353 999955972
1 500008932
1 70838
5 499982873 499991611 500002340 500017511 500039732
4 999977883 999976456 999983912 999964567
4 499995485 499970367 500017371 500016338
10 33792 95009 55074 53752 87661 429 10141 63550 68526 54159
3 499970862 500002746 500043097
9 999944889 999931723 999906619 999971695 999913486 999924754 999939730 999902964 999940727
10 499987502 499957583 500019096 499961035 499995274 500046134 499950101 499991540 499982934 500022656
7 50114 31347 25174 25510 38950 17929 92655
7 500005195 500042872 500037526 499980624 500018816 499968898 500009122
2 999900330 999946679
5 499999695 499993611 499961131 500003525 499983746
1 81333
7 500034431 499964265 500019787 499987243 499993578 499961040 500004128
1 999980726
3 499991354 500038212 499980448
7 72592 96563 80069 2917 45928 60264 76796
5 500042042 499961337 500030615 500017488 499990387
5 999903532 999996013 999902702 999943297 999983269
8 500016446 500023850 499958855 499958359 500012672 500049760 499986610 499967907
2 20115 93655
2 500045211 499988888
4 999911193 999937978 999934925 999991569
3 499982213 499973200 500006338
2 71347 2309
6 500026317 500048556 499957295 499963705 499955993 499999142
8 999916681 999986072 999986136 999982329 999966403 999954835 999920791 999932647
1 500043267
3 94547 15316 28380
5 500011244 500006463 500042644 500015875 499998082
6 999968523 999939852 999926321 999967473 999991143 999990069
10 499998524 500035935 500044858 500008965 499968934 499958640 500007760 500049987 499983443 500030035
8 35605 26807 86937 42553 48220 87629 48062 22606
3 500004380 499983039 499971295
6 999916680 999971150 999988844 999961895 999990933 999957957
3 500000862 500032619 500013073
1 28577
7 500014364 499957629 500046923 500023403 499986939 499995925 499987270
6 999986395 999968411 999975384 999917549 999981452 999972020
3 500007228 499959770 499979283
1 89408
8 500042107 500020747 500004202 500015333 499957732 500029860 500047253 499982163
7 999953451 999930331 999933261 999924703 999945150 999997985 999922918
8 499974604 499984332 499992190 500032217 500025653 499974006 500037024 500010098
9 66695 97078 88664 24205 51277 55694 96895 1119 23167
1 500038923
7 999931400 999956475 999993256 999973011 999942370 999909666 999953009
1 500002403
6 8435 74333 19871 56511 44703 36431
7 500022142 500042938 499975748 499950998 499988627 499964675 500049729
4 999931373 999949906 999935251 999987271
3 500027221 500011699 499970659
4 34936 17916 51998 10846
2 499979457 499994035
4 999923215 999996493 999952144 999984116
8 500012125 499998969 499965530 500021397 499951764 500013175 499980738 499979282
4 71825 65889 14309 2125
5 499950127 500043741 499975528 499994763 499988128
5 999979051 999998393 999999017 999960369 999995062
2 500019821 499989705
8 67297 71281 51793 54914 82130 64347 19021 30287
3 499954142 500026279 499959491
3 999998073 999993251 999917474
10 499962191 499959560 500025097 499973688 500015510 499984758 500042018 500007681 499950083 500019938
8 11795 45571 16739 62964 98841 80621 17676 27390
8 499981919 500047670 500033846 500032417 500047186 499986624 500036800 500002688
1 999918652
1 500042001
2 84228 96682
5 500002860 500035720 500035547 500020906 500021234
6 999973193 999993005 999942515 999945859 999954177 999993894
4 500002719 499986484 499962614 499992192
5 74165 72167 49944 2906 76266
7 499975342 500034026 499958388 499961076 500013812 500000244 500013303
3 999936313 999901755 999931523
2 499966281 500032075
9 36260 95175 46439 89209 10105 84136 42026 41852 4655
10 500045407 499995180 500040632 499974613 500010244 499953617 499972738 500002931 500043649 499965363
1 999939649
8 499950428 499983197 500020492 499985785 499950824 499968970 500003633 500040803
10 31248 44176 60464 79606 96342 81529 76923 14044 14220 94127
2 499988331 500034978
10 999909882 999970045 999979053 999948144 999966963 999946912 999901731 999937330 999958967 999953655
6 499983519 500024526 500032686 500046983 499975830 499968816
1 86543
4 499985998 499965300 499950643 500016114
6 999952250 999987544 999957022 999965504 999934994 999907765
9 500010526 499998345 499966233 500014744 500007749 499970768 499964561 499955313 500001475
9 37812 37476 2599 74326 56475 20316 85935 89791 44767
4 499972777 500006379 499995191 499958967
7 999998650 999905768 999903741 999939647 999966227 999998278 999981527
8 499977198 500008713 499989657 500026475 499967722 500037339 500025594 500007618
2 75074 98840
5 500028328 499980986 500020084 500000055 499951014
5 999926664 999956729 999995772 999975202 999986961
8 499990591 499967231 500032398 500020379 499984757 500027697 499997011 500024898
9 71728 15425 3057 10727 6681 67787 36282 42365 57743
3 500030585 499965396 499967095
8 999945176 999992622 999904749 999918460 999935408 999986224 999957333 999972949
9 499979085 499968173 499998172 499953343 499958681 499958331 500027909 500033814 500005859
3 91280 60681 58238
2 499974061 499983891
2 999935593 999946866
1 499959013
6 32052 8101 83339 55564 96398 23567
4 500004740 500006390 499982950 499977971
7 999968666 999904746 999997279 999973155 999987025 999927285 999968516
3 500045070 499963277 500029800
1 19356
3 500042314 500036628 500044612
4 999966859 999921841 999944997 999980629
10 499991100 500010287 499953950 500029545 499950569 499963958 499994167 499961415 499965776 499952563
2 92360 22042
2 499992237 500036778
8 999953243 999967400 999911930 999935645 999992189 999931410 999926418 999983351
8 500035982 499988286 500032986 500020901 500000215 500031127 500027681 500030163
2 17990 1070
1 499998744
3 999961083 999908237 999904178
2 499993487 500001150
1 43982
6 500031067 499978891 500013111 499965142 500035456 500036690
3 999940269 999916332 999907191
4 500036733 500019006 499955178 500002295
1 67526
6 500000701 499961098 499972010 499991044 500019136 499991490
9 999990474 999970652 999963052 999905134 999943139 999943539 999952308 999927254 999921414
8 500009096 500021445 499962903 500023089 499957040 500023377 499951857 500042499
4 74199 7577 85870 53839
4 500040334 499962744 500025306 500013250
10 999981432 999960105 999989022 999989916 999925409 999917217 999949847 999956919 999909719 999921686
7 500040063 499952382 499978414 500045832 500043463 500044597 500035057
7 12339 30293 67031 74409 90458 93631 17967
7 499993324 500012793 499953754 499961722 499986657 500032611 499982963
3 999961322 999919306 999917917
7 500033981 499999484 499961854 499973872 500015024 499996930 499968275
2 12594 4189
7 499990364 500001800 500031444 499956325 500021025 500036867 499970611
4 999981098 999973522 999954131 999974567
10 499995036 499964526 500005449 499996714 500033957 499962773 499966566 499963063 499975345 500035921
5 91360 8019 62173 10430 89118
9 499955388 499982750 499968218 499951851 499987786 499994837 499986631 499993526 499952791
3 999913294 999958881 999945302
10 500035774 500040168 499987466 500033962 499993493 499972916 500045221 500020481 499951937 499995555
10 78720 70338 32038 50550 93559 42122 48698 93450 22124 32622
2 500045818 500022274
3 999986138 999981053 999904018
3 499990729 500022810 500038758
10 1296 14914 34500 56820 16886 40327 38392 98376 3340 30430
8 499961212 500047742 500047358 500007932 499956559 499991993 499964914 499994083
2 999909352 999932663
5 500009738 499962455 500034166 499989938 499957395
6 64736 85492 72937 70713 74554 57595
9 499986013 499977903 500049373 500014730 500049958 499973749 500042596 499974838 499982947
6 999969753 999963692 999996461 999951442 999911316 999985461
3 499961436 500025669 500005347
8 9313 49027 21269 25190 72376 71051 27883 26653
10 500027471 500047211 499982696 499962202 500030634 500000295 500021702 499997857 500026403 500029314
5 999908347 999963257 999914382 999992914 999903670
5 499974668 500016399 500024181 499991556 500025878
5 32277 58198 80857 22265 94810
7 499960190 499999464 499995307 500041140 500007719 500001494 500010963
10 999949211 999961071 999962850 999968179 999926048 999921939 999947603 999988576 999950401 999914790
1 499962177
1 2343
6 500006905 500006264 499995845 499957943 499994592 500045649
8 999937096 999955688 999985049 999952988 999946641 999990817 999943734 999929542
4 499982095 500028036 500049920 499988402
4 3907 26486 34508 19359
3 499989690 500037239 499963842
1 999908171
1 499986384
2 83254 94237
6 499991276 499974747 500032548 500012724 500005271 500030672
1 999971135
2 499967710 499952271
8 43456 36481 42324 58548 47157 48837 33898 61342
6 499986461 499971646 499977320 499964843 500004970 500030496
10 999923289 999900683 999961353 999986302 999944477 999978173 999970672 999912626 999983361 999949558
3 500043863 500036583 500005058
6 72880 76741 85433 85612 78751 58334
3 499977901 500044619 500030630
8 999908537 999976331 999940416 999910595 999913874 999926578 999911490 999940727
9 500019454 500005694 499952681 499956393 499983371 500000597 500018852 500003763 500049168
3 75922 2998 44364
8 500008156 500043084 500042794 499962260 499977077 500040391 499987632 500019539
3 999928059 999958512 999995253
2 500044412 499955306
9 6897 60133 72468 53157 42341 26773 60778 25387 90524
8 500036812 499957213 499959823 500033067 500034532 500020305 499950752 499972305
2 999916507 999940506
7 500034940 500002860 499994123 499986091 499993189 499998117 499957922
8 94720 61236 15092 63654 48473 1322 94091 60206
9 499997401 500003370 500013546 500012484 499970726 500010855 499959169 500029587 500018882
5 999971595 999985394 999977383 999908663 999961780
2 500040783 499977577
2 21363 84299
5 499993261 500020351 499973995 500046597 499961539
6 999904617 999991291 999904234 999922940 999914163 999986566
10 499996013 500036668 499970751 500006761 500009771 499974964 499975495 499979137 500048163 499974514
2 4803 63660
10 499970238 500005321 500030971 500047800 500022890 499960262 500016566 500029265 499951793 500020819
2 999924969 999903076
9 499996125 499980620 500017326 500023481 500008859 500005573 499961284 500009239 500039024
7 84593 6018 53091 83010 20298 52298 87532
3 500002261 499965348 499982822
8 999910056 999926778 999975678 999979885 999987725 999929139 999913555 999992932
3 499987224 499978999 499960515
3 63296 19076 92569
1 500039725
5 999916811 999969881 999906741 999986599 999906775
9 500005805 500047918 500019257 499954425 500007992 500020968 500006731 500040775 500036464
1 53550
5 500018925 499987679 500000868 500040659 500002514
1 999940208
3 500002893 500024252 500022722
9 67840 7716 17653 19047 78422 66971 67468 52125 82204
2 500027629 500026647
2 999916520 999964635
3 500012728 500033765 499974241
2 60099 90077
4 500015800 500025111 500010210 500007682
4 999919210 999928685 999927023 999916405
10 499999037 500001678 500033131 499969978 500023739 500025909 500010644 499989652 500030823 499993494
2 89447 8777
6 499993885 499988409 500036376 500042820 500043201 500011826
