999999997 1000
10 991524312 548923829 986692333 946658206 467 947184208 727314431 776703267 891790538 805731432
10 454265875 882341815 88520151 466 381543023 548505890 842212647 540856347 285564830 233320885
10 799110273 465 800052430 597006343 246170718 561605946 959006878 727612457 710824400 10189029
10 464 785648756 87464354 876369433 261610751 366648579 694882801 66092186 440296548 283062533
10 157699988 845549973 519685677 523472374 897801909 722419849 927797889 610649257 850811659 463
10 86873837 720313641 153854867 415295049 979962000 378344135 450639248 452577332 462 424736622
10 241636165 311010989 188427631 556004551 534604213 796798727 461 466888186 50310785 745019414
10 970804684 694254640 878456376 461225385 707377070 750612708 932005910 460 582604181 520551691
10 537690604 307084397 886144562 683289308 917505544 513606487 459 660895208 259615575 333805163
10 500269232 71126665 611406452 286801105 663616068 458 501206677 371987895 203833466 253101579
10 659488941 647218048 221734388 350971167 452417553 123716424 308553011 687531165 457 899483299
10 148201412 603106512 986165877 836481080 456 593190453 154349788 696101266 909602280 469328518
10 391887369 344758968 485743766 874495065 455 656730531 357073023 173560209 388515877 145684321
10 377052265 562305959 168334701 848645776 454 993011432 403950121 207685677 458451694 60974604
10 275547293 350352035 453 939165455 962509865 272883003 901641989 282654224 62732757 150397128
10 100609886 967687102 452 177117658 416011119 853299465 875052669 864338527 896054197 868617353
10 834023575 451 867068746 181833219 154771324 694362038 183251941 379868510 302139294 674164785
10 888632774 450 108901455 542057708 405074144 900619146 542113913 804631689 594553853 412242253
10 449 356311295 102057558 885459891 299255488 315851524 834476580 740829092 63477031 360336965
10 448 446854403 111085630 259601339 243680581 26036841 722227930 436270185 900134043 12315892
10 613373551 122623804 990093685 934299558 152376402 921583769 851580126 447 496801571 453345450
10 10907574 5212796 981094446 438408676 666311297 879588170 374140740 2025461 446 239864290
10 542754216 93230927 557909747 371789310 417546490 204562267 387624529 445 886441931 172368185
10 296589293 410445542 62913180 725057604 328353105 105147566 603113321 444 653217746 723259587
10 569829735 560832175 983376888 533666137 399965518 440150996 349573327 984320402 443 628016883
10 296856224 428544521 192913917 901252491 887492770 731043700 442 746881406 864090191 758345244
10 224113690 149663720 19237347 599162176 815679177 691885082 441 8093125 22153021 8876328
10 308329539 348107500 392253172 947994263 440 620664662 561605600 570478459 892679499 365548662
10 722529777 83858988 508726678 455410529 637405816 439 831180048 562787143 382929500 460385967
10 438 851904977 141722212 36906197 279499489 924571281 661186642 680132484 177279807 322576741
10 201049818 284792171 771673373 437 923749047 815237694 701302900 316913577 621932283 883668240
10 309424513 832008294 760093631 436 543667699 644311251 497916922 673824832 952169817 378639547
10 250165019 435 100740322 183933601 387734564 345471647 766748746 563531391 580008523 551491891
10 434 282870127 625034194 584606285 121720121 447806825 314675448 671237416 225170753 206720927
10 433 462946134 300529320 289203757 93791874 725510007 32793149 685782283 226952459 390708998
10 432 279612762 625615592 581066864 403817800 153774358 117553853 132135006 905496471 455981954
10 437067996 489245594 292292568 628220550 905129035 101722408 429516304 705628321 305947938 431
10 464432191 326490454 211741530 360776265 607005942 227777976 772179306 910384655 38427767 430
10 764425744 485799557 720811956 569829173 166844586 549465739 838334971 429 235578215 491574386
10 91565252 532687377 783355584 433157923 661243963 78698981 316376209 428 323103775 154178527
10 39200070 780510757 632869608 12403709 845621183 427 164002490 132746757 725618173 751454452
10 420344925 729195542 856261098 702080347 507680263 869533090 454819027 804302248 426 971639184
10 757193905 927272068 373754836 957135892 425 649634689 375091488 201828730 384978255 131164671
10 620627516 1155443 224814932 424 366846293 412451692 654498027 922896015 549427265 548793370
10 441708306 118383471 474917788 332444051 848181272 423 354057133 467250897 296768026 94780571
10 20915966 752859437 417283674 422 468958555 64604561 541117801 640023948 876119141 113719544
10 652722326 720120062 421 330151880 649010856 381595863 342659270 741968323 378255248 376633663
10 1787131 758215648 673068975 155645751 499802569 420 998259720 964708568 314738014 676454684
10 375437537 866617477 588836250 419 935855083 224646133 104452495 259850438 99476310 105153433
10 188510924 418 200925627 490061302 889025013 214354095 979314870 348516943 584883287 522214075
10 417 853255402 596790438 870307179 942320879 32768658 917748735 647054701 932085808 258083420
10 416 919145962 938968211 938718326 286382343 557765236 699521386 492776914 16653617 312802427
10 31520944 451392055 691193744 875957570 213775291 139484281 81753539 350153027 415 589451213
10 303965406 71368897 572057624 952942908 34612738 135362818 965264907 766754599 18580465 414
10 309914411 191241573 835184932 419350525 761541200 846085926 290704074 410273870 903611696 413
10 635277615 746461067 966536388 630236249 873487802 846577183 930967030 412 70405486 162460433
10 616237355 615890148 573461615 510964999 411 275780891 238755175 701334528 388388027 139847672
10 683743938 108906121 64424913 607299252 380281084 410 928936436 801071732 192808611 467278117
10 192870958 530536111 958788231 491446777 64992648 844052392 409 467016607 145909483 907330798
10 813991509 907738811 456517376 408 270408182 545792481 280715281 258928853 869541625 699077477
10 175851226 19975842 407 486668251 615879727 174297832 700199056 718556905 274979806 843979233
10 406 565379300 83180365 295656836 304744838 716423806 70157712 381181030 663576114 475131054
10 412612615 620797793 184724704 133419584 405 188691334 262489006 905754983 563141020 338279415
10 404 614119724 982057422 225019283 104780930 420893274 998322191 348150126 539781347 924493797
10 533369946 594123339 538240726 403 876187434 500335910 921409885 304585071 586068288 767092119
10 863592312 402 380240841 761224556 83512127 766587972 887539377 795282987 950934978 283159950
10 401 682275656 728424734 696754210 95518740 582150261 829509304 812778472 943542870 33028315
10 400 73229292 181892292 287318596 288512324 206734949 770510581 354148385 311282135 842352184
10 692011135 956204634 42827576 159628436 191517202 52423559 235830662 238236040 399 295067609
10 538991201 869476786 557450649 184074909 203803373 46621675 905737792 309804426 398 517100572
10 2112528 137935642 57891696 206290991 757016472 980918256 88812546 510661274 187987176 397
10 941299855 755731726 947935367 456367130 834311137 396 895274320 143355767 867738278 347573016
10 469774672 965913443 633029578 593574821 429912955 402880117 717556044 113844320 395 756999441
10 229799121 889984056 24012024 573542809 394 128863492 132978055 41694240 331148896 954369629
10 723699443 885601691 558822873 26770991 393 984009967 283707760 468652852 210343254 841765891
10 355370366 172840623 262324144 392 342324238 969816053 911759172 175729349 298038223 895620908
10 934402656 406934784 496315184 679844704 391 629765713 324249737 793201496 209623185 763191106
10 192945987 872629680 958164328 43094276 390 941852053 907859419 921842299 736434313 436301052
10 712387510 690488840 530204699 208854848 999611175 389 566684204 687602567 42562613 291219909
10 568062297 388 722976051 6770867 485442168 140182274 202129558 993298863 279907505 232264311
10 426375128 387 954247603 926538746 198714268 764456871 868057850 442493030 980634943 307006163
10 954139630 386 956859658 410397780 99433144 271131132 625514445 888227759 382155689 579366375
10 385 555105508 981061292 76252061 935666114 538048379 759398537 554460161 962774300 77472721
10 384 653192956 138689632 859735782 667028363 121804491 171713430 449067288 745158455 930141629
10 95511008 998890909 82573598 776650755 61307594 490943246 353433694 774524772 602895793 383
10 272245067 668890986 492737418 329696626 771082976 708312081 141867791 460727626 238674693 382
10 107036577 973223879 751905927 868001419 106802133 830394951 662219474 381 350091168 778069373
10 16076021 15600140 593734176 297608265 807090013 45677598 311383447 380 331946725 613429933
10 301300000 280251249 711252302 964004463 379 40183742 934705437 334546589 757365675 726505714
10 69274275 930159637 280220231 378501273 480342792 378 721993331 335082451 994937542 270332048
10 69990584 23340736 399144638 906690044 701111724 897334996 377 250550804 608182110 773883934
10 672212097 240317218 327611686 114218812 595067773 376 926936486 308921859 386627542 641324118
10 656145915 396667318 13736789 723460331 654133947 375 211338320 806461322 515355753 512666672
10 745739858 519154884 194409411 374 475877355 351332166 186712934 964267822 71486875 114117987
10 435060732 720700150 33232959 373 895108111 439558677 52452486 424386353 183723007 69469081
10 724114457 58070614 372 505498229 913013228 677805500 960948733 512936158 884106269 63184971
10 921030167 371 871074015 395926238 709489150 524377896 341125007 186240179 168710085 587473647
10 756097521 370 200842892 239392940 895610824 549154135 88298175 333484302 823366557 702908714
10 705794177 419565794 369 881062817 499741839 51332647 788941467 197233756 102041515 932602569
10 368 859035955 911247745 665400555 65993661 597819735 977018677 997655854 603821974 938011795
10 154796858 176919736 768736948 801440179 213861 257652669 297819257 853778393 862069359 367
10 991500825 480457363 865401684 28850507 52722993 157663443 182924669 366 197905605 96727773
10 289105979 345457399 173638152 721473476 52008943 405315663 603309647 209796986 993680134 365
10 166802195 310841605 601332462 11035202 221562814 733419949 364 219512841 34480883 295744413
10 261299715 793554205 60805245 935827379 36994364 122257265 156939410 363 383055450 62665699
10 300808413 18983299 718287060 114970239 681987296 205251628 173556768 362 772372962 179713979
10 820273876 810235951 90477202 751720985 503098283 361 924477233 217527323 848530158 333042646
10 128788431 289046697 191383419 656244058 360 790192129 503558441 963408337 416515836 418716794
10 956325457 402186970 268602080 731533055 359 354243722 585328522 175172011 740712379 100458946
10 865090544 893329246 138554327 358 783076314 441507720 700193415 660130451 981126535 505345729
10 485111627 275162215 403068149 357 513204851 981109404 323875076 348357353 10905453 392569003
10 40626808 356 934569264 328934541 265601154 304641696 970255661 497009057 643465253 87402026
10 36704898 191242884 355 715016523 54790051 875822027 20344639 224785644 626939122 899683103
10 13199689 223004491 354 687859869 693100042 567345574 964242958 993409336 293203270 424111608
10 224897079 452273989 353 421554945 797224467 126809913 814553253 285800080 39492695 535183352
10 352 406804301 587647988 220235220 765286600 913600849 584806733 82121746 186396917 528589231
10 498328369 959070271 913279626 131493043 652489698 437251699 351 505695259 476263228 99775069
10 607297830 116289723 429054420 82770952 424270895 649970389 397172597 463589677 350 67501051
10 421277038 701503780 500335590 138457157 129531198 528132755 265214711 87692307 232851562 349
10 423911636 499831163 158617111 341650974 542438448 528601732 362763688 606044646 473591856 348
10 462087002 243992447 839284241 654269575 347 263827714 273307558 684686178 96547695 538347304
10 304156417 576730692 631987887 633013181 346 552664074 453721991 936122130 439920966 209909084
10 133356771 735082514 349314180 961748491 345 619739530 314883742 359332529 427695232 667952031
10 728438859 363286198 498848026 454069411 599291163 738798508 474183812 344 373923649 590325856
10 705668669 324711689 943164818 642508941 343 131982938 908319227 511482581 651845923 98346134
10 566119966 350767368 914798468 400360127 529244361 884117287 342 949177972 303040297 277462004
10 993282198 554687405 21731848 341 934533045 482297704 769527991 967651574 546844531 41635462
10 203680643 308294529 310933099 340 121856983 712701708 751753513 471982134 595642058 659992793
10 266863610 623586457 744203353 339 219160724 420740694 184735913 695140704 452169932 652208288
10 96519840 232429195 338 184370383 297573486 889126890 721743920 433644529 783107607 691368216
10 289296894 337 85071620 895688408 595785950 927453995 428412084 721164082 540742405 853338706
10 336 976227601 973361045 717026478 908175010 478127196 574094897 513567844 282228184 256108351
10 888518961 474333153 264568867 563075001 174173846 765787485 918532290 466074729 823294396 335
10 155858618 252827557 666031927 754226732 872721996 420330241 563766134 898517395 334 230017594
10 824776989 252730374 519219636 88840850 221764110 831898537 495590758 333 622713776 968009564
10 19690910 76529341 164793793 818504253 664642503 851943852 332 336302023 167726786 654808857
10 764637235 607411605 228657829 583409250 657070671 946019270 176388763 571972958 331 646666151
10 937597987 235270439 977229773 6179274 242230677 66465507 330 708882795 384977599 164001177
10 59715871 811813043 50750564 318618559 780560180 819390741 515623512 351716962 773630088 329
10 663043205 984007573 894026412 328 589512187 783517353 830849535 157301550 45939186 262602057
10 31170058 735000733 132462774 362941782 327 441117042 335794782 85493798 822618310 583508664
10 396035738 978092861 111346881 326 307022778 203431368 296611127 243821411 321553110 520410779
10 325 442903662 504969729 552437140 204848892 710425265 449716900 574584259 347400409 436650729
10 962291787 581234261 324 51440788 98483458 978951237 732235688 226797162 279237403 891663914
10 572147720 323 689456477 38306686 352442551 583729724 987853878 396530559 457224222 243055667
10 322 49214618 248336011 68137576 901693894 32038145 456117109 363025624 254033561 785520749
10 321 220383073 910394919 686887750 436972115 940291202 886998663 298129215 581848339 479637881
10 320 590096060 238315924 136896794 152323942 491876644 15373260 753871270 624410395 615386466
10 161380366 162896598 297046802 893451976 599665783 576914890 857071855 576501350 319 661603872
10 180108255 8798862 433851125 943941358 636594268 318 526437598 77871242 688024860 446364293
10 737864155 497454389 667932059 254746779 473062551 301657122 855977565 118230197 317 635703755
10 741853383 550107435 99810449 594541591 946756807 930997287 316 316616323 354447263 815177209
10 194520041 776708281 237230401 590104568 843657820 944333343 351246009 313470489 307350105 315
10 32378127 130590106 841844222 792154594 731336306 314 72583113 445278343 590942023 822242268
10 255537995 890050303 75241583 222098120 313 479942210 147152223 531863768 706209562 129359355
10 104789534 229355675 819910127 627283857 712828687 693528197 270470715 312 741323158 447603969
10 612433536 629012296 311 296930661 182159123 716981877 829520395 445891625 290842430 986164970
10 296987472 591127311 588480966 310 557673141 469497490 649540620 800575756 441359888 426882030
10 471828943 701756673 531059331 309 232753993 698563380 249478167 511638498 585135325 849704346
10 362154679 84395125 681768705 308 193145286 32260170 96036159 200622524 927387065 352094883
10 164632176 299439608 562389191 307 985536231 397374117 780200235 62581447 820451801 872629660
10 376172187 279462345 532778240 306 169315396 5331012 264631379 690981986 902938476 839602117
10 45322947 305 655214703 138749622 926189154 36852683 744737065 661727482 74322947 667165561
10 304 276956179 626468678 358515115 124155712 373938386 715387855 140438387 757151740 384915118
10 990796943 286184493 88382688 553926224 174340224 162027534 914839200 71235189 303 253586962
10 359303784 125617593 89607985 941742633 257543683 755904805 920253586 348978400 267345155 302
10 614778837 344573224 439576727 74374250 356154573 230893193 968479123 301 205563167 405374806
10 776105072 484687809 932690964 271200206 457198181 50394902 47197208 131273721 195452157 300
10 274203736 984638706 850885716 819445843 805351271 57531029 587789009 299 15804429 861612581
10 519970237 854001107 280181862 555723990 465053633 298 540198440 355375252 465988413 646691540
10 977779414 391289937 735934926 719153928 924851094 368568895 297 449208863 789526292 412516218
10 688644075 958941961 148084704 879358540 296 722724555 483637337 279567250 825991941 599547203
10 12750577 127108487 609863644 295 946371391 640165745 210200669 289140343 267115126 155315070
10 581553018 164157388 522644179 922035088 294 706617350 839505585 708378501 147176280 799132271
10 972999277 293 498989642 980981407 822377689 384914700 514457206 421706109 612671787 291178916
10 292985927 613668818 429855725 753425547 292 542980154 284577194 534602801 806549375 422534064
10 256242549 538732380 897106521 27970424 291 839246486 684871430 940689524 718632349 699530829
10 1993150 334380367 290 177434336 281165041 487989122 402778968 483155607 679705855 616306642
10 708934257 289 898630337 858172964 247287311 706270781 299112431 262743797 144454128 422935608
10 288 709628460 837120487 759054685 14574378 784069569 31582506 230696828 362069435 813888285
10 339236555 73099342 67459789 104268189 553962319 916540218 741751643 421293121 672960210 287
10 512236776 195528355 221968927 211855175 622614596 589209810 460768522 286 11363699 856610225
10 736375332 908817155 113967859 283387773 968233935 187479639 285 194972978 1500491 714798132
10 172019520 953935576 715955257 471389965 903756073 132307003 367777505 284 539906290 696489453
10 534944178 171822488 308125147 809159932 484329254 654605469 884119435 283 819281227 458874902
10 139040873 145810643 229289583 426096304 583167652 210914085 282 750485703 83348187 273809711
10 269234894 101117333 265466055 102988772 281 919840778 17874395 305816742 33307153 168235320
10 509140648 560663787 19870847 10611443 516178439 739812029 156802157 280 237960195 461781849
10 914999803 427056162 279 348173767 935674636 367846997 102461217 693021524 127132008 169090329
10 848020267 390721178 844665613 278 214710794 893494006 837974698 423264324 338433154 513914414
10 81839665 267379901 293475562 277 237056359 622794023 203036723 232394000 758347817 209948377
10 129504376 957391313 958847732 276 615455579 387387713 94011922 310798719 703315206 399947305
10 851542048 977667092 275 944485903 944471582 395405974 722527929 718359304 82876237 897558320
10 74206924 609242160 274 386978627 473671912 645691912 282524830 834146946 91444847 516258136
10 33771283 273 330037978 522655414 292412748 637771239 443183900 624002215 955784179 728017930
10 272 337751969 895578817 581711245 51426166 428167533 130267323 963174065 109441502 784573629
10 879089703 745302559 402895424 616189501 163653066 277887819 90930198 99459635 271 893618492
10 15759265 136684614 183026973 816502892 865435954 944348898 434159499 994278494 270 704638897
10 156412032 733362896 314124047 405283871 785704771 43959159 632666460 269 581966157 144385156
10 876082258 562855961 280950632 110065415 503717695 920982828 268 73569502 847056467 833231621
10 65272566 473650092 943816534 181815326 267 492658934 889263834 994666612 622914829 679502319
10 62899855 208158728 108919068 956460980 266 773061161 42448445 346277449 731206617 525359724
10 785823239 696382564 764958942 768803765 265 782250329 238066762 387788401 926976732 666809219
10 55412460 219420806 522160283 364874393 891293046 264 446407057 819532995 790925961 133011795
10 560684763 344561593 161980229 263 236802010 491527142 213769606 424649332 658684045 323269371
10 854765702 186882406 262 92949516 578818423 643186366 898372212 619298704 596293156 613854377
10 741907001 775079296 343073329 261 726527640 996035240 327156791 60462449 332401867 667634933
10 260 270110701 244763983 489928649 740337178 85901922 467267781 333582590 915916186 227955832
10 675253726 728694284 557244628 259 31259819 472514478 24329386 769263217 835838781 763765899
10 113915098 258 810515325 247378253 638429691 535263201 344821637 573601225 202631097 231317319
10 159338975 925605675 257 966160455 295615612 352633580 739949970 409424879 619943163 301055065
10 256 964467887 233003719 193525006 317468618 643931158 616218509 390633844 697755098 160613695
10 312083195 989116370 691404881 385716788 143007836 99913614 765428341 704182035 356139718 255
10 275413418 178113005 181282140 541062715 642167024 432345410 133463836 932666445 814236068 254
10 875785122 928081349 971995015 329710687 710420177 19166894 822827585 253 907659351 822313628
10 365543563 367296659 422675705 818436416 162413127 649046692 252 581295019 283518457 870515372
10 379479518 789650912 990843390 447815459 432676296 340229087 874006530 251 405958798 304231007
10 686402585 582595149 661689925 445401851 432983895 250 354729838 410345897 993738678 380889852
10 563351446 231653354 579895652 253040883 425260304 249 224532280 431829766 120494147 4431469
10 457949240 688918580 468871718 720736034 687738617 248 499545807 806066768 914928886 533019306
10 291952724 289301371 763789683 205469785 247 971125947 207041117 111415561 795641154 781732935
10 376707655 368165397 246 856475418 37701193 965029357 558295610 738891878 668693877 945955596
10 473051986 268488995 245 355083487 327590624 653687745 411157480 708456656 73885516 502384238
10 939245626 244 358986096 501703936 730023636 762948720 744604747 966513441 570923611 837356180
10 118645346 142663760 960211963 870394176 243 309398229 745228769 135532222 397008660 137200435
10 242 410879871 224500565 629797132 140330168 409490321 108437964 381519312 143217671 587526570
10 232604557 241 924228035 673305668 762455671 547146489 548588167 51743186 425161244 818898272
10 240 865778491 390049341 48209404 868378311 443461304 826101253 196896582 357909166 367102973
10 584884410 214858584 803945612 31618186 305945908 505465628 887001936 986655841 239 207952282
10 157245919 346026654 114843706 827352162 569420483 684482264 969070326 393685809 53091843 238
10 987012644 481731654 886981295 499737740 79800676 584735693 520583696 389496687 41631568 237
10 347356532 183391518 410733098 775074560 610024015 171823033 456604097 858828057 83782597 236
10 264061739 224433462 658282875 823855244 428395137 853862542 235 150408652 952588684 201882981
10 232422202 228769398 138035295 266862126 234 743117248 893503933 512241093 206996360 333354705
10 356758627 347673531 906298471 805806691 768061619 379702087 848691649 233 338957098 170129293
10 843752153 685238643 538631134 769390655 266242057 232 68000628 484985859 18687808 718039138
10 78052674 490736548 94536935 568373509 85719629 231 40078948 237742195 127246828 797694404
10 462781078 783462545 286771586 230 106670045 346612366 706468867 88604978 667462694 444771437
10 100493039 524137961 309128856 229 704042492 977932097 125218749 733256505 185662430 835899133
10 848862232 98827395 301421942 97534307 228 244138555 783190840 45233610 525482728 822671523
10 227 672374448 746760870 9899042 477587231 526488600 785587576 672145117 912973124 660316724
10 429384311 226 153703706 252919124 445769645 58998520 225432051 315315796 461011717 485062070
10 353527394 957376416 225 375683891 65537105 690156331 563222296 269177120 212010472 336808760
10 224 89928716 755228978 313003498 775511786 414923855 836293933 122036209 965515191 366942896
10 73317742 890627858 972385330 701131757 620902314 461790431 73576478 196334878 155555736 223
10 753445960 925243894 413426257 394553010 641487269 549133010 798527637 222 934639083 740033971
10 438263597 104256868 292751248 714943163 68687950 392293991 734218232 221 881013982 581560103
10 253070101 827334449 81659477 220 771117850 660612588 532768092 313131399 121427586 376174036
10 226964007 578249365 637105613 500618385 290153282 219 357479957 921685409 279549830 778883811
10 761272419 836613784 350701937 105921352 829087043 218 820531762 540123613 441406337 547749595
10 44619402 322271447 686997142 492968116 265497797 217 218075798 187340128 973298895 1695814
10 721637456 949185040 677066895 562160916 493882470 488762983 534433261 216 581682593 89049029
10 337093923 628189447 215 222038421 973051045 980358436 177190996 439497983 969735889 754651830
10 282197312 916343660 717605329 58396687 352932108 214 506956846 962287669 804329454 284299341
10 206202858 936745191 213 24395826 911078331 90933884 887641599 527976224 743032338 837719362
10 120407517 157750374 844380453 295452447 287817684 212 570860658 544900855 502240513 186062504
10 86940830 363182724 254967872 211 159510173 742501421 431505989 481356830 813899020 200585899
10 210 216029188 898835959 947506236 345838427 589900336 965446065 249280679 983344352 242248653
10 209 942425405 353898249 965846130 777747071 396708866 893680460 116975681 98929193 327243934
10 208 912918682 921176377 855308920 214431331 39540862 223276107 199536418 76585806 488602800
10 667086578 532645198 690400052 715382545 297056983 479866108 713662579 986029129 181574860 207
10 926104083 10023722 405600442 957232905 820493391 358671160 90225337 462920442 206 700275715
10 814283576 867252480 137073753 674733877 805369154 907711730 199205253 205 200318477 931308124
10 824071758 927769949 35300552 752138784 430539261 628087753 273788903 204 764760233 992508870
10 56797282 38425993 278277424 293952530 267200229 713164042 130466764 203 484312098 834881069
10 255475771 282620874 758229428 581910602 254845399 253910651 202 843359160 166604610 420229746
10 255151317 417211324 968801692 933345876 119156061 201 402956424 149038126 413971203 196990802
10 973092512 770361019 348638563 627222230 200 54425956 424615237 438424060 523875094 741579052
10 59477242 101717969 557531839 933727619 199 452420735 871185046 190348308 255363284 568641194
10 26686198 198 104306673 780670366 825856974 800111688 974404104 137341683 603381033 601370711
10 803117198 142347260 197 813335053 347399980 326213064 916789086 213886323 858449924 75340627
10 809769879 196 882363106 927619212 931566238 84436016 237270156 14412624 683288262 962579505
10 335866598 195 2722845 935777587 928678684 173788247 421008084 777266185 576080827 685506978
10 186598703 194 868156617 725806277 727878969 772215338 888122658 679789706 464308594 83980846
10 193 284075229 568912013 686792536 459352440 623938650 715743412 934636952 543373933 670897778
10 192 720134463 181820387 489587288 927021590 578530067 543220728 495101816 549440116 808765371
10 249307468 580145444 834396666 435819275 444106602 240830185 808472595 116932989 180855792 191
10 917234664 137184712 366800506 2384595 615132093 629810338 891988849 192523301 190 858382727
10 549338014 321052400 35493982 878062933 30385963 792809669 366426351 488315234 133011527 189
10 869636037 72498642 4280151 987299921 881016939 995969111 188 593871352 802517579 639402658
10 398462837 645242770 521825394 769949229 262473596 187 884154351 497538906 326360686 975735799
10 443881125 997910536 407128006 158609425 922011874 186 720139175 414050113 765181428 410951217
10 96326509 66356247 331011551 523008665 470480588 85861926 198269193 185 709278607 616328311
10 133260131 22749480 621002965 620914452 184 667845319 727957160 771420406 440254401 969038461
10 539487671 676633764 146989411 951999357 597247757 928290289 452673421 183 576618025 749089034
10 66786619 336139225 552026727 89971901 57467405 142469753 131958057 182 775075800 173812001
10 139090890 494480889 181 584864777 786450472 35591476 854348327 209442198 237927056 950465561
10 859617836 304749835 841000913 180 333064462 797991973 370568382 31518938 524265525 982615706
10 379816883 316071911 179 760663218 462450933 197775150 543639916 411938390 438939701 293820812
10 328518868 648791530 178 212175799 137232746 618518713 950249269 983548039 479524505 333495886
10 177 267334478 343876957 307654622 101245217 90241946 162193648 945929338 995175453 278762512
10 176 426128391 880870837 478436128 735866923 190409678 316318160 747442049 338767868 594934858
10 687445947 577292107 348195463 749616903 777044414 409795634 329707512 175 711090893 483382720
10 496288756 395555730 699292987 542819341 310771661 793140430 908420344 174 345947456 943084697
10 856846643 336796626 959203679 727460009 52624698 890308520 111634814 434975463 173 635174230
10 89108174 790992112 400311450 704453947 234372174 193803002 946606469 690224762 172 646110782
10 884554121 325501378 121142877 765684004 443026272 612815454 171 508842328 700432419 795741617
10 57576286 895970023 837240294 34974822 633835601 934027738 821930107 170 962532386 686360871
10 222403824 416922362 318657530 860355682 488426730 103165328 676374647 169 630259308 82996686
10 657852742 288156456 743163023 168 560628242 957346869 765378197 159065318 629687829 274323415
10 145710207 623026242 630663762 411049798 167 51355112 378835629 680801565 356426967 850523373
10 969497305 421466127 688653358 259150064 58242507 780368640 166 737281125 706037736 814891053
10 227760211 488295515 165 560852874 106389710 443163393 829297813 618739436 551609150 319616883
10 73720164 836847360 592661585 164 353129956 271465734 609525086 240347849 705398224 245945078
10 773383481 163 763089518 978705218 391809026 274810137 382765706 73467179 949540980 301371961
10 162 690325142 641482527 874682452 142653335 611022035 841482045 904702599 47460639 25174765
10 811066407 161 564571959 53846343 321470602 213855178 950302558 999330956 664339189 554242996
10 160 959238557 407451544 834770288 421558098 831243774 833479307 576340103 441824571 992888305
10 893779764 152397182 489110172 934485848 278208393 353692105 981826203 159 687473797 731915215
10 668224646 707688315 842370242 43916457 882948393 71710860 456363960 637783528 723858264 158
10 891119308 527820534 951276407 184570788 288110186 639147585 600617440 157 967071737 272944394
10 231217800 222717366 300660856 717704495 799154779 34974460 687862388 156 921547106 250665503
10 50875448 382968614 184646791 221581490 156140902 265343160 590473691 155 991537029 440842203
10 779597559 805327072 790860423 52290393 614235640 722606554 330673853 429724148 154 189280436
10 438014571 128775645 507503582 142864993 674413287 912253096 153 954786117 27902326 627611079
10 914777990 587007983 890132604 550546118 300003590 152 192457683 703107285 475687748 62827953
10 480012780 360112550 877849185 963085123 995782687 392783487 55648631 519422995 151 967733297
10 246015803 38621262 150 170197102 25202571 492503559 710839843 602988861 27974484 136629611
10 255437801 694419186 918851814 836738843 149 234513964 568982628 408449701 115079733 868944260
10 209174807 485597136 311152794 949039267 148 338557529 638063825 647046490 998366237 478558057
10 617768962 740798966 394214877 147 300387936 656212778 809654357 728856555 743701294 347133374
10 9828725 146 159520198 366988698 451101642 703103106 535914509 829453117 623306664 887111166
10 145 802143880 858996970 817925833 914074689 463317729 1503210 200442351 850889466 495029006
10 144 989945763 178291699 388395730 259863336 429873400 905359134 712752242 217862385 89822231
10 729452186 286305728 179349456 892751028 267369595 475006904 503292550 677209987 143 769398467
10 514024947 905790175 13314696 538030102 995598302 290164208 165863886 702759006 142 753006799
10 313493355 539801033 513220641 438632483 938602378 141 356316865 813026152 893919175 618518402
10 316011156 243434134 180253688 790272189 937043421 234150157 588583791 95111440 140 457611385
10 330517235 36095223 966448059 828605382 350313828 937590021 476639362 320062377 139 257809990
10 490608766 92810776 936666580 223896411 697763939 406193088 601646884 138 457110052 909752103
10 505088842 551721696 975141596 162895729 312938802 702306715 137 166195085 38621558 547909477
10 350187932 323556634 136 896918527 755990709 778999717 202918197 963816764 127757859 907684485
10 972600443 810663173 249630407 135 489155152 506064224 207335137 222776540 973748421 683341989
10 921580254 151943439 180439984 905106273 134 567640194 673708207 94496927 986673537 561420984
10 779782697 221414129 931327430 133 449123568 378398795 500331205 429951015 447623220 367215528
10 906730106 966745804 132 70136666 254259570 9821568 319135373 11511414 82463667 954348718
10 1200450 256986961 51970905 938740725 708405896 131 660425646 211598153 251134722 894485278
10 312837221 130 419087496 12252489 401669382 713933860 66860165 250882142 149655383 47846231
10 479703 129 300065783 715661521 739286555 659870847 735543772 351509071 327844119 537014317
10 128 863538664 77195903 204603605 481110887 776870916 57795162 10398226 437414861 847994580
10 563404710 810432154 2909337 433899194 740098069 961004559 307633023 913942533 576182649 127
10 297408184 295528233 387782133 226924062 653743246 271531141 503825436 126 43954720 713403243
10 859759804 487871702 94433203 631870573 973392913 967062259 484956926 433598945 125 362269256
10 701715525 821102231 817663818 744336821 124 878651474 64901296 496845026 202941751 452272906
10 143980279 877332776 742965548 279803236 438240470 123 47791732 460379213 382937069 923740736
10 653305296 639856209 62750366 670979786 239921700 438801742 67051446 122 14838457 741659194
10 384338120 267643298 108947148 505437366 394495333 667200547 121 62362750 1983175 160988597
10 855737392 807088920 773223504 833968754 120 851027329 502562959 362319524 500050930 787305936
10 978410593 447229992 655299931 835898326 119 97912732 896404453 11224599 546699352 401271973
10 259670602 584271616 314569691 118 21543438 243163113 939986512 232893705 966044943 523156032
10 823380065 117 674892159 222316807 480550364 844710016 244852689 992748551 839577204 343309145
10 77283355 198874522 484919957 116 141467418 644147853 607574074 215290297 885100573 378297331
10 2658120 678180958 115 694069402 409230352 915863459 278523708 859119629 434681202 31073557
10 980295087 827416336 114 105381189 465400904 902782054 499481567 309907762 939542122 188492983
10 113 410786879 383643550 330113294 971072248 209384224 112469631 722012388 780835927 679684717
10 112 869794840 357912309 717367605 278199731 808827247 555304037 646420842 597502339 406846961
10 887787198 64534736 549345060 933747835 776818961 646274857 964995497 989073754 111 244130754
10 414293635 315665892 627479586 130340817 236613276 739098715 941360630 948491557 110 742857512
10 648100960 49367827 970011861 373279467 776876182 747673080 717255273 450289228 109 606339068
10 787625090 989511018 356224200 538047449 586638767 286403496 108 731445044 351253378 828273987
10 760667478 302094336 283181091 514305188 188806261 304940901 615782670 222568638 107 988891006
10 735876750 627146611 495463019 673995832 222380950 661849259 106 648731920 995771601 270105782
10 670909453 612294538 66228983 304582625 718709536 971235172 574939948 105 311522568 477860276
10 504901465 331229818 415168811 529437161 321472174 104 398027043 631650378 377206821 269264706
10 895608864 8106058 787042891 739520833 103 996762174 814816107 426678320 16073050 297897646
10 722237436 41577768 344577131 976243908 199712450 102 282822295 148407221 947693585 136869046
10 737658902 101 761061930 128865848 869647916 30584491 695448200 342886988 31276529 959779707
10 985833280 634515906 650590452 100 190776347 30615239 927787546 838544113 66808039 144168075
10 441570337 312662288 99 696873341 471699483 441567275 487187013 286459294 83040301 342292345
10 319527418 98 313305759 947234438 768611780 421344697 129785640 471893414 98845902 434188267
10 97 167382555 17774429 920949127 984580571 32217327 344461232 495737702 276711829 470487716
10 96 238759339 811814087 622660409 308077288 157881228 215946968 109164200 583156060 158471356
10 905426518 824512385 27281124 937349435 706613881 814906677 628457901 447621618 145385911 95
10 585814249 694114555 657944499 134725346 86280993 350146105 927613440 351296349 94 103632851
10 907154707 755934970 881649594 252353250 567865648 935001955 896175952 93 511689298 149948158
10 878743024 145024935 317104066 37624858 343453597 572160925 536087811 320142748 264166118 92
10 9918789 452343109 7396197 204913425 733835173 665228238 974474028 91 706100651 175077441
10 458222623 498064782 487163643 552269116 688525133 420069856 90 793425334 517405848 317574082
10 940645825 479053663 313599106 324332384 925841994 745058237 105215347 676412998 540691650 89
10 380533180 975942536 138048638 424799062 88 638001661 520020066 118894011 489424675 434283277
10 424309290 702159210 815845873 958399905 206747137 87 396528136 125043455 824864372 336858619
10 396926472 393372785 762850763 684554104 86 327845570 612848062 799634279 959475278 342526469
10 955745174 192263895 445800945 91443232 85 310198634 184926290 282792307 382765530 209688388
10 553314762 890876745 158288958 84 803772461 198459571 607133337 716208010 340337829 692678660
10 171319062 83 156372129 469764437 737542355 21223515 937990914 54172678 527137127 268134628
10 82 690504907 861864059 861410764 16963877 567447514 124123837 872297538 406209915 386357768
10 961576288 81 566408470 863797480 551595269 318616459 810490680 129670099 881729042 690415770
10 80 150566248 333482418 125314764 604041828 251293759 749815129 989169004 692482332 202207553
10 580061538 13836658 826918587 823939982 72346220 66391296 93479422 577853437 367426856 79
10 879785745 263330977 10982385 928984358 691776546 721923950 247527850 265668638 588099552 78
10 740702628 75929205 340889668 937265963 326137576 433581838 938982204 236379245 77 967144106
10 806821607 523139679 475064771 754528157 347799343 424404621 129086666 76 724532433 224903209
10 776715035 803493300 664955472 651262866 583538987 514402848 940080962 75 903007481 997587882
10 96908614 969720908 151897855 105706383 99708662 453781445 74 871143553 875130246 935452830
10 629267683 323880653 652164780 964672700 546433620 872981677 73 515418673 194305240 610477037
10 446160006 453819455 430132214 224460964 131643726 72 6152069 806154693 703138901 392921606
10 609187423 651154719 111230323 731660975 71 660117983 130019237 965387830 519405211 544767222
10 179413537 783179981 70 354204458 259560590 399377705 366230892 56956440 179939111 633594813
10 694540132 384142055 148379626 69 28652077 815061293 9697337 220992870 367706295 679971897
10 556723182 482459008 68 336698388 985714505 253777930 195790192 320070927 945913629 125769506
10 370151936 940189800 615205081 67 704389272 223045358 672673856 136803292 327583275 387897009
10 66 588890586 529096749 673742301 791006224 266119290 684974037 488373809 437436857 449493879
10 269648594 65 259161383 632449802 345934660 864872454 419901693 251504966 452426315 24799428
10 64 883688749 319003393 349990888 247055932 788031503 464293280 574660558 781874436 391058017
10 393557077 253209621 923642734 738927656 861234352 469215727 675476792 947744263 432381048 63
10 173889756 96367002 605458867 204908544 107645917 208591638 226848367 916801230 62 25715638
10 44021021 800990941 910732299 239749596 913813999 776532530 836444721 24386302 874843902 61
10 23249216 948118128 284256436 326609778 892886480 885776995 764134578 935341834 160613832 60
10 839878686 985587116 290630144 972727641 354908963 451162510 152745968 59 244816138 783667963
10 727028325 699899170 114786722 898090321 1608385 58 440725182 552741948 258492087 155203071
10 586494245 261402310 352103961 165852357 33069296 57 397719661 232670247 461783338 415846679
10 835764757 595941904 56 47865650 622771428 751301533 624536514 409279657 583829648 684346823
10 320104165 258729081 929532245 60294475 196705916 478990042 55 143901064 706920415 768217956
10 942414015 435907919 498434625 114485111 54 407637466 352861568 910985847 652062913 798420555
10 13036677 53 159656097 139566486 92465402 331612153 404275475 356134775 173477561 43862275
10 321064483 709399512 651129053 52 395988622 478038230 48766866 743741422 240438506 646974879
10 51 578927858 658886262 407725032 443090814 107158905 813130299 481772363 122558019 257323739
10 461345006 50 319798408 592477306 870062470 924493313 785143601 235524500 81101131 244755993
10 493406936 49 699673941 828333246 279079636 469757348 478437160 201450333 457649387 716680730
10 48 573791649 411071827 933988191 7703747 625197716 18141294 604912704 738870069 206456961
10 158158524 893897570 594481605 526540184 276771237 400169825 499467801 567160051 266237616 47
10 738163791 598255739 334848886 270736103 261500897 90025525 567932544 577335733 646694966 46
10 711523994 112947097 843349735 845933055 836402591 144437580 813743081 218878711 993303640 45
10 697861080 259809229 269903250 327613952 127238099 155861234 257846932 44 405788323 945717552
10 249933136 833441883 84681002 935100262 43 293320592 128868613 603592468 191688723 422926106
10 192079859 692879630 739140428 414346817 31994367 472215794 559672306 42 966572736 65907632
10 169983664 596722930 648829816 282414672 713032583 677675571 606350611 41 420545309 212157848
10 309411793 83091584 868006888 991202896 905790696 487552137 40 518213754 818637664 618936056
10 236059008 782921998 410036277 39 316557670 804368603 438712394 101710000 95546110 378420481
10 613204988 633811461 205536899 433743161 688447548 38 470429468 912036676 482952898 955185522
10 470255332 37 321586734 177748621 939287220 434591950 133272218 594928603 450907086 249342339
10 36 965685515 479928700 51317016 833759018 37873384 881721351 432044986 210511927 205999771
10 165227049 751760334 908076017 903908673 35 811838036 156280889 718248966 257441941 611203136
10 34 196640477 900110689 724529239 400626888 265359912 851144801 121221922 711013916 650018595
10 33 651717914 526630919 976758765 315394586 893919807 170192595 917838716 503263894 500870518
10 32 511304793 152542485 225427420 22490019 151998858 798522158 716949010 27999335 767464592
10 65873293 475275746 503014786 448249645 656751934 737737171 698709929 624870288 31 19127644
10 657999640 867346291 733677976 664968561 886171301 613352411 762484693 567970930 30 651784134
10 413043614 647200017 650133477 858143793 833590648 58666995 29 800811606 688457686 469672385
10 835136048 962779291 179959491 306571358 28 360591859 259059101 795051261 764897385 69397932
10 321311876 142721938 621245552 606477457 27 718996870 379437810 565185967 243532635 691323307
10 167865377 721752469 15760050 859611925 26 205078867 480665116 167639318 675631198 475544245
10 740149357 770668622 180143983 278949765 115357591 25 168207756 612917410 913452414 310266705
10 122474924 596339816 202126584 24 420697259 460196404 159906429 928205981 385966078 739024723
10 871860692 908443795 518704220 23 196505967 506132803 248932940 543051204 261650084 896153748
10 924817038 632588151 22 701307003 225177452 623629825 364871557 367917431 838087487 406672240
10 81061316 258796318 468029670 134909742 21 332038588 980043101 295365549 200028516 163508851
10 704993092 20 481358357 763002239 602033607 654814555 115817177 162532478 79295862 563650055
10 19 199102202 609805917 660285517 729302190 543996299 909684161 665725091 994042208 569427775
10 18 665349914 362008705 644535182 100208989 390217175 243221913 979785361 576007694 556357524
10 17 342319238 823157090 712198247 707057264 746473832 325846964 343444325 194159324 27034355
10 16 405166966 453000001 878804978 416821884 726724118 627417533 295644070 625672930 844190476
10 211800207 482040714 359158411 560195830 156498938 586057719 537440438 237514694 15 792500867
10 552824769 26381830 334576549 952073321 664972932 138196148 802798835 408825555 14 906056527
10 638926149 676074168 584171141 312367962 611984002 882649797 310797964 13 657610831 362588802
10 323590825 390415044 483840437 618956208 872315478 976700126 17876266 12 715077282 147617554
10 470476536 84220615 289458312 556978778 856139070 398623944 11 755038907 995769668 769454675
10 893407571 984559867 484718496 526208475 14093184 26242425 10 380623618 955436124 208276292
10 576205176 306370115 784231864 9 772614404 300010731 509047964 266336179 394795894 284785367
10 723197769 598160836 724597219 243400132 788804449 776837819 8 96729883 140378855 247360739
10 963841648 209653195 868727233 876201599 7 103492828 897092480 856433798 18678262 992536869
10 963345579 620635340 731612399 6 752261519 465318198 582781207 192425653 291387635 458734442
10 957698247 299864156 5 504197355 664840121 28886481 788498212 383210042 189181448 424878732
10 418484817 887565799 4 327778396 799414480 809986721 77868860 302313913 920599666 297391062
10 927600362 3 942184683 118269967 166612059 501930866 913719631 810431460 661851566 186003240
10 199844921 871550514 760196415 2 619493358 390724397 730840107 650639662 689935861 495572612
10 455432997 663000516 1 228442905 811846773 129501551 423841908 368880452 633144052 116629400
10 821237952 140597458 663185025 999999997 262525501 248161651 388287198 164959598 21509157 941356788
10 67352243 143565823 999999996 976757262 320063797 192642129 245591465 953637965 878180186 467471762
10 932361938 999999995 879373727 698077676 695792928 584107464 758159546 256560886 197127667 59741250
10 999999994 543683847 366870460 311270716 96448763 168767082 252734917 407371040 764373014 260427150
10 895896230 999999993 732915708 182054909 41003429 740144120 509149327 156132375 856743451 638501584
10 999999992 911717541 34004468 550251241 37469036 243471972 375616283 523239239 983266659 210336967
10 367524163 36198157 835556171 644404673 580319391 176873939 999999991 907854434 430520950 446914348
10 865880140 639233016 472564105 145117201 522146295 587186710 257934709 999999990 40566646 370172382
10 521166352 626706122 969973456 277736143 534640766 858567108 779130154 6977622 566805238 999999989
10 724007702 85231424 259142135 914668177 145682249 451777962 959766156 875149713 999999988 718977220
10 20666090 474875213 623316801 102207775 999999987 380689243 248315072 662940975 629701943 868648569
10 96532912 612062667 874419864 999999986 860712791 233189004 115211302 315195525 13422577 835593296
10 514379544 742746116 975072488 382418461 314285276 358579941 937401717 999999985 253025850 415351934
10 665190502 540831256 8791571 544326276 365777403 584206859 444543014 999999984 45468041 731887362
10 85199924 638950390 999999983 172462674 88699681 717811857 678876234 518400490 331399085 52117765
10 999999982 508703366 898690229 72192491 35380621 827578612 584829315 309849997 717246796 890466655
10 409806233 353646672 999999981 824770913 348113015 620502741 983416663 690160143 666472708 710353112
10 889567636 816426059 999999980 718260025 554195775 30198619 687047738 162447460 948502643 966425287
10 999999979 496580938 397742854 400828471 431565741 413162630 170031019 69304202 307686475 877877948
10 999999978 894689730 972089201 717877947 569775954 883269297 789283074 388861076 948674517 83702818
10 302911660 999999977 304604480 694237032 254518401 407783876 306326287 328841943 33337378 139921977
10 456784248 999999976 388937740 890574977 182984925 580003623 846704176 969729716 864954624 277977678
10 453622760 419353435 912816205 701095377 643545889 739929105 999999975 87415515 515214186 976286431
10 618482189 601190532 959792839 775582424 391130772 461961087 751820135 990302351 426380624 999999974
10 682315115 50913994 951366464 924248896 22408236 672400335 614661166 824239085 999999973 186247526
10 135028830 243523927 253043667 777522256 431833398 958384115 1246911 732375018 999999972 449831745
10 939674338 661420364 996215794 307528951 581732143 700964755 656061839 999999971 144631572 940232900
10 97800980 86309444 325906813 571358047 683465102 949601355 78964519 644628687 999999970 150103196
10 228244827 125470280 610539687 388574207 866511868 999999969 266250165 306508559 147408244 126015773
10 551245115 190117974 33387759 429957092 178044522 999999968 902567462 269841657 547207473 742289248
10 574757043 566966648 262590562 999999967 531353955 128808710 174859847 48782403 893416284 320970415
10 625020275 281788088 999999966 170318798 293106432 390103689 205080643 126924363 706990479 583624902
10 847487363 44397060 36592522 452135622 999999965 480343337 916228 964470373 269797272 215932240
10 504472145 338987876 114868253 348559587 465337769 999999964 999967011 942265778 995688868 687818434
10 663872161 682188921 826676870 999999963 133813617 389752561 883110152 557145854 423002328 263836966
10 999999962 969455465 991658184 235549295 911867454 564322795 901266083 799219838 5312015 249565471
10 26042141 739765925 999999961 919654662 512427373 755762651 409713586 885101324 432662423 911731208
10 838366024 243830361 999999960 254222132 387664024 163664466 814835252 104683558 805431868 594033415
10 420673826 76629457 614716433 699944796 308300100 66521330 444552903 888988212 999999959 684205623
10 602351094 29824949 160663729 931635375 444985663 39677271 999999958 79508768 303744692 940386946
10 231456762 43581467 601176598 234117680 477110311 657512599 323931684 787054674 155771971 999999957
10 137292782 126498987 999789078 355049116 164928722 937705075 259021354 97352710 145378614 999999956
10 220222817 622798796 55211374 170708665 724934381 999999955 353538091 270739320 815859834 416443775
10 30630435 252699038 592431293 901841170 462435381 280192774 576628137 999999954 317173674 361409188
10 113537700 862797146 351101530 799463646 646870247 264571260 288214916 999999953 628716850 939858574
10 745791731 553667986 831436172 54938946 9540966 999999952 145767483 199344477 860915949 152308858
10 723756003 208432815 654679297 999999951 504499815 68418341 614695044 213134963 759405210 283413630
10 452717259 14843937 216555083 999999950 871662912 629902414 313533669 269432823 427127357 310700490
10 113684692 796625416 463979170 260557858 563931962 999999949 703527974 442560587 698812745 212907870
10 654958891 626536858 563147236 999999948 60392608 731391841 550098627 354235623 705726042 985379333
10 999999947 264030520 737195013 492802408 686086044 564891777 541760608 108832919 545443694 364543671
10 999999946 218965033 186306829 911606270 519179962 380300592 756963138 195312138 9053125 409708500
10 941174696 31930982 230910513 999999945 268980958 118651573 888743665 716256154 741759165 787114695
10 609005980 33067608 999999944 214514379 74608865 368418833 452331168 507438232 88929045 678078565
10 649490422 737989005 428026567 86174038 642279519 776232936 832087508 999999943 700341027 782267023
10 517089682 982974566 226876694 832134861 909661180 356129820 29790880 800115050 999999942 540124734
10 663243080 363780507 379851858 623202402 383993944 16902765 866912881 249822653 496855235 999999941
10 432905503 611503655 393549218 877535845 236772535 236923491 494524789 932181890 999999940 380182902
10 62098417 152599338 893870708 767170175 281946600 83048180 824929580 999999939 660176992 321655266
10 850675825 999999938 971927686 57513749 199042391 723498021 696350909 585266350 423631966 693305277
10 268158282 892498355 272392750 848524406 968618434 545273385 999999937 901587297 438892454 879296983
10 236235844 434019226 367944027 653466196 426377346 999999936 638630794 478520030 476292104 408623333
10 397447443 198047449 999999935 626262594 981658308 713796343 674450622 607583128 232952540 403768430
10 667473960 77998389 800425766 154958191 737334929 999999934 330184869 124346 186915098 557527525
10 239647256 399036254 55856178 341548333 999999933 465350724 848374218 704396679 882275258 741328865
10 286890555 885991275 874562037 860745400 999999932 492153183 147976669 498615271 905370521 388081150
10 999999931 367950828 839257843 651911420 435653792 949481470 979796604 882402548 937941994 265284672
10 999999930 493744285 857985536 608010121 413035206 22954519 703304050 503402154 939556860 894313683
10 718831304 999999929 907253412 593220403 421663162 160332502 814411904 438318365 206949672 191876145
10 464900229 394535860 357851429 999999928 381967568 438321189 427816584 690264780 457589583 952954689
10 146530058 882193009 602345517 96004515 20879605 999999927 250228071 636750169 955738408 68091457
10 69554901 658645571 102489641 572128940 175605488 239335562 506456869 385667110 12590475 999999926
10 883507817 781587654 718287058 486815094 984093662 823524733 428641313 999999925 456961747 314287460
10 198768201 622486601 503005400 310405894 799635263 8131316 296092687 437668764 189389333 999999924
10 271713058 33322044 269449901 944805910 768058640 469635846 999999923 836312003 955074727 433974359
10 803421585 573947446 231046241 178721697 999999922 390381420 667170744 696944743 154634761 918152982
10 788845991 266600368 768205420 986306110 999999921 401506917 285460558 687261080 830616780 677842120
10 965222377 56913409 634164633 198321668 402533400 999999920 398983490 515831957 954894593 886632838
10 580525422 999999919 905563791 956437876 830606884 333450535 932939420 911744320 175360718 695902021
10 872169661 940577458 999999918 905283505 164451796 457678974 461596008 681968267 147347093 860860945
10 336512095 129672281 737886495 438225720 999999917 106490543 210682612 206041357 680078050 197683540
10 815744335 242659189 502964841 732977555 999999916 426727592 384027355 333391525 702256160 283771367
10 999999915 892715924 191527864 57804996 605909066 388090662 269315543 899053565 198928261 865314236
10 999999914 35909137 575381608 616506363 843365777 152401933 544084183 399683803 926012717 141406832
10 672509860 298464552 999999913 446077893 669449763 291433049 241221463 791420852 380313378 354338421
10 169799055 999999912 138105529 291353608 384045458 641052547 771341758 480620751 242554856 227399234
10 637266873 118414733 147897749 105808617 964971139 608877122 520653106 613909693 985284304 999999911
10 259180499 690211089 921670026 792292910 51892700 999999910 463593645 235421220 615817242 153891715
10 583426594 642914583 417108873 404715658 542319739 770074271 34623339 720946468 420521422 999999909
10 902638383 555121891 627349858 801769629 650092280 923212461 941315872 580554310 190087961 999999908
10 415127742 164079206 977890859 556724237 397324248 504246552 618904661 999999907 982448994 914210258
10 545941770 181794004 530448303 252929575 494727817 999999906 761001539 858758375 610549390 347594569
10 707591436 525476963 881380235 928483779 999999905 259189753 740654264 923580706 884398456 158315264
10 958368062 373108270 18964565 464959747 204564711 598411308 570655771 999999904 232023465 97703743
10 400457646 398018809 454417798 999999903 647962586 345647596 80630249 766189251 721397220 340268772
10 852780244 195253649 999999902 361757274 984808164 726543497 583698595 952921653 806845901 411891200
10 915649554 781691492 709595342 368925819 999999901 511518709 304471503 677007441 316465139 92950981
10 301146851 593600964 999999900 22666497 739772194 590085344 78006733 153165759 705607440 814985852
10 999999899 512341000 131518615 641320012 231528507 859836521 492729623 815561824 467434688 219246332
10 999999898 547544386 489319368 582144052 688105588 602982248 449544946 680825294 903316541 206948217
10 328166286 999999897 854568860 991977733 785583700 829779986 78837594 890739325 353120423 785654426
10 222597589 999999896 624685902 15577208 410526543 726730150 465838611 336014911 913595261 741705337
10 757722537 269384542 914948236 347616926 587970444 638843524 720486170 32473988 696096838 999999895
10 77602593 806990187 292368009 883581439 361934872 311636232 999999894 805328572 512133674 179240338
10 727447065 385166247 569797280 636829981 991860692 62386731 302653159 408711874 999999893 983191525
10 450088432 891350229 34095952 289180694 218591627 136547646 839917213 895911163 999999892 45621958
10 326011757 828409859 564223908 863118423 999999891 519325309 680106384 665383651 556997016 109514506
10 378300012 985893073 935535793 284927736 420919297 665184658 999999890 549785229 109931046 111389661
10 952332401 808976570 759323175 233458464 822874406 160433098 999999889 193691989 886049919 247510943
10 441083291 981165737 931748956 874130748 102313934 306146103 999999888 4019616 51165425 839119292
10 242455858 694858120 999999887 124168848 839043781 179457259 217139149 229029162 535281880 452450344
10 844393828 532747329 999999886 759864382 472180544 492885208 706081468 283073973 236132254 29291281
10 894512051 831501677 566425489 999999885 301465666 194693697 129960852 339698274 719507612 389890242
10 517145410 556963222 167365613 995531043 999999884 293727334 931877459 409537490 511178633 907172829
10 999999883 860537643 190848865 444463358 324748878 979453239 627289396 311877196 472114968 995140892
10 999999882 403366249 73679152 967858500 842533471 482010397 733912821 399924008 226692749 258824610
10 999999881 611716389 877813873 768794359 305062710 951020582 915729439 248731790 674388671 686412502
10 820210579 806713925 999999880 629681210 66054475 316471899 995845969 582056618 954831127 35290229
10 393538214 153978030 827857995 566447734 237753331 332603898 472202063 999999879 729322726 523890535
10 20106050 624772236 228779203 219432726 711955082 550194044 715714991 543371467 820161576 999999878
10 648218259 448302668 176693372 428363265 597485478 912617903 372518798 78134998 999999877 78949067
10 672514420 928628635 825603958 172291361 491943719 425862772 633332136 641180927 654220037 999999876
10 370690281 353660998 463292421 999999875 977049671 835060461 439808827 165274228 588324671 346332091
10 693970494 273215663 579464734 999999874 303163417 129668802 760114292 983878255 886370794 24344300
10 580659260 737178512 491551277 675107275 218230535 616248963 693391966 791130941 999999873 736013317
10 30547714 71364817 515435883 186981792 561096294 842103161 999999872 853777289 487526083 886271886
10 630135247 605397078 999999871 442229198 169699946 927484850 391549482 871102310 625446378 911952198
10 106159617 692679627 753420842 999999870 814159347 524741523 965403564 604107048 968800500 609388076
10 141125256 307164972 606292705 351658816 646292032 999999869 923901993 879379763 775193662 561565716
10 738000637 400670709 965478137 999999868 378731044 117744451 471907415 613617572 343612114 723567597
10 999999867 183450046 2530928 202259960 718847823 365178140 282605985 361497123 785375360 814982812
10 999999866 820267348 947854527 304672505 749805120 110690106 925955896 943103068 804690986 691193135
10 999999865 279014884 177338823 539390046 469541477 197764610 839646160 263954454 581030303 605618502
10 320218631 999999864 559487421 457599795 500345685 472257505 696260999 582543024 187656771 185981994
10 785576192 766339983 879983527 929438434 66458530 160562903 47251847 999999863 65002769 360057417
10 78631151 694773515 119714497 680800327 226794416 483885987 752043398 662048307 837025083 999999862
10 382057584 951033145 702197756 743094211 749479430 910231386 82420551 999999861 2207182 548069189
10 895534096 865992191 877694356 228028130 415313880 982603147 672382095 786104870 999999860 722716557
10 114930920 718844845 861014677 999999859 718999376 779599276 548007972 580635894 694296364 98616270
10 377097434 141138155 851331580 227034282 88651549 999999858 136740222 778951060 203853674 136389036
10 571859828 510650605 581177847 472445579 343569506 720560376 91989681 999999857 184242503 23552505
10 725803059 239393685 181578115 785032648 794338443 609381046 155407700 269030721 999999856 496080829
10 347659992 42539789 999999855 973419872 899547958 693431165 572250626 678534124 109612 194782962
10 109125024 146240246 344572347 454984476 999999854 587092443 4021912 616967884 145803482 700009267
10 602500088 877041959 982086828 617495963 843806654 999999853 601836727 964973884 596326006 164295204
10 44460951 175486935 246771713 832714247 999999852 268429512 364760372 593256741 871057703 621850767
10 169895456 999999851 516052176 183599970 89066506 714932360 378955408 635514299 996689330 841259999
10 999999850 870858552 326186403 98028193 697175863 733889719 216463180 99768441 449685441 888779527
10 555217687 999999849 63512509 419087775 885054389 12842427 454620754 475354009 229928171 240689671
10 380877187 490397883 999999848 965614109 609424960 369320277 375318168 471846199 810510724 856229239
10 16353145 402335082 609943864 240457395 112329908 515628609 999999847 989964559 886503705 366828466
10 719512928 665066529 807465238 515911354 599058623 999999846 991087166 314080916 542539352 166015866
10 479251506 407796796 333273294 561411605 291926111 453198281 707560352 102737443 38493621 999999845
10 995001580 720015967 889082216 445272736 740724749 994193390 833747772 35398881 999999844 430314120
10 56503982 864110771 22656541 62704809 398534214 803507603 877018398 999999843 740585005 72151269
10 701388222 751891216 885756346 449570847 965223727 999999842 648164875 491539637 718088420 262455786
10 866462165 826910216 985416766 452422785 178086955 809395193 432516543 958163733 290613784 999999841
10 133013181 967458489 775919403 536117427 915947985 999999840 738054199 136836587 253998046 961352691
10 811298474 389197744 609551207 253601182 808274750 329799308 999999839 125907732 20708046 191344892
10 365908541 159819508 325182371 785513762 999999838 405179614 619042812 11288598 913736394 521329310
10 143732417 518878446 85829019 830599879 319060162 999999837 380043167 865490362 550283280 835046442
10 367926174 210669759 280429395 971216822 877973713 999999836 378974000 115658062 958522090 621332983
10 437379377 999999835 932589639 917831047 925264021 767581206 762523781 664054989 441383460 762613823
10 999999834 84524745 508713537 967974310 829236137 300571948 237360259 20286956 530015085 125990287
10 849175469 24342531 472055712 999999833 394438278 470427583 764662783 977836132 989877997 179495516
10 999999832 367594059 418960906 322606639 857344732 393702849 9950192 83886984 408433044 482609977
10 754442533 411557332 5981118 784207915 369050773 790273953 400003339 999999831 12636349 343926785
10 431144193 57292604 840466623 999999830 881589447 258424426 872471263 991776418 935467325 186903964
10 527161483 864496150 852003579 963901223 144820869 667433020 441040049 182739276 999999829 483114308
10 404752257 139694242 592181960 817273842 436650464 336084129 807266646 602751569 983682140 999999828
10 580997088 452686126 915812304 525916014 8003378 999999827 832551700 61006953 740206227 199465581
10 169583899 535333385 550318462 877690789 545913884 369215351 999999826 994022294 845671629 428004297
10 738544615 390367440 729990372 639904780 651077510 355319335 999999825 746360816 16544833 382107097
10 374112317 659215576 732849229 92410901 12917693 999999824 132051956 419915964 784099120 681182788
10 26639239 999999823 319968068 229299298 165418164 271307059 288957840 191255772 922799307 48035489
10 816018961 999999822 870034077 144009347 286425045 286534232 571976074 311739433 424974395 625360249
10 446428265 976140716 784317628 320749437 169042912 434514514 999999821 585035785 724074881 455495787
10 77853155 26093135 731649453 438121436 243818380 568668593 794301068 999999820 817281118 461946166
10 695331345 999999819 406876834 762137503 275297850 349861609 495290337 578210464 367582468 980804040
10 999999818 736976892 155649893 635284891 306624796 434789936 470178666 418323171 176326076 789999769
10 435616566 584882110 829483234 999999817 820385493 30206488 664074355 500869255 415827015 254005917
10 931629111 999999816 849770356 857032727 657175375 887821215 233519548 466057583 343151407 416526479
10 531114170 521487063 845022124 520806857 144168819 973536110 777991111 999999815 351350492 797938001
10 297383275 600366219 798084450 82240974 299657525 123947705 634809244 928691217 999999814 102107082
10 352119340 279688122 776375010 331282776 25739823 835784377 571071941 431129662 999999813 374348607
10 751054615 969879335 566553132 505990164 216499243 705421606 764028951 999999812 519029393 518632694
10 415001981 611793684 657908117 477082010 905689740 200718110 999999811 768577382 187521779 784635770
10 941123656 108094240 466618530 622849355 86282787 999999810 289167908 375236917 181002387 138137702
10 253793536 269368122 865044906 105341489 733633052 611143194 237896214 576535156 999999809 194947461
10 181316698 545569405 826562397 999999808 614818302 751229930 8247281 131010066 696254813 266570638
10 294735137 105444780 552899184 999999807 24658701 435308023 963980537 967927901 494630949 390850629
10 731310279 999999806 491104497 409447025 904386177 985698552 765657690 457860048 261307000 575060361
10 505762102 999999805 851836958 225112307 969524096 416092775 324759120 958870092 18177371 940185973
10 41375172 47087099 999999804 857117598 686646612 889844768 298280829 737341886 207995528 69583402
10 999999803 11718723 129919901 818724239 80645417 222127018 272429494 784228869 392797159 345101935
10 999999802 231818737 363858914 840694440 638375960 441342058 670343714 170018618 39835110 589675868
10 999999801 695498023 556737114 229750134 898244657 671279625 270376592 446199718 377992361 474322859
10 999999800 781032553 354419300 654636140 725271762 831756330 315709627 857981737 835573586 770509474
10 435109085 198975422 113028921 723068511 268767539 105125660 230344755 5248154 999999799 372968148
10 751410634 726421112 754003413 362429741 367599520 622672372 999999798 56998985 765485838 397670205
10 868790074 96113593 301464259 483230201 123708266 272877509 876062201 999999797 995732582 911170656
10 278748428 244474304 164130475 343645891 436826816 999999796 851675420 705690720 146214168 305958915
10 710669945 104774812 921452303 18737337 870355815 158737710 999999795 251141745 811749131 531777247
10 613490561 185856578 727616490 24696029 987903092 999999794 644139518 273072141 759330457 62496263
10 571391759 471356463 323823029 566587007 999999793 277791 830335894 604685270 809136551 994638550
10 811446620 686063350 542492550 953432962 853861331 999999792 61918141 610228434 430450230 921106088
10 927425863 952973260 3233781 999999791 596274783 891680658 573932764 760205140 347295773 389421609
10 630564583 999999790 825965244 708521267 688480098 276741781 801492363 626764709 160224451 453500792
10 950829932 400886773 330146428 40111568 477937497 936405654 999999789 523301719 278831557 604634135
10 874482955 277772283 999999788 4944705 148301436 495657729 540212926 906325320 504336784 876823948
10 999999787 79531294 85114641 13582473 43427680 426856505 689867127 655283351 213191912 326394891
10 999999786 738299 231694767 505652513 25275858 803953848 78534809 857526523 75778556 429803364
10 180194957 582850732 471650189 999999785 661789073 920342718 98793717 886729424 781648761 700279507
10 824269697 999999784 979609782 317587371 445701926 601007099 319167439 353469995 111421225 93797162
10 729231206 430006976 804160472 191563917 96928000 977327944 999999783 890044145 243325949 916502590
10 158667845 72162559 932144443 360353247 758824364 27750481 536225790 922508663 999999782 110595851
10 95219564 950894956 363038647 102004300 102485411 974677457 784043527 305548155 425243909 999999781
10 432097665 519025534 896909222 8641735 820342144 925799835 325769084 689327841 999999780 370850165
10 272417294 246356795 910236213 273750612 228084190 354847424 490861289 999999779 837569671 170172617
10 817196631 730301909 5322615 999999778 878046141 92386984 782052374 83454725 423275524 14464179
10 345565163 935219482 507469224 443006528 747301442 598908747 629688738 999999777 557814338 46432538
10 721752053 46108862 388192209 988111949 194995383 771434322 999999776 139266838 282027665 56854684
10 246565936 44880168 999999775 891588194 871554964 548793837 386955689 974332121 324045196 404845887
10 896298447 485555747 999999774 227943651 906092068 16211775 244961248 759586412 324039882 979594088
10 115511058 877319019 398315119 286373475 527479490 249260527 999999773 601566547 93124085 923075962
10 407325603 44927705 999999772 468648089 107940008 21122890 194079290 243705720 574582161 891931750
10 146730750 999999771 76083369 525083695 922151042 790759012 306015642 626721731 682819816 718825845
10 999999770 604074961 57378075 628512343 98151163 415128647 781630813 562436362 808620060 856777663
10 635591362 532276793 995955199 999999769 367799370 28411079 282038248 910088822 948441472 837112856
10 907075152 999999768 463756486 880087760 707216753 383575530 119012881 487888686 103193133 823013152
10 645365589 25340929 663884934 188717096 400942797 694263656 105778455 999999767 580368330 32428321
10 208760321 742328910 60815565 278313620 201402981 878371454 737120759 824109110 999999766 277270442
10 447788753 910245299 140109117 950602529 301020041 92464954 197501916 644149896 730772400 999999765
10 634208108 996321558 768774263 206373768 361763958 342581580 641162608 544459979 999999764 134381165
10 776897247 390770782 460197050 318786229 805778895 999999763 154154138 408326604 621428545 954080081
10 414561109 769705184 756121798 999999762 79616820 638166355 153564557 464495939 136840500 884839872
10 720781878 889023913 346749998 386697448 942929508 767190226 355031779 382425345 999999761 372186032
10 793782577 30433378 629529136 55368171 716478019 299952057 999999760 757908135 279393115 823880085
10 706124694 154286166 999999759 548668721 505014430 293647543 227377674 915241941 954501177 590820088
10 785366654 919843154 635312031 999999758 668761656 895351099 258365584 384398398 284696867 569730622
10 617216264 291380476 291169273 643539950 999999757 218377326 184117699 982958906 216763239 160255296
10 694729513 785779861 20268785 903449293 999999756 77600966 505211787 479047236 61796917 381887260
10 999999755 797805359 25486688 520393937 720818496 90330296 794363363 521281390 597728334 870924998
10 999999754 95718950 193006067 542479441 656919954 221672782 662528724 172709984 626673268 810991848
10 571410415 999999753 809132905 76639394 537512316 20736442 710040885 243229894 697611130 709272729
10 999999752 277316405 189978193 399965349 139668341 436740910 247316053 843853014 882545313 625917969
10 325289619 805628597 911533040 265352631 435818013 655608266 999999751 218779719 442510606 276702785
10 8507489 242295057 945949235 359495897 182898864 823828508 146300271 366539779 999999750 433638949
10 45476390 52564833 653529335 183631362 274270704 138850604 999999749 547539565 414485787 168322935
10 413879771 297455547 38159860 402456991 245588677 857081504 537715466 421123235 8055079 999999748
10 202479793 208735381 399566358 145211968 258885305 460837696 999999747 29412618 699681678 707305719
10 100272330 231229224 802200451 999999746 115608348 174332975 164770174 373203779 115270544 451575332
10 86242259 580865822 53138489 635853605 605043477 925422094 28895969 67881505 999999745 826245968
10 892258478 389384432 827264233 758490194 111883699 231835609 673868754 999999744 861879715 851557004
10 107981231 382431851 927327446 783051240 999999743 843638141 862530466 54338961 420658524 966345575
10 673274753 544642103 632008584 999999742 947992423 437922640 302630419 518809527 806664136 638823054
10 472845501 266477184 433187508 695769837 352484340 999999741 719501066 488422438 727017210 714221997
10 991453016 400189177 999999740 665189891 630371732 416278022 372912672 16160458 25079810 411440906
10 862195604 596483677 999999739 637088635 181628688 621754698 576821254 770467431 410544403 636010005
10 999999738 28785847 69407203 422278270 356200510 628099366 480858496 683821563 906691237 230867165
10 311652819 860527160 999999737 100178283 881100343 484919539 409147844 494795524 525028096 937773832
10 999999736 475808782 931092299 526743730 111646480 345778731 864606738 45511274 852865688 14102249
10 614396254 974752667 652745837 670147636 205085599 853654902 245980096 830140387 985361472 999999735
10 593824276 24179761 565956393 638924577 387269037 999999734 106345450 352787626 484207971 285125761
10 635705332 557761055 260277826 410734281 254928375 30214170 408962075 22232879 999999733 434687239
10 252364334 282771198 575828023 852356842 792578583 373805485 308237253 205916061 999999732 295757422
10 513097509 653465137 694486326 415067416 328570016 462197290 722658261 434181801 999999731 157759326
10 970897694 369501701 44572603 973324101 999999730 742381606 335529012 187933231 556002684 895568142
10 967826143 235675327 380604667 402456073 70524300 112031748 999999729 271145509 85458923 316507408
10 428241111 979637383 129640702 312719797 553525208 174450482 999999728 396200855 787414501 495978958
10 155127039 995413991 999999727 864581021 887681968 757586749 911708844 362629041 622892988 426276519
10 376616066 992555112 93427888 999999726 344140037 959477559 494802265 322530613 407255928 839280392
10 912739046 996831224 615471498 999999725 427263775 111520141 945450019 711101099 420170034 510559697
10 672653477 6403492 790004051 999999724 856851140 953905201 58354982 204585661 98727103 157632282
10 999999723 748673486 433485285 323193462 874247971 797203580 926391310 947890645 406034012 920023209
10 999999722 255749325 499781337 947091589 492916294 843986358 116924579 550629293 472565142 274059896
10 144963874 999999721 970554543 31247899 808962607 689798084 519947270 417769803 11966873 660250165
10 309583346 999999720 859051158 168073783 436489362 485452601 439835776 368216920 130723911 933907268
10 544058479 709469594 244391445 341837797 257765925 544872915 949053067 739427726 999999719 54004582
10 748479116 345154178 902429529 607905225 466815216 707469777 859603511 999999718 949426059 653900439
10 201709990 675274714 72149433 610178472 830389496 532344035 231271219 999999717 843567768 616212933
10 668192833 209879393 730808459 743258859 107376176 213896040 646867177 164730955 145214730 999999716
10 199900922 975505287 779129554 159911771 857279437 773927031 249022816 999999715 490701926 596327202
10 166851441 70891128 741465378 507048334 999999714 332219829 81347936 18123725 482401291 428526694
10 495428853 127713678 274655238 265822512 241474908 937025859 999999713 201160865 41517799 950556167
10 852079065 527581201 186302185 519595536 999999712 607757795 160915548 164199826 661662766 582550006
10 900253305 471767405 999999711 311756496 797945945 455502912 170323548 538647991 944048297 19849459
10 440061561 999999710 961824753 130368291 577189201 117483130 279341756 570456685 501648344 16241592
10 579904643 856270346 434343623 878834660 390138263 58459258 999999709 872849969 684982942 905590721
10 532540143 311401404 859178530 999999708 327762275 723627853 342903980 208013098 837358151 297601602
10 984617856 781376034 999999707 112610647 840436875 619192027 777700227 762799005 555272868 721481743
10 999999706 50774790 416171455 151837310 354769846 808674443 387888999 994377576 398662510 856724381
10 840431718 455818186 962978679 999999705 239418502 770766612 758149045 452913204 465214294 496528311
10 383016357 999999704 822534932 833190173 357115503 587575971 585961733 574651898 487910026 476918194
10 439653700 23393397 562844925 70110153 988307375 631085461 352518408 749462192 999999703 71140096
10 861561592 965885111 879463118 720300969 732719301 999999702 224632431 355333201 548183586 446246759
10 849834595 997148009 330082699 222993922 462947617 317754974 797479478 72200691 999999701 361184840
10 965290057 994207248 461637687 835340009 415438407 482496390 620801351 411919958 999999700 656242306
10 25405873 409585565 385766792 890131305 999999699 684669334 128652247 799511418 374810714 923724704
10 662677983 825312915 94250684 114005961 609779710 999999698 265039956 407937898 190613488 533608402
10 512208406 364158918 452325127 14346889 843368930 835351181 999999697 643971343 308417277 532666928
10 848875224 1136545 996687289 556424057 949283040 621224434 130586575 999999696 243519321 393589902
10 933309216 715567605 999999695 566081115 642280784 288836991 163021662 734146555 672336687 69291150
10 674034764 742673478 469906800 314916167 999999694 579593340 64130650 292788971 425745004 43253785
10 115953064 924228071 756853439 351349220 999999693 251904516 487030636 169345444 574909466 482682890
10 106965089 2904943 999999692 808954433 742317945 504241622 457261579 131719954 18846065 27056867
10 999999691 20380211 164939570 29715778 357546504 470181791 118617098 784900564 925105311 250694060
10 999999690 907845052 38924693 49163115 17576694 506886461 235559526 688909955 789135205 349626552
10 787093578 385306550 541828890 285805035 999999689 903114451 493796039 424632326 446451088 947089421
10 999999688 631048926 815596120 746441787 524038075 653196950 914874767 802393144 400422801 523547179
10 454267442 175897514 328048142 931873278 210885767 376427464 898993245 820335358 457099202 999999687
10 352568306 881588648 340141506 140997075 179878221 166078992 944298526 71956467 999999686 573513729
10 700410110 621237749 926082454 888617857 696018858 583810294 603325882 509485491 29050902 999999685
10 828896871 555112150 32856612 208933591 367963833 39271375 828821245 234996348 999999684 486602831
10 464637569 725857138 965180082 250773109 530374324 540844404 999999683 551055746 133328681 163185319
10 533636780 873759831 409701192 739651443 954478802 999999682 177444858 821969732 47029712 929158383
10 865946733 96720274 631398951 264293799 639799720 999999681 998126309 186206450 533601155 347944770
10 503785143 755149826 986780675 865122901 244155640 730359982 300885320 999999680 310650089 548661581
10 685565903 999999679 188660136 575365021 914720978 876647287 658072785 428159919 188341107 712703877
10 484749349 657486643 999999678 218975466 184450180 502232933 198878977 413576168 954922965 328945380
10 610640007 750788980 800289910 999999677 385222542 883599744 502674732 752311210 187410054 362418631
10 906705803 623615162 456390562 60174788 252351545 999999676 988066242 678849230 673504936 88952161
10 721155499 999999675 601952384 525266266 91480519 816826856 285886290 924346849 884534966 968590468
10 999999674 518345765 546482912 994671066 456496838 730934967 993313843 693195689 499102132 165247716
10 323072065 940107865 999999673 918197487 546403476 923257055 818473376 331903393 460755228 620228075
10 69460131 999999672 107884411 701429241 770555365 889787072 235736625 995728212 28969524 728606834
10 526838503 747047910 261880367 44021689 357610342 999999671 442620732 342097294 7532335 426808479
10 27354817 674038317 882907122 672710778 392247399 134662830 586972229 999999670 636189750 144936716
10 789415548 71741764 701041739 172299696 765549496 264952182 276208842 298204795 999999669 49147826
10 63615003 20934669 666131207 328222215 89398812 167278628 133860486 999999668 969051709 128955920
10 764358254 102924227 798502506 106662569 553259358 578893926 999999667 60134716 176353756 494623316
10 355620550 225291240 144264766 999999666 120365557 834257859 894029923 240807681 425996329 341337431
10 660263722 663529517 118282254 516415235 416981613 828929568 999999665 654730301 382400726 432798741
10 168373576 712998860 425191923 111157044 276845928 783891216 168492531 999999664 898848152 509683294
10 571873943 995956238 139715511 999999663 673510258 664850678 364958823 100805198 602760113 724247703
10 958139260 507043416 930078431 380780211 322805615 999999662 180174507 99051565 196674820 633960006
10 859617373 907306597 919601149 259003938 49815293 662362172 999999661 400122001 444157478 768686046
10 245255197 524728754 25953640 457971608 150112791 999999660 752740811 550914141 256518614 467431922
10 793254184 849648820 999999659 95604022 61688920 312564633 564050245 999138976 688441158 182704860
10 999999658 245397394 37339898 246415260 349588578 910978202 624001592 940179808 976696202 803038272
10 483716773 999999657 778808220 465578058 751811412 446971048 202377708 728872444 618143206 146943293
10 999999656 664911314 543652753 20580946 628522333 331638184 636994027 3564587 99558401 857357813
10 701035835 16019159 70506086 220061338 680146418 246547947 781260442 655654856 999999655 595823308
10 372778233 501842155 609988879 28628722 967119212 860741668 989929032 658458022 999999654 454105551
10 62422201 709240823 749910019 558822397 131157970 950921914 599640005 730548608 318721762 999999653
10 597216808 174056989 350908990 86524418 538901237 638321536 339720579 999999652 272628369 955234160
10 623777646 996812411 725564910 179356323 510099026 544798397 44846698 999999651 395037344 747599297
10 436747821 999999650 280831556 567692735 351924371 50544703 81533088 582076860 940203157 183886634
10 970702779 109184546 361205062 376648465 582394242 465171600 999999649 9575897 862684471 491887790
10 148847967 623042530 527361402 195900569 470909335 690827530 251828842 999999648 528353861 786066022
10 760541908 729483899 30766465 999999647 804504523 627945495 647381388 332970405 795444743 154302429
10 765424335 100084759 239300657 999999646 50236950 772012106 649161032 233402211 960419093 105824496
10 76756518 488878870 666273232 44123319 999999645 998386889 158585998 43969219 974595834 606790069
10 455817162 723095384 985578188 999999644 91464651 727682660 904054799 569953237 944869454 352242641
10 999999643 998080110 942511368 646162678 165238492 975701774 265625311 1321470 237600308 591070388
10 999999642 203711716 487063721 126240455 982452476 726812535 835271744 555348576 530688058 93761290
10 381455484 999999641 408810590 330113449 446467749 809368311 284257693 31513982 45949699 937083637
10 292952534 732105875 403285689 978946329 185236043 999999640 670638618 95369162 189625780 302808549
10 276056836 831203850 530329245 172763944 862626927 280870315 927692529 999999639 318581312 622490900
10 581114098 313903889 82533406 958110894 999999638 130160767 73645566 968336089 606767540 988012685
10 318223702 184947380 813383678 197732447 448245952 505771869 219265962 785263890 168489876 999999637
10 644305875 443883281 328792428 422112541 639525782 540063544 201473529 108007644 999999636 451586804
10 642390283 961688705 762327347 614106156 706029010 999999635 624805892 212161532 287513199 630164691
10 10529668 999999634 482638092 579763830 934533146 486108149 472927180 400075108 927817008 682713359
10 81717391 511175445 418963868 28668258 836609269 999999633 473554482 564458600 423994347 770005482
10 276289317 174351767 891205037 670464690 863404030 999999632 604197625 323226505 406101210 941315076
10 965795408 282725336 999999631 711978345 621092898 193335359 339499734 675085479 915616958 583120015
10 534719134 560819743 44792793 999999630 124856776 144728521 940211360 778971701 28202978 275161243
10 936932856 624155378 471303926 814584412 473503215 999999629 170367055 554293488 997185557 331068512
10 557354971 89996536 999999628 861805736 492142733 559268189 863956903 819857092 796205470 291363744
10 68998636 999999627 823269875 688290931 693394354 668389537 947935320 801387374 892317972 570745481
10 999999626 209193865 965916400 463304143 900358271 990893528 600359729 647142216 482695193 559826963
10 56220969 700656786 999999625 780815337 274042819 673856972 364090719 943470689 771592562 168418102
10 397974488 298642765 36079815 999999624 525800212 735243750 129381281 450137740 20617139 841630099
10 237242513 535647242 918261724 283509425 655103035 423257138 851124465 335036435 999999623 911795942
10 222540775 326917401 304525728 710336065 254527900 874874495 521915265 999999622 422749740 391017808
10 698831287 870946489 790897495 284990088 759750097 128954005 281934838 603882256 999999621 294599600
10 866442917 811194955 93592199 509499400 805934479 268466839 885807428 588601160 999999620 110387962
10 573314268 498973998 883184327 810084192 999999619 560081147 161211938 83964335 467333396 28045556
10 524677927 780333863 394420405 60840023 999999618 550028226 120108388 627764454 230903230 758476488
10 915147052 948238976 498742029 299671925 543719441 999999617 483540927 505521692 394450988 523070962
10 398786149 340993104 986828678 646104421 999999616 401339185 764939891 545288748 271581709 746427187
10 162296284 433942044 999999615 45715180 174780012 592938241 262540737 821811554 550310801 215141279
10 794928225 425355531 584462708 999999614 414174744 393249740 195839281 846447422 576096715 831079382
10 717382102 999999613 407290721 135538611 330126853 959633065 480283339 403178692 615149700 390530441
10 828350010 999999612 339123120 644596546 310786447 98749966 744518445 660013081 276102571 763155859
10 999999611 518121904 54009834 944316319 655589525 738072710 304297002 422678908 673147697 166082313
10 999999610 413540054 338992084 255127249 704186081 636720475 309624632 528846683 187639921 963589216
10 999999609 148184128 844259847 486620868 550686375 299625394 659310726 504871853 203467790 336241125
10 999999608 348440535 26462976 390768681 639230637 129325922 914355912 652728990 243480057 614565098
10 299913488 229625151 981684224 866185285 729763705 462455879 726590885 155815365 999999607 948055341
10 951087552 39543179 830611873 241643409 832266834 899815368 999999606 222600776 957331698 524023301
10 499011055 38135184 294196812 802048315 367081094 53637963 284765731 639820585 999999605 904166427
10 309117388 850866087 563331937 517989437 54872295 843114391 970034905 366217535 675694939 999999604
10 621122404 54380700 132084733 486946400 291670650 999999603 863356364 624280031 461525177 883124191
10 185949670 162791671 587260916 42471661 740889758 999999602 731830007 106783478 311339906 360210804
10 772136822 44388752 650060970 598505029 999999601 133171404 823687317 949905456 271762573 798267131
10 51661172 104546842 127569401 526530308 265773568 999999600 189297730 144769004 939089396 216311035
10 338103061 999999599 940672820 642814600 418748847 727446864 721489786 613060033 980516765 96818539
10 168536475 999999598 297895717 55669767 755780187 589876335 841428237 873794392 821346889 564656713
10 590493239 731093222 107868651 903459263 999999597 362844344 816212751 342076174 275128824 337187798
10 494412042 999999596 614236634 822947989 108911767 277208815 916360885 734673761 844474254 705752909
10 999999595 714890414 280340646 676779763 737338485 813420588 549928108 767733583 291977610 785223746
10 999999594 670959279 763676565 907267504 626302369 568483515 970598516 474847314 497875827 573173670
10 781599174 34209914 484771559 999999593 331352245 104479263 898486421 447482229 327533759 929345599
10 999999592 49846031 335862979 939245074 884840807 49364330 896342848 455037170 616812734 190104106
10 208050502 320388952 329649700 245397620 281545199 59299264 722570490 999999591 754055020 31423041
10 835944178 509365423 673644724 468675387 330616306 144248339 475501036 999999590 834935512 258591367
10 740211278 532207033 230077843 635629749 682187150 83301711 78549701 835840554 107099692 999999589
10 541766043 1684780 498967690 515812212 5040064 619238020 282401864 999999588 772008652 378954857
10 556039014 747992470 384472590 186354253 999999587 980351591 146682487 274716772 887318334 773220936
10 845755481 896333775 338114499 146921942 403427676 999999586 144135404 993676214 559943884 275471893
10 296310025 704574652 192179399 16865653 354849166 999999585 477432446 642952095 6625659 736342524
10 122697202 741423109 383567384 627324080 732799400 503298569 699176244 801659937 999999584 760090788
10 483381599 933666710 54374988 446738017 675870089 587822619 999999583 946151036 218941728 669578646
10 700268846 999999582 905761209 170842264 76904669 402990828 748359970 454537949 865078956 372568457
10 798977817 599881831 158154683 999999581 631816448 860973291 58513415 399818399 816304968 757083743
10 646810717 154972396 975023181 367146355 81113559 21877086 999999580 866867821 185870915 587833459
10 786097930 999999579 601036705 857599880 919351595 472211340 494731303 124261138 892454634 678817114
10 999999578 484789639 841705896 402395814 846327370 164626940 355381378 281790724 854375491 479046386
10 999999577 969146160 685443470 462710514 328191447 614245924 643885849 352568616 146537991 744784058
10 359730096 999999576 555899376 860918227 603223728 369542531 155639343 424747226 559903362 583049983
10 976449462 675711171 893579655 987873465 600713351 976825731 211146654 999999575 605662852 402682062
10 237928270 896477103 648606667 11969662 584254554 881106605 909054885 999999574 203214851 191832752
10 305781912 450847578 934068410 158927550 852471782 261603437 988398515 180085680 992089503 999999573
10 854153418 684588728 819117319 6378669 863986435 243637833 202798058 71405228 999999572 290082885
10 33193962 15353483 662415384 393031769 654883421 717116347 442637082 999999571 482549945 581888608
10 778063251 193533868 92629315 999999570 61560163 163697640 589950772 361516130 416095139 961047591
10 852919204 533418856 867152955 439765891 424933078 794077474 999999569 423825103 880704146 586806740
10 629381987 269117034 480207741 328727249 450333295 920263091 999999568 859220731 121420081 620560483
10 537575326 999999567 625616111 424285247 341106337 895351157 465139955 880501872 228493125 120007641
10 999999566 737706012 841509245 780640050 29479897 279442334 860192382 39281260 690522389 781735703
10 292213417 999999565 427836663 421163777 293911112 556351365 372645674 654428989 965797470 497185693
10 380339416 335150701 263913151 115236123 999999564 376743506 325677971 763983795 474563061 470088155
10 796601659 999999563 749874627 217854223 335814258 526916594 36743051 773346260 533715010 956676570
10 999999562 205155336 307737071 7350106 284697700 244130496 869546186 540910499 148469206 977534252
10 999999561 409223777 290719442 888582720 132735553 544739632 605172600 588552415 608751045 289950021
10 105634331 267873351 999999560 396437302 818765028 677237703 191906076 739895511 952684630 581717523
10 945062727 983763930 810969743 833541431 667721335 324325752 612426540 999999559 817485751 495225675
10 784615124 496406247 391483702 170947764 583207303 566986801 190636167 999999558 879479429 383310727
10 503493570 392202770 238549573 812961920 116922673 797159866 409375387 999999557 954582506 692321884
10 868380386 145780625 461043742 449638504 369617007 961491670 109021174 757201755 981095270 999999556
10 884629944 760407296 175235218 781674818 182848256 999999555 340828521 196798327 311701290 479413964
10 417137917 672504404 402263243 25819624 889416673 671090774 354718674 999999554 114393674 682404547
10 460048796 151450190 999999553 673510943 231552214 341969295 474042255 695449597 872104852 412549976
10 4428275 750826113 547623541 750090928 379405547 906529631 999999552 31581866 720699928 44322283
10 88198145 62897517 999999551 325290918 291994624 497764403 364129949 439565002 970551379 483657771
10 252868144 88826169 999999550 995452048 93708162 146399904 34378149 960458466 692541305 250322997
10 661384331 201907737 752809759 317559019 999999549 408753333 434826339 816089103 182919835 453870784
10 999999548 310895728 97169165 905799557 662466741 257947252 927289961 362391495 956663274 955364862
10 999999547 783552928 965477688 381254429 159551413 644899865 741231106 800032019 490819983 177284830
10 999999546 71418896 588357090 394367957 378865392 569979694 948740459 58088635 22638759 61138250
10 584594376 999999545 189822260 830229082 705833930 336524887 638592809 50729452 360296738 550622317
10 999999544 851222719 210141858 771543928 498183908 13738199 903840041 388081497 261133560 160208535
10 558181045 254336201 586801371 922406158 350923261 322724267 999999543 863633431 270757677 986253718
10 46034590 62094448 392655871 15998412 147777575 465744920 941891103 999999542 39272458 731203739
10 664132225 402331294 692174788 941355022 867359508 782125145 890877573 908356745 447625824 999999541
10 330100668 990642316 575596383 559801567 99319571 56468358 655645304 388426539 227976139 999999540
10 219039486 132870826 107039074 717329586 923741386 571712587 999999539 750296369 996949414 15488483
10 63416263 708145589 154626628 797024260 587948509 999999538 667065435 39683383 920344134 204884920
10 736357650 191659903 206680614 838902440 161525832 64010553 999999537 345329102 344987214 737550104
10 248994181 933960575 957711713 830946002 602599282 999999536 315523717 771302405 909633545 102852046
10 713276835 566890346 40477915 59968001 999999535 868299348 5469227 366969683 431639749 164906411
10 560032593 999999534 42578813 836375742 218962955 700665419 593019776 456168521 832923839 348632187
10 766934214 927492331 50147129 999999533 130349091 20594833 757457753 928592981 401290902 863610772
10 883747982 930747496 754004709 999999532 608962218 583234580 66140042 493013529 594761455 18109642
10 104817439 999999531 14882882 953298848 44052534 792137729 225196084 538333135 106522515 351194818
10 999999530 870497266 641593022 390286213 570073900 29736850 358828553 849258722 362649185 187924652
10 309313151 999999529 92094021 643687175 795134238 634608457 858375138 841953044 594401392 75262049
10 999999528 188396680 996686091 231525272 758972171 135169142 525323143 729147292 220555788 955568923
10 940669920 642112327 38340397 475932950 351305993 991161657 274142796 903994461 999999527 570011300
10 35053638 399064973 438162969 453126727 56272844 600485762 592788766 999999526 461312913 547055268
10 627267426 211657599 236822830 938082301 797131498 394951619 919621851 361864349 413611722 999999525
10 980013865 356551347 412736829 849928333 392429366 891624480 387461522 294333671 999999524 194424984
10 838624028 291201098 11118107 509232024 362237924 585712122 854641589 999999523 470414804 736356622
10 223970841 344763534 808652775 327469410 999999522 368848513 621915695 698318032 222624203 254123322
10 93672518 156718355 852555946 247397924 426609479 999999521 39806228 940737065 696659978 433356315
10 536433800 719829190 482159231 665130439 987612650 27805201 107993190 999999520 761736685 30625704
10 332983225 825890136 735723113 999999519 104975337 384598660 382573237 347267257 427060314 49749193
10 902298997 549419757 999999518 835861942 949796201 592403080 900368754 636169927 748454226 314098055
10 825421863 999999517 126023413 322995720 128975993 75635097 974046531 919820781 439629195 645794561
10 571237325 438085950 999999516 855841690 734983623 871841645 785387770 361745347 352926005 344443384
10 999999515 337211403 694562130 137942589 844178454 51767534 122810332 942600803 870739675 884552375
10 999999514 355484688 926414294 873977446 770081495 759256467 263569159 280418445 826913477 827626329
10 287130172 814428442 999999513 137365283 314923393 762832959 335242387 630268635 953376761 939671918
10 809425007 276550650 999999512 468492686 711440756 736057404 245840164 584180482 484473115 658714270
10 264776777 428683737 915951677 427463565 753083707 999999511 962094149 44642183 502750296 464302515
10 144743424 751056037 864219251 226220969 408864092 68846016 902763620 990181871 999999510 620781725
10 213645003 958537170 936537810 319679246 138345689 372619390 97331024 765558956 999999509 921016570
10 445054322 918996323 589855695 615853309 936145366 410727552 438052801 999999508 144968474 935319968
10 774156292 763930715 217267728 458143144 106878472 398818557 999999507 461937298 287578457 556413780
10 612979531 503216040 457960605 999999506 44062088 638111156 759329391 995180076 642678371 978622891
10 126549434 757498919 840675050 320405083 488934338 544255561 547068370 22589362 999999505 163532611
10 48037372 17500953 152339857 999999504 765650024 480798370 914404795 945457270 634421565 807327072
10 513633742 999999503 351891020 438871165 940621833 332954371 360102506 260022226 50086994 84197274
10 867672935 607319856 999999502 520130198 887394924 647740993 884183320 738260283 265988230 208767279
10 147330667 274006273 984985328 825609424 999999501 953739889 242876560 584069082 908549914 174335707
10 514458315 666039152 638111068 999999500 934595010 160642580 959918750 303096522 519960177 921872078
10 999999499 760667986 582922059 343306447 791533876 523279659 660398160 661436272 269296704 981369905
10 999999498 314793459 121681378 365629544 281806409 403098817 413605935 45350345 53449218 404511779
10 488694096 282822890 999999497 170549673 467275071 863067080 125756327 788280326 60999640 694869457
10 755140562 753388118 999999496 764378699 721603575 595625078 302702674 391642829 298669719 420513663
10 355847045 17850272 8959913 124357608 405330426 811836032 936556613 537049720 96023301 999999495
10 689491754 706702090 864893483 310373447 992580323 656922717 321969114 999999494 463855337 706873804
10 58751281 712144275 755027826 737589777 951397810 580609617 476148653 639785774 999999493 272765197
10 242973897 956679558 499432481 755703725 372636931 37087394 591464502 538950375 36343779 999999492
10 556340200 14102390 791223581 893092605 999999491 460154884 540805061 518320942 775441394 589170597
10 259435846 737913547 645182342 515075877 339226078 999999490 366413566 685815514 248626827 972467805
10 186251881 592536067 961357614 66220966 945396942 903418350 744486615 999999489 120303680 407959003
10 769563454 934750742 834971587 426556747 706632471 999999488 594777689 781389800 492243835 765674797
10 43737755 110283633 999999487 813084369 480641198 394899040 57961583 238193134 17160779 288597613
10 785228431 287943931 860399659 999999486 652680690 955612845 75248293 311091808 480228979 17124681
10 769270378 861774269 999999485 97320587 678263396 182789880 455888625 850421021 90799830 538055117
10 532455100 923923456 999999484 992545038 133619215 312443524 112039137 456486440 484781178 208116616
10 999999483 61973536 969906971 224528486 647950903 723989534 547678862 433233758 256540390 472701075
10 999999482 781348034 761558230 546490310 685230035 869190890 43812491 479483731 888357278 560820210
10 62908495 903221447 291556946 999999481 110099180 875991521 985723052 196172028 997973045 733305754
10 239468533 241402722 999999480 80552937 353177579 116628715 285401017 302308408 364661280 216205469
10 544881672 188202660 140699409 178993326 499996885 281901252 999999479 364173817 518081020 392481049
10 329577297 63572767 93551109 795045195 956621069 504003329 534156061 999999478 209353799 685716576
10 708400969 863097619 691320851 254636810 486505127 700557864 819883812 534797563 999999477 349581001
10 332823062 36355050 112686644 965652058 437622801 763832782 338241424 113947072 463857710 999999476
10 878681501 222442257 658446364 777782057 385373727 999999475 180880001 92065973 834515734 198672586
10 879589965 887254275 669906559 332592500 833609672 999999474 691478253 621954622 337273174 515388998
10 787024315 773347851 79439945 548413862 781296297 533724213 999999473 191046959 49664617 798425131
10 315516110 237428502 904783967 167767191 999999472 201855650 896108659 413406927 966324132 337456083
10 95627699 302482726 563697592 495557997 999999471 903517391 557511756 551217538 594449957 346239484
10 999999470 960444971 258189622 70249898 856027984 811988819 679521974 385077419 929175848 519636023
10 736342705 863895358 714834621 999999469 248221052 39145212 63799220 678650031 592949946 809776619
10 313732227 408811901 232077061 999999468 662622153 331011586 591405032 996606542 707438001 447317988
10 999999467 982387692 66304641 97592551 284057830 858552133 812152530 156890290 124860783 770010235
10 999999466 877832311 899894778 472724676 464227024 29644719 712040780 147594704 605831667 372643369
10 427268567 999999465 471818266 774098245 379709510 153203928 123585124 359073726 112570988 50666314
