1000000000 1000
4 999925737 999916143 999970242 57775
7 499959612 499988222 499967641 500010875 499957365 500021585 499998706
1 26059
9 500007260 500015932 500006414 499981918 499979462 500003590 500047026 500002576 499972483
10 50576 34355 999904495 78537 53257 999965078 999972583 999909140 77663 46687
5 500044990 499960526 499988399 499995689 499950633
6 999991070 999968735 999997667 999946176 999972400 999922534
9 499973197 500041997 500019145 499994405 499999748 499967255 500023872 500010771 499967875
1 999927145
3 500002666 500018378 500027474
1 999983669
8 500016239 499975369 500002873 499966362 500014874 499982986 500014405 499974965
3 999976428 999950240 79870
6 499960981 499991287 499953511 499955312 500002001 499975346
5 84502 84315 92667 85757 9293
5 500042253 500014730 500039041 499972720 499950066
6 999948122 999933296 44169 999945652 9726 52366
8 499993964 500040063 499967870 499966923 500031591 499991142 500001894 500026832
7 999904638 41528 999961648 2699 35629 22509 999910103
4 500034238 500046025 499953094 500026402
4 999993064 12834 48105 999923732
7 500043359 500037100 499972315 499956886 499962128 499974752 499998050
10 999950682 999931581 77749 999974914 999961619 6218 69658 11611 999997510 999998821
6 500026764 500016937 499978920 499996129 499951843 500049185
2 999979010 999931254
3 500012780 499956630 500040195
3 43639 69382 98603
2 499990508 500015879
2 999960114 999914676
4 500028174 499978872 499998186 500045141
1 999990658
9 500004893 499980511 500001566 500036078 500034762 499955462 500019638 500017873 499993664
3 71328 999946643 999910948
1 499952844
4 58066 73525 93116 999924822
5 500013087 500029374 500018858 500015463 500007313
3 7248 999983747 3419
3 500031449 500021680 500001410
8 999937113 999931896 13588 83243 999960118 999927493 999972327 91198
2 500025373 500005718
7 35264 39154 999940890 999929421 999959166 999964684 999904195
2 499991051 500007767
1 999913401
3 499964968 499975640 500038456
7 97506 999995161 999980077 29271 999963842 57518 35743
1 499995229
9 90577 999953243 34273 999919371 999943930 999959742 999986173 86585 999988533
7 500033660 499962062 500005545 500011952 499997904 500043776 500047328
1 99794
1 499975797
7 96401 36770 999973550 96676 26999 76585 999971952
4 499976728 500002203 500019793 499957584
4 87744 999978286 999913597 999993104
10 500032972 499963887 499962079 499995096 499984203 499993476 500007495 499951479 500024241 500044704
3 51188 1925 4205
9 500047823 499985288 499984971 499992730 499968251 499977797 499974198 499995920 500034483
7 22608 40897 999967743 376 73273 999933682 999953380
4 499958988 499998603 500010939 500041509
6 88066 63094 999948307 999917408 999912276 56175
3 500001596 499981787 499973457
9 46147 999934285 57364 27125 53270 999912994 5036 999995287 999905654
8 500031900 500031708 500038853 500017110 500025392 500018752 500043491 500002179
5 999924184 999990940 999946271 999962931 71661
2 499968682 499957058
2 99227 78031
6 500019406 500000249 499987003 500037924 500007442 499952531
9 999977242 999946043 999904364 14085 6071 10633 999917138 18363 70861
8 500029533 499996236 499991720 499974696 499971493 499982145 499950449 499993651
9 999982298 89936 999988856 999908394 58676 43286 75958 48216 999901751
5 499968797 499987641 500007627 499965204 500011892
4 999954062 23813 999982412 999963937
3 499994779 499959990 499966322
7 25632 94787 35911 2329 6331 79887 999935670
10 499967805 500020284 500004779 500015029 499951012 499978070 500020512 499987939 499971219 499998626
3 999933801 999985930 37991
7 499993068 499994063 499955727 499957336 500019319 499976438 500041792
5 999950073 68008 23338 999928215 999982260
7 500010837 499954582 499970134 500027830 500023414 499952391 499960272
6 57125 999959340 75894 999998358 11229 999992452
8 499989838 500011342 500046746 500026168 500042023 500031159 499965431 500031217
7 999999915 14019 999910702 52714 999984256 999979024 14253
8 500023581 499984157 500037356 500016661 500006788 499979764 500003863 500003174
1 999903270
1 499998615
3 999989273 64203 21307
6 500018188 500020078 499996878 499960358 499951298 500034259
10 999905465 999920168 45602 999982617 999911564 999992543 30358 89833 999932788 27663
4 499953342 499995705 500009940 500038114
4 999977932 77165 83599 999956293
2 500018703 499997217
2 1299 74133
3 499963736 500011072 500049555
4 999928283 93506 999936287 88349
9 500007420 500018920 500009690 499987802 499956948 499959718 499993910 500006803 499990194
6 999905105 30969 999992064 999918229 999931381 999935479
6 499967709 500017883 500006283 499983466 500034554 500030291
2 56388 999929472
10 500008844 499987199 500033262 499976948 500000695 499953623 499969607 500031504 499962113 500049073
9 34576 999933464 25297 999950200 14821 52294 999919251 999942644 76366
6 500045308 499975710 500032553 500037097 499983306 499975078
5 999906845 54550 31335 999905683 5004
8 499971423 500012649 500038293 500036422 500027664 500048208 499953347 500002050
1 64444
6 499961759 499966600 500040072 499962352 499981488 499978595
2 999996752 999950662
2 500015616 499987186
5 999970442 999975999 86055 58317 65407
5 500008120 500016821 500021319 499981942 500047107
2 999950014 10549
2 499975157 499999767
9 10753 80080 72579 15667 60836 999999149 79660 80447 999942823
2 500024125 500027120
10 999965354 87217 25457 77376 999980495 22661 29271 72953 999995174 999989766
6 500015388 500006975 499972600 499969589 499975955 499987186
7 999975689 89218 999976125 999993874 999900497 999963281 999977380
4 499951481 499998570 499976257 500024576
1 57637
6 500014623 499960376 500030699 499952891 500004135 500045152
6 71168 999936715 68002 999927869 50749 58351
9 499961613 499959885 500011788 500030331 499995370 500022917 500042197 500039377 499961123
3 52419 999917341 46828
10 500037852 500021704 500010139 499996042 499958491 500020165 500038724 499972455 499958151 500001091
8 68096 15700 52292 999900444 92411 999924098 62733 999978677
9 499998269 500045117 499950824 500032475 499987755 500014299 499968059 499997914 499992842
2 999942223 999966716
8 500006173 499957886 500036863 499966766 500026103 500037424 500029587 499999619
5 999926410 91382 41737 38587 98093
8 499985631 500003934 500035806 500042387 500035203 499997907 500012163 500002242
3 42393 999969393 999900646
7 499979385 499989976 499965659 499981349 500003444 499957648 499976083
6 999966795 59958 86086 91017 749 39182
3 500036860 499965305 499955879
6 49362 999950589 35496 81656 999943346 81194
1 500010462
10 999901227 999945946 999999628 61529 20267 54364 999945828 79500 16143 77246
9 499995534 500038670 500008430 499972360 500018665 500048522 499993498 500002628 499985024
4 999976508 999981964 81692 999987412
3 500045919 500033079 499977744
5 46640 999949803 999915868 999999890 51886
3 499971252 499961571 500023122
7 999948440 14053 32054 999900366 999902753 24314 999997984
5 499998156 500049771 500010362 499988087 500021638
6 999934025 999967403 11267 999926880 21738 999987185
8 500025801 499991704 499993032 500021675 499972198 500016400 500026883 500043185
2 98038 71721
9 499959679 500036777 500011029 499968548 500037398 499991345 499994544 500013683 500025907
8 41889 5522 999938780 999975708 76790 999906064 51562 45503
2 500028218 499987941
7 999964987 13859 999978702 75605 999946334 999921538 10447
3 499951517 499980095 500045048
2 43443 41320
2 500048952 499977595
10 20065 66368 999935583 62598 999914000 999934979 999946435 999907874 999944578 999947124
8 500040618 499980229 500049572 500004695 500004881 500040851 500003395 499980307
5 68035 999955820 74566 999966832 999928487
1 500020879
2 59667 53849
4 499995242 500029956 500025792 499966098
8 999952858 999909338 12773 999903374 999930574 46521 26717 85310
6 499978922 500021124 500038439 500047892 499967174 499975825
10 86785 999912441 999929656 57634 999900107 999994121 78468 22555 999955553 999921845
1 499980332
3 66022 65113 999927877
4 500005324 500047453 499960631 499998691
4 999996665 999989938 91531 14479
8 499952669 500011551 499963444 500010708 499964198 500044130 500016177 499994179
8 999976395 999933947 999981340 999949244 49338 999992192 56555 25743
10 500033004 499987353 500043963 500028715 500015338 500046009 500012597 500041110 499956740 500004516
1 23403
9 500034879 500015487 499977134 500007833 500048600 500049063 499963015 499978016 500047633
7 999983739 59395 90180 999956812 999978435 999970384 61819
10 499955565 499959550 500026805 500028469 500044772 500025239 499985062 499974198 499963778 499950818
10 999977018 93057 999932777 13665 69650 999947546 10629 999975014 68780 49087
10 500029885 500001500 499966634 500020330 500040806 499954164 500026119 499987271 499956544 499979411
4 15541 999991567 2357 999937054
6 500041132 500010158 500046234 499971798 499996771 500035474
7 28260 87673 84553 999957139 88333 999935572 999904631
1 500026655
3 999940680 56578 95385
8 500040686 500021406 500038760 499950597 499958742 499998694 500018176 500036275
7 56018 82291 999987166 39876 999906156 999966141 999942224
7 499970287 499955640 500028921 500032777 499975288 500024597 500020562
8 999993915 999925144 1208 76331 999910658 999921397 999948391 76524
6 500022350 500025822 499989865 500000328 500044315 499988164
9 83217 94547 85525 999966286 999985853 89481 77835 54635 54892
5 500002351 500045163 499951366 500034167 499968679
3 12512 999964366 999984396
2 500003575 500046850
6 999940809 999989592 999972786 65885 999916727 999978901
1 500008270
10 999969131 53 999957023 48968 89576 999990819 27242 19882 76395 35598
8 500040334 500035695 500041804 499978479 499978936 499993352 499982004 500046565
5 48130 999957800 33972 40459 20431
8 499971822 500009673 499961033 499979732 500024455 499988966 499951873 499993250
2 999973854 999942177
2 499979837 500007890
8 71569 999955801 9316 75335 999945729 999909331 98205 21118
9 500048378 499952612 499977623 499974998 499960816 499993057 500031120 500034400 500043793
9 40720 999962969 999918511 91833 2090 999926834 999996871 79756 999978279
9 500029069 499978332 500007288 500047641 500037457 499969152 499987872 500041795 500031538
10 14225 62114 999998878 71015 999979773 15276 398 999901719 999979157 999930406
3 499972362 500036384 499957443
2 999992395 46297
3 500028757 500035892 499952576
5 93426 83012 999946127 20360 15466
8 500029823 499971422 500048507 499984427 500041703 500031393 499960496 499959842
4 999962236 60759 999960704 49692
10 499990125 499999471 500014793 499985353 499987739 499983893 499964197 500017155 499986259 500026098
7 3728 21136 28608 999984507 999957995 999913053 82004
4 499967420 499956408 500016774 500016656
3 39172 44490 999951430
5 500044635 500014027 500024628 500039649 500015827
1 999942724
9 499964077 500016815 499973727 500049725 500007422 499975817 499995512 500020808 500000098
3 999966623 70346 68847
7 500017500 499960445 499983816 499998187 500026747 499997483 499983905
7 999923531 999965247 999947216 999902980 75215 45998 999963445
5 499988631 500005811 500013202 499989010 499956755
1 28707
2 499957349 500011956
1 999949045
9 500035356 499993388 500041151 499982216 499959802 500042788 500026279 499982448 499990451
10 78080 37539 999956174 92421 62152 999996467 999942403 999975552 10219 37259
5 499972479 500021934 500049578 500018331 500027446
4 38625 999947723 69317 33113
2 500004833 499997040
10 999998427 999912442 41971 999969151 999976573 27289 8905 999973025 15564 999996484
5 499995391 499992681 500046340 499989955 499983971
2 32554 65148
4 499977452 500025054 499965511 500016915
7 97010 999992575 21653 999923036 44406 999945061 43933
6 500038441 500029643 499970165 499969430 500040836 499980115
8 80690 999990080 999933187 999948918 999946773 70941 999988502 25838
7 499998797 499978462 500048333 500032633 499966375 499950023 500010880
5 999936953 55177 999945312 999948593 19276
7 499994169 499967494 500047637 500019942 499998582 499998385 499958867
5 29751 30795 8301 17197 999964135
6 500006637 500033261 499959447 500001958 499993217 500031715
3 90849 37142 55081
1 500023851
7 72561 10227 999966319 74932 999984578 87176 93661
3 499983599 499990121 500011617
2 62704 999947214
9 499951165 499985502 500011832 500024376 499986453 499982788 500024273 500049714 499971474
6 999921609 8627 18628 999996895 50894 999912599
3 499989017 499972101 499999254
4 47153 70949 2328 999970742
8 500020173 499981996 499963774 499986462 499970831 500025220 499964663 500003939
5 999943978 96902 999976626 999954096 999964885
5 499958469 500002455 499992785 500012514 500048721
7 53361 85027 999964349 999960914 999919122 81901 78188
6 500024814 499992715 500016890 499971078 499975031 500014386
9 999972523 999958636 26678 999972525 37815 999944437 99743 999990052 999976212
9 500011935 500033289 500007993 499980532 500038758 500009905 499979728 500032944 499999890
10 999924953 999977305 4149 999989533 999991155 999967072 12123 7820 58157 999934998
1 500016700
1 1335
1 499956641
6 90497 999985870 85334 80854 82156 32254
5 499981596 499987224 499967316 499977361 500031072
8 43654 28920 37913 999914530 999922388 56142 999996005 94718
6 500025179 500046217 499974036 499979142 500008561 500019248
3 4069 999992845 999930419
6 500033320 500019658 499977204 499961063 499958737 500033507
9 999917721 999914909 20228 5397 999986381 14216 48189 25181 999906423
4 500016957 500032773 500021653 499991106
2 999989613 999967875
1 499962010
6 999921368 6307 15204 53430 999903603 35101
4 499998431 499980478 499977909 500043701
10 63856 79877 60693 999930607 999959244 13656 82745 999914704 88189 999917494
5 499976028 500047595 500015728 499954850 499972115
6 43682 13107 999968574 999949778 93209 999975299
7 499952926 500015883 499998356 500042759 500034631 499980038 499998656
1 38058
3 500002581 500038100 500040135
10 999953722 999902683 26451 999954126 999961839 999911199 20696 999984451 11404 999944183
9 499969518 499959343 499983912 499997608 499950377 500040072 500023355 500000165 500014640
4 352 999960763 999952525 99849
4 499995246 500037049 500001707 499960146
8 999985960 51684 62293 45334 999986420 82543 999960677 999938662
8 500042127 500042461 500042041 499996453 500030324 499975732 499961863 500008144
3 82385 999909057 999971091
10 499994558 499984411 499984599 500016071 499957991 499967255 500016704 500046800 500023731 500045904
10 999917881 999907067 999943354 999958894 85545 999914881 999996704 999938677 44732 999914421
7 499977484 500043848 500019141 499998773 499953717 499951703 500002017
7 999951498 999946268 75879 999978707 75467 999967732 999947351
8 500030191 500026751 500040891 500007992 500049576 500042456 500033172 500037863
2 99029 999960611
6 500003932 500019022 500046712 500037162 500017972 499955442
1 69842
6 500018974 500047433 499980036 500027847 500039057 499970291
7 999936808 86677 30950 63609 999931156 84604 999936311
7 500030345 500001241 500010665 499968281 499989477 500045126 500037782
10 999982139 51858 90626 78532 72631 999920766 999969901 999950064 73195 19708
3 499978501 500003638 500034514
2 87284 85817
3 499999663 499985838 500036645
10 999951866 999901851 14546 999934906 71496 999959600 999965393 999986183 5647 15279
4 500027269 499989573 500033860 499973191
5 61600 14197 999919471 95991 999904501
5 500016989 500039197 499977656 499959157 499962182
5 999976746 10161 81848 999955873 999946549
6 499994719 500014910 500021049 499977320 499994758 500006208
7 999973000 999995945 999978542 999966655 999919733 83452 999938726
5 500001327 500009083 500043282 499977712 499950387
3 999904109 999991185 999902818
2 499963324 500030403
4 97091 47782 97417 999965126
3 500032651 500022995 500043553
2 76635 29199
3 499986270 499975291 499976058
3 82183 31527 62843
9 499965262 499950554 499972020 500048423 500014596 500029092 500016167 500048098 500006737
6 999923177 999930875 999927003 71606 13064 98780
4 500030077 500023326 500015031 500022368
8 999981915 999944865 999989090 999955120 70989 999980086 99327 999995605
10 499958798 499985423 500032478 500024558 499965912 499962474 500044408 500026455 500013345 500028339
1 999920714
8 499950220 499994860 499989707 500025669 500049527 500028935 499972566 500004947
1 999964779
6 500001215 500031033 500014325 499960516 500037392 499954467
9 56385 52018 999955023 999986684 50087 999954306 999934770 999937159 14319
7 499987789 500000571 500047833 499988677 500031783 499966064 499954785
1 999978017
8 500036127 500048170 500041306 500031930 500010842 499965444 499973110 500048787
3 15810 83688 80654
6 500040077 499972121 500045513 499952117 500018518 500009264
9 36529 999947034 579 999960494 999956796 12534 999974413 20349 999942182
8 500012620 500044077 500033278 500007833 500017784 499969401 499996757 499969762
9 999916265 70497 93952 999909005 999930478 999978930 25308 60670 999964405
5 500009678 499955887 499961845 500004519 499972449
4 999987756 999935871 999923361 61116
4 499983839 499963864 500008857 500047355
7 66242 999976377 83988 999992061 15656 999984962 999947154
8 499985215 500039166 499976761 500029851 500035371 499960052 500044386 499981010
1 99871
1 500017596
4 31600 999944799 999905603 58622
5 499961981 500022510 500026587 499961028 500018128
9 999974298 999972104 999920703 999968882 86649 63578 30828 999925189 999940807
10 499994109 499984172 499954639 499961482 500028955 499960955 499959895 500036384 500028419 500040368
8 999923308 999971549 37560 999999602 28585 999930323 999931621 999912838
3 499976843 499974132 500029862
8 999937849 999966827 999947512 51265 10115 999914943 999927294 10831
5 500003085 499980936 500024043 499995265 499999169
2 999991744 72938
1 499951287
2 76437 999929251
3 499994838 500047008 500022978
1 999932373
1 500012244
8 8565 999969196 48007 32839 999943937 999957334 40525 999974788
2 499957530 500013994
5 5696 19095 999938641 99195 999987014
6 499990765 500001183 500011465 499974587 500046550 500037332
8 69792 36625 66979 999901547 999977455 85767 999966342 57740
6 499964236 500004526 499956392 500029387 499953632 500020609
10 44576 49364 999939165 999965343 999941132 999959471 31420 76556 22366 999998324
6 499979261 499975132 500044461 499958928 499998707 499999363
6 53072 999924463 58392 999955376 81981 999978263
7 499971644 500029948 499999231 500015897 500014440 500023355 499970123
3 999940026 79925 64218
9 499977260 500019503 500040748 499988570 499952903 500002598 499951376 500036576 499984515
10 4128 999934952 999941000 999947978 999928620 58263 34743 999969264 999907367 999997412
10 499996572 500044461 500018782 500025608 500023530 499992564 500020100 499990327 499985219 499998483
2 74724 55047
6 499966685 500036826 499963556 500030625 499995761 500029280
9 999928985 999942584 999934363 83667 78229 999943214 11882 18715 999909767
5 500025720 499955191 499984097 499985523 499965842
9 71136 999959672 999942847 999984284 999907087 62312 999942592 57129 34334
2 500034263 500013126
2 62835 999966944
10 499950319 499990601 500007848 500031653 499976212 499981814 500025638 500043395 500029888 500019378
8 999975866 999997406 92889 999912770 999923541 53164 77932 999947510
4 500030444 500019524 500030935 499959424
6 999904025 999912248 26901 75816 43403 18844
4 500013550 500014422 499991686 499966946
9 999900777 999986286 999997454 999915980 96727 21402 39243 999908021 999909156
10 499970620 499976079 500027851 499985413 499969716 499951638 499972406 499957575 499991206 500045587
2 98964 9198
1 499975781
7 402 57714 14851 74260 999961436 21769 999928064
1 499981249
6 999934459 999930911 999936688 999985760 999919142 97342
6 499986812 500003263 500010213 499990950 499977616 499998611
10 999980971 999969500 68166 69081 11032 13561 999957888 999948133 68764 40415
10 500011389 499992460 499963757 499974671 499997583 500020094 500025257 500036357 500007077 500032439
4 999953679 999928095 999971661 999975589
7 500015358 499951240 500015801 499961734 499951415 499968275 500015074
8 999942827 24419 999924621 20628 999999133 10087 999939157 999935941
5 499962760 500036538 499967781 500009940 500001234
2 50131 56117
1 499989374
7 999981114 999941128 4563 53336 59421 999934567 999976436
4 499974990 499980760 499977413 500002801
7 95456 999991449 999996361 999942908 29301 999906495 999990269
4 499955468 500048491 499964518 500037633
4 999944591 999993773 84365 40479
6 499981150 500012555 500032950 500020881 499977489 499963441
4 999919263 9978 29034 96877
7 500043342 500049030 500048103 499986980 499978195 499980290 500008322
8 15537 69619 29682 999986051 999963747 999987569 12204 75055
2 499992375 500018966
7 31716 75285 57366 88456 8074 40155 97246
3 500002581 499996902 499979249
9 77856 83778 13318 56070 999984989 39863 999999073 82446 999976869
3 499995881 500038827 500031062
9 999970747 16355 999971529 999992249 999979534 86633 60669 67295 43022
5 499975357 499963981 499956527 499975454 499990536
5 4565 999902995 57355 62107 999953141
1 499970052
4 999963064 999963438 74889 999974032
7 499989258 499950011 500010087 499999905 500019121 500010195 500028706
7 999965882 999934547 999945795 999989121 54157 999972629 52207
9 499952205 500034120 500006133 499967607 500020065 499995552 499964098 500019282 499985810
3 57923 999915276 999922926
7 499987720 499989307 500008106 500000949 500008737 499969490 500006706
1 42068
2 499989863 499980256
2 87684 74458
3 500001485 499950958 499980319
5 90209 20980 67365 999963299 999939031
5 500022780 500024248 499973561 499954921 499963716
8 35010 999964456 999990079 66969 10936 57096 99963 999930484
6 499975373 500002764 499966702 500048138 500032406 500036006
10 78245 999951887 42294 999920014 98278 12569 999995159 91132 999924407 999913638
5 500046781 500016235 500048596 500044948 499998640
5 999932120 6614 999987981 999964929 999993047
5 500044063 500003738 500004213 499957445 500041847
2 41001 999966144
6 499974653 499954488 500004842 499970177 500017280 500007378
2 999958972 37802
3 499997647 499950951 499950081
3 999916009 97113 999940052
8 500046511 500019996 500049444 499957680 500014784 499971921 500014803 499952755
7 6321 999945115 999994201 28739 2988 999954964 52879
6 500047646 499987403 500017028 500001447 500021814 499968866
8 41617 999922701 45206 999940686 999925361 999941249 91432 49870
4 500007337 499961290 500001259 500019858
2 25764 74022
3 499984728 499960529 499953459
2 22179 84621
3 499984590 499976582 499990128
3 999958975 999946390 999928166
2 500022345 499964747
7 999985082 49921 25330 51074 999945101 999946465 999980804
9 499999470 500039390 499996238 499994953 499954150 499999399 500021937 500003568 499974850
6 999992890 79619 81202 999980620 999995184 7868
1 500021470
2 999935080 999996131
10 500048796 499955407 499955972 500033284 500008900 499953552 500009699 499963490 499952883 499959763
8 999939291 999970110 5860 999906942 999919681 999917488 70712 80011
9 499951916 499957307 499958875 500022917 499957654 500009830 499977763 499952786 500034082
5 999965291 68039 11979 2142 999932919
6 499984316 500028348 500049084 500046253 499971592 499954810
3 999991801 999981305 999935916
1 500030243
9 999950425 999951246 29174 67398 999983282 74536 999954673 999982849 999932343
9 500046142 499958892 499980639 500046845 499961609 499954793 500026630 499993906 500026386
5 999974665 999986638 17837 999920311 999962517
5 500047614 499995128 499990887 500047316 499970407
6 705 89299 68165 999983133 92601 56111
7 499979199 499972830 499992264 500042119 499970421 499995799 499988838
9 999978475 65956 999900223 999912014 999932798 97897 999970769 999960455 999972516
10 500007884 500049212 500024137 500009465 500028090 500048985 500014001 500014498 499978658 499958355
2 999907221 21404
1 499956166
10 97077 16390 999971596 58326 999981469 999944080 999940018 68127 999993797 30559
3 500046989 500014249 500015928
10 999969147 64609 67251 999972057 58149 999952525 61385 999929843 999910482 22526
3 499984559 500001057 500036272
1 791
2 500020814 499994951
6 999962474 999971227 4371 999975593 70375 55770
5 499978125 499998077 500049863 499958065 499968115
4 999974987 19527 999959558 58430
8 500016767 500048760 500016571 500036101 499997447 499954598 500005664 500011792
6 33776 81060 999953677 999941502 999929648 999911428
8 499977771 500025946 500048039 499988100 499979030 500033110 499950224 499967939
9 999997306 999937691 76978 51078 999928574 61384 999943555 999957511 999963220
9 500013309 499998060 500005513 500021768 500027701 500023044 500023779 500032995 500006994
8 999991882 999919337 999916970 53524 30870 15258 86077 94
7 500000207 499988521 499972501 500023591 500020023 500024982 500036800
5 6066 22852 76374 999944862 999955058
8 500024766 500041834 500014683 500033674 500017658 499960982 500001504 500031650
10 58928 999985032 999977241 47491 91557 999960335 999993703 31309 98156 71023
2 499957186 500045600
5 37378 37346 15942 999965024 999967895
10 499965437 499990671 500017646 500011742 500027384 499970762 499993803 499965510 500017511 499951666
3 999910056 85332 999906448
9 500019183 499983806 500005726 500013737 499972267 500021031 500031872 499952162 499974018
3 999906189 18070 50842
9 499988076 500026380 499956830 499969800 499962344 500038920 499969419 500046582 500006743
6 999983435 999968179 999918720 999947938 53356 53694
1 499983928
5 999990761 1123 59892 999946611 999900837
3 499977544 500000437 500021191
9 15424 999975147 999942379 999920667 999981935 999930188 9159 6298 52015
6 499987615 500015150 499999945 500046935 500045207 499950304
8 999974059 71188 999933916 999994157 999986242 28761 21660 999914838
4 499982974 499999147 499975338 499974404
2 999946717 98975
2 500000684 499965501
6 9713 999998043 999954316 999905761 999924453 999907380
10 500031420 500040063 499993900 499982686 499996233 500014392 499950265 500013642 500009572 500046567
4 999988890 43220 70297 12427
4 500019791 500003495 499975489 499956818
8 13219 999924049 999937696 999909200 999935138 82141 999987207 76015
2 500018907 500004321
1 999907563
6 499983324 500018510 500048378 500047930 499990779 499989620
1 999980234
7 500003753 500018150 500049141 500038081 500039986 499983409 499958515
4 58887 61213 37357 999959109
5 499986077 499988669 500020796 499997273 499952068
7 69649 27250 26932 999954530 999990886 999959831 32047
10 499952269 499954447 499982750 499979531 499965531 499978309 499981494 499959920 499993363 500004034
6 21877 999977136 49578 999901797 999966374 999995636
5 499968159 499955882 500028470 499997393 500001155
4 999934013 86006 999921602 62299
3 499958908 500028783 500041253
10 94784 26241 10723 999993305 999981278 999941903 999905105 953 86235 999923828
4 500022956 499958718 500024510 500003312
6 70240 999997180 14521 93131 999969025 54622
9 499992972 499985311 499977771 500001723 499966299 499989348 500031569 500029027 500037250
4 26049 21921 46244 13591
7 499979615 499959673 499953769 499996107 499990836 499964518 499957750
5 54896 999993722 59655 999972931 62793
9 500008892 499976489 500004920 500022486 499976945 499954544 499966385 499991011 499966035
5 999958762 64450 999937579 999928220 29758
2 499966748 500034792
9 52194 19512 999967715 91256 999953825 15948 999972167 999972852 999983349
5 499970219 500032100 499978769 499977536 499957330
9 98224 68771 49364 999952783 24872 999970342 38604 31837 999963445
4 500015989 500000982 500043586 499998656
3 999979650 999925090 999920933
3 500016380 499993700 499978727
6 999962794 44035 999962332 999902767 8823 85322
6 499981676 499971096 500031704 499952853 499981591 500030097
6 320 999915977 999941753 90912 999933196 8601
5 499971116 500033612 500009802 499956299 499995122
8 999904954 999928093 51925 17303 29575 24569 999921664 75066
9 500008703 499957931 499977319 499955206 499999200 499988112 500023664 499974947 499976675
6 999923420 15462 86071 999979201 48013 999993445
5 500040734 499979209 500003385 499961379 500046865
8 79525 7780 999991628 80822 999984978 999951091 999916786 999988948
7 500016909 499982796 500022607 499959929 499992859 499996187 499962692
10 23251 999982478 94949 999972892 45240 999965440 2011 999944789 999973382 69151
10 499969420 499951197 499977004 500037711 499980399 500004072 499950010 500027643 499987797 500015399
9 97216 97604 999903631 14185 69403 999922706 72173 999956967 11935
4 499979228 500033343 499991914 499958160
1 99992
6 500002492 500037500 499989611 499958283 500005541 499992082
10 94467 8580 999916749 999901037 61461 21272 38778 999934723 79628 87966
7 499975742 500041928 500026299 499957317 500037744 500024160 500018963
4 999954797 81992 999952212 999963156
10 500000972 500002123 499984474 500005594 500029733 499993941 499990357 500046786 500036704 500029299
10 8672 33104 39378 62101 62005 8806 999927043 999950166 28893 44319
7 499982702 499976938 500000999 499968566 500026326 499952055 499978099
6 999969499 26465 92021 20568 71433 2030
5 500033245 499951020 500013104 499983875 499960515
2 999931571 999971332
7 499951596 499996236 499981183 500049149 500043259 499963611 499976435
5 999958654 64420 999977200 999944547 56654
9 500000415 500026158 499963498 500027237 500019287 500027969 500019059 499974819 499984915
7 21060 21128 87753 999939123 999996720 999977888 999939205
8 499982749 500039294 499964744 500018859 500020058 499986374 499981873 499973795
5 999914636 999983564 64984 219 60123
6 499959789 500028895 499953797 499991735 499959232 499995744
7 94417 40968 999986770 999967507 999921237 999917541 9084
2 500046843 499961011
4 999985434 8851 40853 38255
1 500002935
5 999929532 83542 18201 42971 999964790
5 499974792 500006427 499956245 500020257 499955427
9 999957230 98580 999980095 999909187 37419 34347 17803 999944820 999972581
9 499965722 500010805 499988980 500001716 499951750 500032134 499977046 499990785 500022736
9 70193 999915144 64753 999978637 999923456 999950195 999987395 999915013 999973159
2 500005796 500012145
4 999949176 74756 74262 32905
3 499964670 500015254 500048787
10 999959178 999934953 999974728 999947676 13862 63814 999913278 60827 86028 45278
3 500017896 499996283 499970148
8 93989 54901 999956109 52728 41977 84363 19899 41500
6 500032863 500000889 499955412 500044949 500006609 499953106
6 39509 999957794 999921859 999988320 999986406 999994919
3 500027325 500030679 500002691
7 19555 999903708 999989580 9318 999936510 45175 20777
9 499979740 500017308 500044988 500012585 500000520 499976504 499952564 500047109 499953602
3 9520 49801 8893
5 500010140 499951135 499971989 499999729 499955091
1 33013
4 500023565 500049228 500030840 499970146
10 9200 42480 999968302 999924988 999999615 999943539 67741 94956 999914900 999913302
5 499976169 499974778 500002903 500023792 499984578
1 5446
9 500028205 500038668 499962446 500002303 499955240 500049863 500025236 499954369 500023251
8 999925373 14613 65273 999914243 999914322 30972 999989959 999990725
1 500045511
6 92129 273 9813 999939471 9735 68938
1 500048282
1 14793
3 499986124 499971742 500024498
8 999956136 999935339 999993938 43370 999951360 37868 999963461 999931814
1 499980794
8 999903625 82626 999924527 999937233 27148 999906103 999915286 999963541
7 499950844 500024895 499987781 499976065 500033569 500018979 499989427
5 55088 999975139 999989220 999925367 999948949
10 500017821 499960173 500019166 499955336 499956040 500033496 500047065 499966852 499994132 500041491
2 999927247 999997296
5 500014334 500033353 499958133 499955815 499983905
7 999940073 24384 999944460 999936958 999943168 20762 999941542
4 500034988 500022988 499994617 499981280
2 11361 68821
9 500042750 500047722 499988952 500006730 499982522 499954516 500037797 499955349 500014977
9 6849 52180 3188 999908671 999961795 38842 83226 37708 999939015
2 499984668 500027746
1 999997225
8 500010828 499980714 499954197 500032631 500005127 499985574 499990051 500028562
6 999915787 999956009 13848 96825 999920740 999932356
9 499951788 500029548 499979564 500002622 500033016 500022756 499961797 499957040 500015539
2 42397 66319
10 500022541 499994796 500049373 499991369 500013193 500022891 500012634 500038583 499967329 500019152
5 15856 999973192 22866 999999517 42333
5 500046588 500027118 500039849 499998625 500010049
6 68213 999908190 999913216 64281 999921906 25451
5 499950375 499958128 500032945 499957043 499950547
8 66673 88752 999950994 999906179 65626 999919842 8318 1102
2 499961399 500048434
8 999962746 51360 85985 999954811 22883 51846 60859 16092
6 499989199 500033944 500020869 499954965 499966021 500017888
3 16304 999972638 15853
3 500011705 500045162 499976662
8 28768 6593 64546 22403 94683 999974912 999950785 72908
6 499959656 499954586 499959157 500022615 500026208 500002624
9 55185 999939336 999913274 999915645 73883 999989521 86317 999972869 3983
2 499995756 499968343
8 91126 23256 999998306 999974259 999910707 44554 90780 19246
9 500007037 500020956 499997164 499990991 499990918 500032545 499978896 500038898 499965827
3 999913977 88452 999938448
7 500024525 499994270 499999541 500026001 499962786 500016899 499980066
5 999906893 85253 81354 999934116 999991572
10 499966781 499964478 499984814 500000539 500019691 499961108 500015764 500012262 500005072 500046768
7 44741 57817 999979728 999970192 53803 999922197 999945655
10 499994217 499967001 500012299 500029451 500038085 499961253 499976721 499996865 499987040 500014659
5 999964142 3621 999994013 58477 83167
8 500023645 500006153 499991929 499983690 500002279 500019799 500044866 500000849
7 999943577 33441 999958809 999902078 999956083 34970 28623
1 499962776
7 999979803 999954766 89143 999965938 999940097 999938288 46907
10 500043308 500042764 500034856 500015573 499968740 500011844 500021716 500023489 499956145 499976163
4 999954075 999998686 999955519 999900771
4 499957994 500027237 500017588 500022177
10 999956745 43236 97319 86038 15769 99098 999910965 66813 999934023 43679
4 499984430 499971567 500027001 500038577
4 76113 2342 41981 34767
9 499971822 499976398 499994905 500019866 499950868 499994599 500010673 499994530 499966547
6 16112 63686 68395 999939970 999993233 999964982
10 499965917 499967405 500001774 500033982 500020569 499962824 499966954 499952906 500041540 499967969
7 5254 47879 999955709 51497 8377 56604 99724
4 499988046 500017944 499997639 500013638
5 35568 59652 94292 92312 40172
3 500020941 499978767 499971427
5 44448 999933279 999901918 999933346 999959671
9 499975372 500046525 500042280 500027285 500044870 500001985 499974592 500010976 499981042
3 999912170 999927345 35176
9 500004606 499956392 500027732 500015687 500005591 500048356 500035441 499962016 500010451
3 65931 999918562 47676
5 500010060 500034151 499995408 499989794 499988450
5 999936201 999983338 999977628 999904319 999972022
9 499988732 499950846 500027482 499982746 500017194 500033061 500012822 499959585 500019104
5 999914395 64741 999952962 999948803 999979345
10 499990781 500001564 499990126 500007614 500021662 499979624 500005798 499972816 500029393 499975522
2 999907541 999947622
4 499983791 499955455 500008251 499975841
4 41874 999955049 72711 999944630
6 499992783 499955631 499978136 500030260 500009478 500048400
8 999987307 59314 999931501 91812 92537 999904177 55548 999912869
10 499978828 500039788 500005305 500003192 499961146 499965882 500000715 499970308 500011783 500018258
1 27149
4 499959197 500021849 499988549 499979042
4 999937209 999958697 999971132 999914622
5 499997252 500005748 499957888 500009201 499986179
9 1184 4401 999953992 999999438 999925308 83111 999936933 999907415 999965237
9 499968412 500027356 499950761 500000346 499960854 499962038 499991190 500034705 499977937
1 999966714
9 499957549 500021599 499964696 500041114 499957081 500006123 500020305 499985888 500041233
7 999916601 999964683 999915002 11988 999931907 999973494 999944854
6 499985192 500022725 499953189 500037526 500045170 500000368
8 27203 85733 87572 48924 999979285 999920982 30847 999933846
2 499981547 500015442
5 40226 999981247 24842 50442 999971399
9 500049006 500042926 500033886 499964121 499989835 500038341 500042149 500001184 500024355
10 999965482 999976377 999937023 999994898 67225 26154 62602 11722 999964641 622
9 500026845 500037005 500027001 499964842 499959493 500030551 500021985 499970705 499963843
3 999945611 999966639 51309
10 499995693 499961758 499950943 500000862 500042971 499974826 500045330 499960962 499990114 500010402
4 38530 68165 24343 999971005
4 499968924 499964228 499992165 499971202
8 999942619 999948393 999964206 76488 76139 19082 999971201 12748
9 499988781 499956780 499964556 499954255 500042809 499994362 500003893 499974310 499973107
1 60877
2 499969453 499978511
7 999901949 999985165 20520 92349 999930501 999942295 96526
3 500041899 499998792 499966834
6 999912221 35749 4197 3989 999965180 999976038
2 500018040 500027248
2 53315 999913459
2 499957526 500041715
1 999941472
3 500031551 500040795 499973610
8 999932024 999941775 64058 999977137 20733 85374 999971365 999962917
7 499984028 500010028 500034953 499989115 499984581 500048898 500034096
4 52933 53416 63322 78190
6 499956669 500011961 499981451 499956059 499968071 499987505
2 90688 66491
10 499981213 500026109 499955805 499982569 499988536 500032151 499991846 499991638 499971479 500015362
3 95152 6946 999919287
2 499977049 499970875
4 999940728 74370 999924365 93322
4 500040047 500031806 499983989 500023479
3 999900792 999930427 52527
5 500031801 500042552 500033477 499961191 500037440
3 52027 63404 999960917
2 500032089 500000038
7 22882 999956697 49732 51865 999914656 999934325 999903860
5 499996814 500047131 499993030 500017233 499962321
10 68560 98064 999903560 93123 10741 85225 999970146 40139 3950 999904454
3 500007099 500032068 500033111
9 999916377 999950747 23860 999952914 39864 18858 999998385 999982359 98351
5 500042942 500032445 499984415 499984056 500031044
9 89024 999999883 999937503 999926287 45689 999950067 73755 999990736 36459
8 499953133 499956489 499950580 499951317 500044599 499960439 499964353 499963874
8 11570 69557 999911053 999943596 999906060 999947103 35899 999939367
8 500042542 499951599 499998633 499963668 499956757 500018452 499954071 500012465
4 999949099 25801 84751 70302
1 499970646
8 14960 96368 27107 65221 999911502 18361 69003 86540
1 499979624
1 999955143
4 500019487 499993343 500026106 500030116
5 60913 999921952 999913508 999959703 999975511
10 500039359 500041467 499967563 500034534 500033670 500006694 499980000 499986035 499981299 500017027
5 999995003 16450 999978702 199 23129
9 500009117 499987309 499972399 500008158 500002281 500023162 500025206 500046002 499969473
2 999965393 57871
6 500011708 499968382 500022830 500037323 499986007 499996033
1 999926574
3 499999151 499972088 499957589
1 999955231
2 500025497 500008883
3 93712 6314 24683
8 500006942 499988404 500043156 499960336 499972800 500039328 500010387 500007586
1 999916172
6 500016237 499953630 500014969 499960436 500041219 499991267
1 70783
7 500000156 499967150 500043992 500025574 499955415 500003362 500006162
7 999989786 57045 999901679 55178 55130 72330 33070
10 500010765 500037852 500002040 500032360 500019477 500049111 499981703 499981447 500042068 499977603
10 68241 43089 72178 854 48503 999998237 94918 999995142 999961812 999974276
6 500046542 499993743 499975432 500044649 499985898 499974787
9 999933582 71158 7161 91755 999983008 999926323 999964630 82653 999981575
10 499956446 499951471 499992318 499973352 499984987 499989124 500005111 500040292 500027344 500014323
3 999918253 95030 66809
5 499998253 499987081 499958468 499959637 500022807
10 999909273 999952731 999963551 999921647 999986189 88904 999980035 999953811 90474 22348
3 500044015 499977109 500000881
4 50353 999962168 26741 99048
6 499985914 499951605 499968743 499974177 499968448 499977954
5 999931913 999953784 999984015 999975939 999960183
4 500017291 499992534 499971095 499960113
5 12467 999950974 28535 61179 72522
9 499995341 500011228 500011631 499962127 499979214 500028692 500049588 500008385 500025505
3 999922809 91568 22202
5 500038204 500034825 499971480 500010043 500043703
6 999987336 999986777 999970489 999911698 999946674 74799
4 500022557 500029775 499963774 500016278
8 999956938 999916089 35169 53026 999950716 999996989 47294 999937974
1 500012503
1 999976230
2 499974675 500038163
2 80240 999930070
1 500022787
4 37474 999987934 41886 999935159
1 500029609
6 999978072 59461 999933120 32938 999939202 999949649
1 500007575
8 26704 32918 35430 999990963 56857 999952240 46428 999907543
7 499977676 500008282 500006917 499956087 499987526 500038609 499974050
6 84464 999969595 44449 80304 999963928 92711
7 499965502 500019512 499973323 500048585 499992346 499971392 499964338
7 999903960 66368 61377 999959852 999922110 96090 81930
7 499953436 499971677 499972175 500049449 499988261 499995398 499975138
5 93665 35782 31293 17358 15854
3 500030683 500019937 499994784
1 35000
9 499989823 499976847 500027737 499982728 499991784 499996917 500023156 499971271 500048880
10 999911801 48161 40449 999903183 999931614 999916464 51017 999992689 999917942 70638
3 499992346 499988071 500005571
7 29840 999983836 2582 999979920 77946 15259 999920054
2 499995311 499981170
7 999922651 999959932 64822 47993 999926339 23690 999923718
3 499985310 499956054 500021367
6 58343 44439 56696 999982800 41421 85422
2 499996477 500020078
10 999928763 62853 999991693 999921953 34744 999904033 71880 55417 999905555 14686
6 499966799 500018536 500037576 500032632 499968530 500008626
10 999985290 50048 89249 24920 999906497 999934625 999950291 999994966 999944004 1182
9 500038285 500003725 499972991 500030686 500033593 499978923 499974826 499971616 500010162
2 999987582 999977983
6 500007293 499989567 500013658 500026517 500046119 500007046
2 46033 95822
7 499986777 500012379 500020116 500024704 499983507 499983362 500008018
4 999994382 999900883 38205 63343
3 500013310 499984692 500005728
10 91280 999987528 33443 81718 999974413 1178 63098 999968071 999948839 999993460
4 500048494 500033813 500032661 499984999
7 999991577 999914474 85461 999922335 96374 62665 35323
7 500041231 500017211 499958187 500035098 499992708 499999681 500028673
4 999933116 999910564 999904807 83294
10 499987022 500027387 500030858 500000741 499983269 499952630 500022278 500011360 499988128 499981539
2 13109 999982850
2 500041748 500006630
8 34497 999936270 59528 2170 999910307 999992529 999954359 999923942
6 499982877 499964024 500009237 499975028 499983488 499969602
10 49490 999911131 999945435 999909358 34599 57416 999985907 82221 17550 97822
1 500012862
4 58738 999957694 20742 999966772
3 500002446 499967147 499960850
5 65251 14934 14071 5257 999990628
1 500016599
3 999914843 90003 999981159
4 499952142 500025256 500020343 500023841
3 999940169 999967424 74877
4 500021855 500039445 500020930 499991650
2 52720 999974025
7 499981181 499957422 499954734 500035432 499951802 499983088 500025794
10 999978137 999957182 999900732 999900739 999938739 999995216 999947191 68783 81103 999907030
3 500026492 499994412 500004575
6 999924715 999950366 999985980 91606 80440 83755
2 500004764 499997706
8 97217 80592 78400 73683 999915309 999992898 999948390 999993510
2 499957461 499970768
2 83317 999948087
1 499966288
1 999991132
1 500040098
8 999934953 75683 15650 13636 999982175 999945665 22588 14046
6 499993901 499955613 500027673 499970800 500035827 499995346
8 999977528 999950495 999964141 11898 69354 999975681 82572 72638
5 500046271 499967806 500038174 499968792 500040837
6 999980810 65857 999949576 999901082 999990879 999978385
3 500015101 500007526 500044898
1 999918700
2 500000035 500027090
6 43584 999928810 71993 43193 27148 55005
10 500031263 499969134 500040365 500026011 500010347 499969671 499976374 500021750 499988704 499970290
2 74261 999942941
4 500012868 499965893 499952496 499963296
7 999946152 94946 999955503 999944735 999904047 65066 15935
4 500045661 499970280 499964245 499964695
7 999986991 9031 999972496 999982704 9723 16187 999993412
5 500004381 500040012 500026613 499965170 499968226
9 29904 37761 77200 43555 999975961 999920144 80747 9294 999956453
1 499952709
4 999978282 999928291 91151 999903127
2 500015389 500016695
6 999985979 999923448 41061 64250 999977328 2046
5 500037708 499985580 500046857 499980578 500046465
4 78051 30600 9785 49982
5 500048397 500003899 499975127 500018096 500048001
10 40256 70226 6277 13142 79814 4936 999984897 25212 999981767 999976197
2 499987980 499980654
8 21253 999960111 20135 999905838 999970544 72266 999900599 77966
3 500017854 500035833 500012946
5 90336 999903774 96252 999906199 999987445
4 500023000 499954363 499983703 500024423
2 999906120 55358
9 500033549 499999516 499994431 499957049 499953993 500049124 500012195 499983587 499968227
8 79537 23923 99365 999919726 18696 999985522 72315 34111
10 499973676 499999391 499990366 499953016 499989866 500040217 499956533 499952822 500004791 499974790
2 999969418 999921639
2 499962381 500041444
5 999911368 93285 41833 99546 83002
4 500019896 499958629 500018982 499952273
4 999958734 80941 13230 999924630
7 499965228 499980223 499957032 499981592 500031659 499996148 500012512
1 55876
9 500049868 499996590 500031390 500012494 499956520 499986232 499996709 500016725 499987207
5 999942408 999914463 999909875 999938614 999994965
3 499960697 500024437 499993973
5 52579 999914750 999971809 999999863 90974
4 499951756 500032364 500000494 499986251
2 3072 84708
2 500026487 500029216
8 999916137 15457 76114 999982622 999985583 74980 47002 77403
1 500046687
8 37952 76389 999976930 75832 64525 999954919 60766 999910743
10 500032845 499996397 500024828 500034126 499974937 499983739 500028757 499997525 500043474 500016128
8 999996682 999904109 999958767 94100 999908256 73562 36415 999968501
4 499983164 499966814 499998499 500022611
2 44578 43870
8 500044655 500032744 500027530 500002645 500041458 499960784 500039840 499998546
9 999926585 23921 999939752 66400 999999838 99755 77855 46430 34671
3 500035150 499974075 500005749
1 999926196
6 500015790 500027865 500001353 499969926 500002432 500009459
5 999902265 999955695 999955490 999988369 999977638
8 500015836 499968573 500033177 500008677 499999942 500038049 499965026 500032546
10 999995674 78834 999964137 999918093 999909934 999915694 69545 69465 999914944 999932055
6 500018413 500005100 499954453 500047890 500014160 500031312
3 55236 999914309 64126
2 499952619 500032467
9 74449 6595 999949321 999985180 2103 999904083 92317 999971524 55583
4 499982197 500019540 499998880 499952929
7 77360 999909515 98930 45927 30231 73419 999939538
2 499958989 500029712
10 81587 999944795 52308 999915072 10155 999984935 73068 999938596 999977652 5679
10 500023037 499993327 500040858 500016297 499982328 500028459 499992836 500012119 500037601 500036784
8 999954410 354 60773 999928321 24377 999910976 999940260 15325
5 500027754 500020340 499986852 500041396 500024822
9 62320 28594 999973032 30403 84514 999988463 38149 999982961 84316
8 499961388 500015980 500005836 500035294 499951001 500010836 499980961 499992817
3 999964301 999938644 28607
7 499960940 499977085 500046811 500034727 499983910 500037462 500021042
2 999949464 999986739
1 499964615
4 999943720 999926605 999970940 999953521
2 500036875 499953735
8 999992056 1859 999929916 999929404 999916255 999902367 9533 30607
3 499964286 500018411 500036166
2 999928843 999991718
6 500020764 500012617 500049428 499955440 499999938 500013922
5 7236 70724 99625 999936752 999901136
2 499989563 500002708
2 69885 94205
10 499957340 500008748 499998569 500042219 500015018 500044169 500013669 500041766 500017494 500034291
2 30277 9719
8 499990828 500018492 500049243 499982776 500035652 500047172 499981715 499987923
6 999990082 64858 94605 74911 14 92350
6 499973004 499985389 499999164 500018446 500045830 499964916
10 61025 70662 73014 53575 999939185 999995123 43516 56013 76111 999946902
6 500008254 499954600 500025860 499968688 499994032 500005347
1 999944970
7 500040908 499956456 500002618 499966788 499963253 500003537 500036401
8 999944505 999923848 48868 25781 51963 25820 57438 999933366
7 499972828 499995516 499997807 499979263 500027099 499952052 499983575
10 999953130 999902249 999927225 999925784 98710 36376 999995426 10538 999918293 18284
6 500043130 500011685 500042199 499990865 499989665 499969024
1 97739
1 499991233
2 999940490 19126
1 499991385
3 999947050 999907853 29531
6 500049578 500044264 499971302 499959905 499987344 499963523
2 74678 68572
1 499957751
9 999928600 47812 999933437 76517 35800 999974961 999955574 999986471 19118
4 499993292 500019896 500016673 499999171
8 12768 15681 88771 96951 999927886 2601 999923043 95418
8 500044334 500001036 499986425 499970248 499998983 500044834 499959408 500004610
5 999924237 999907297 39561 51661 56910
8 499973981 500023551 499983595 499999044 499977156 500043431 500040707 499999058
8 999963897 29877 46439 71942 999932625 999954307 14988 56862
10 499989260 499981695 500008143 500024430 500026830 500007480 500006874 500041545 500023012 499971591
6 42769 999948936 999909301 999977895 59853 999954997
9 499992829 500045311 500026348 499955519 500020729 499965801 500008056 499963652 500007648
7 56919 999956685 999905905 25433 27337 999934899 78586
9 500029917 500007020 500007695 500030350 499958410 500018517 500019236 500027412 500029463
6 58098 97698 999924044 999902878 55019 59983
4 500002008 500045721 499981190 500018256
4 58242 999963234 88984 999930101
3 500025711 500008371 500001442
7 999943209 4321 999990270 999972236 9366 999983629 999924225
3 499961254 500036576 500020274
8 999914233 68723 999980873 999958409 22115 69882 76093 999982807
6 500046510 500047593 500046329 500003494 499993430 499988144
2 96226 79388
1 500024920
1 999959317
6 499975453 499960045 499957085 499975924 499995111 499991427
9 77265 44865 17458 999970137 999947917 999901923 999976080 999995254 999965238
5 499998398 499950249 499962996 500024964 500041300
10 48049 999949465 999981342 90839 96231 68905 42425 999952995 88845 999964837
8 499984687 499990815 499990649 500013738 499996293 499981909 499996806 500032736
3 999969994 15152 999975661
5 499985502 499990229 499997575 499973392 499975026
4 17556 19062 999974870 999905127
7 500039101 500027806 499955547 499963860 499951461 499953335 500023328
8 999919419 999970377 20519 999958765 999959618 67656 999944131 999929619
8 499979613 499980255 499990238 500033284 500021268 499983063 499991158 500036560
10 97154 999904687 999962114 40731 46939 999951377 999933989 46748 999987191 20943
7 499959372 500001453 499991022 500033769 499981798 499994182 499992225
9 63232 20067 999910349 999960524 75864 62411 66058 80188 60479
5 499962286 500039496 499996596 499985271 500009776
8 38162 58738 999921066 999918111 85081 999936851 55082 94863
5 500008761 499987658 500009205 499973639 500028195
2 999910745 999988248
8 500038798 499951497 500039799 499970359 499957089 500035923 500015571 499981874
