31 48 6488
-35 100 -12 19 -18 158 120 58 95 41 -26 127 53 156 121 106 98 30 98 36 115 77 131 120 112 118 -7 15 25 86 -39 -6 119 153 108 33 152 153 93 97 63 50 -29 54 28 -13 58 149
8 39 7 109 91 29 35 158 9 -4 159 83 3 91 114 21 -6 145 127 -24 153 64 26 113 68 -17 44 152 27 8 29 90 -29 -26 50 -13 103 -36 159 34 155 66 118 149 18 -31 49 7
0 -22 124 135 -14 49 63 26 -28 0 130 36 155 1 146 11 69 147 43 45 150 10 46 115 141 88 62 37 22 -16 125 32 -8 45 -12 6 49 38 43 85 25 20 5 138 -19 15 80 87
133 94 11 35 96 94 -39 97 70 134 150 116 31 40 95 105 42 -15 78 133 72 -3 158 65 122 77 52 99 7 106 63 -9 75 -1 18 -11 5 154 159 5 32 35 22 32 133 40 -2 57
102 -32 -37 37 85 94 -39 38 142 129 96 38 99 98 81 -14 23 37 135 84 141 60 121 22 -38 8 55 44 -24 97 67 153 44 104 19 -19 18 3 28 37 79 17 1 51 24 -17 75 32
89 1 75 -25 96 117 119 60 12 53 1 -11 8 -13 158 -16 84 34 93 45 -2 130 22 -11 44 69 38 83 45 -40 -16 153 65 -28 125 127 -33 37 144 64 150 -6 51 -19 45 94 150 102
158 46 -22 -19 -16 157 136 14 29 68 87 53 28 126 62 -2 -40 -21 78 50 144 99 116 -32 -8 38 -26 147 -1 34 -20 -13 114 148 1 158 2 -38 81 64 106 16 69 -7 68 121 93 46
-36 145 102 2 20 121 -20 103 138 147 73 23 151 94 -25 16 121 -28 -29 119 11 98 130 84 67 -33 144 111 61 49 118 1 150 -27 -28 15 20 53 32 -38 36 103 133 26 11 35 88 92
121 29 63 89 67 52 11 113 152 130 79 32 -33 54 65 0 143 22 -31 -33 -2 120 31 131 14 107 74 83 -11 49 126 47 116 -8 30 99 26 82 43 120 113 65 51 19 146 47 -11 2
77 5 116 148 12 114 26 -7 120 79 -9 98 27 136 58 74 80 13 -33 29 -24 82 2 -33 23 20 107 153 -10 77 3 136 74 -14 77 94 -20 131 152 124 114 26 53 24 135 -40 -28 60
111 36 139 103 37 149 121 145 32 -6 104 121 123 64 106 48 68 117 -10 83 24 34 106 -3 141 78 -29 52 151 -8 83 21 151 21 90 58 129 51 -40 139 77 77 74 155 1 96 27 -12
13 69 133 141 63 129 -24 43 127 145 -38 -10 117 41 127 70 26 47 131 37 5 124 -2 31 7 75 152 71 17 -35 13 131 140 100 90 35 80 150 137 158 146 -36 49 -9 104 148 -30 78
79 19 87 -31 79 39 76 60 156 13 18 -10 153 -34 9 14 32 120 54 14 93 106 -11 31 -12 119 1 -19 48 126 -7 45 30 89 21 20 -32 142 122 66 38 139 57 47 98 29 143 100
155 26 -7 69 117 77 94 13 95 18 153 3 53 26 111 100 54 97 134 72 57 111 55 -23 52 52 -3 90 -27 56 70 149 -12 -31 146 104 0 142 129 80 153 52 122 -26 87 -33 154 65
73 -29 73 53 24 -37 155 122 141 106 69 8 128 -16 71 114 -5 87 -7 0 22 87 137 -23 100 102 60 -40 118 36 114 95 -10 -9 55 97 -17 82 87 -11 -29 -29 114 40 13 53 81 145
88 3 -40 115 31 30 12 135 -9 0 94 0 146 -6 8 99 125 156 72 22 12 91 147 24 117 8 116 130 10 142 61 53 59 92 4 91 35 -36 10 -14 26 98 -39 -17 3 1 140 55
78 19 123 -12 89 48 14 -27 139 129 26 39 137 -3 -38 75 52 83 32 8 83 113 108 155 157 68 68 -29 153 25 141 -38 -30 -12 16 65 125 -17 129 75 13 -35 44 38 105 0 -7 45
60 128 154 -7 45 108 41 -8 16 70 32 142 61 66 -5 20 31 87 97 103 128 -7 155 131 -37 102 -29 39 -6 72 153 90 121 -6 18 86 66 151 3 148 -13 79 44 -16 53 -5 -16 54
142 27 -13 -35 106 46 149 100 -3 10 119 138 116 37 -37 2 60 -29 -15 103 155 -24 -25 -36 -34 128 1 95 58 85 73 -17 72 -22 17 156 99 46 54 6 3 82 71 40 15 118 7 30
150 33 87 -27 14 56 32 10 1 1 6 85 -27 -16 89 55 -37 154 153 27 147 0 39 1 85 94 20 -40 67 -19 52 53 77 77 -37 103 53 -1 -29 85 -12 138 108 10 52 4 14 -17
113 -4 107 106 -14 21 64 -2 131 46 -35 59 16 88 27 111 -21 151 126 77 6 53 147 -19 72 27 59 4 57 -39 88 102 64 128 128 1 56 22 80 4 78 -15 -21 144 134 144 19 109
-26 55 63 -8 11 97 -26 123 11 -21 50 77 43 78 144 12 146 29 8 97 157 -16 128 -13 108 153 142 31 29 53 37 -26 64 44 103 55 -29 53 52 158 150 59 50 53 34 109 134 74
133 29 -22 25 -7 -2 71 12 23 68 109 48 5 -9 80 66 31 128 -19 18 117 7 142 -2 82 83 66 66 149 116 105 111 83 78 110 57 -4 151 -34 70 -27 11 40 4 103 101 5 138
109 65 74 145 -13 -16 -36 116 77 -13 115 62 46 28 58 139 -29 49 118 50 135 -30 92 49 56 110 72 82 89 32 -4 37 113 136 30 45 12 111 157 111 -39 -5 53 32 76 76 88 71
85 -2 56 99 104 16 -14 62 118 148 -19 146 68 137 -12 139 107 109 40 5 88 22 -14 79 37 51 7 145 -9 -34 44 114 129 69 116 -19 105 25 -24 20 57 95 150 37 9 -35 46 148
35 103 137 90 47 115 42 13 -40 114 49 48 -25 -32 70 100 159 157 67 14 64 -3 45 59 152 -27 -28 42 143 111 89 97 -7 -40 24 43 17 128 70 128 68 1 92 -3 44 59 61 29
143 16 52 0 47 -28 -30 -20 -5 23 -25 57 37 134 94 113 93 38 46 -16 94 35 109 72 144 -16 152 64 -18 15 73 22 33 44 120 82 13 157 -18 110 97 77 -34 91 157 65 -4 117
159 50 58 145 7 44 152 85 156 15 -12 98 102 -12 155 102 -3 66 127 13 153 65 106 -31 84 14 25 -1 -34 -31 52 59 135 -4 21 7 -22 -27 87 72 56 69 1 90 50 -6 75 46
83 26 104 96 -3 -24 53 109 131 4 137 45 -40 150 45 85 78 28 -34 89 -32 101 -15 96 140 76 30 144 107 88 96 -36 60 83 124 -29 0 10 64 43 126 101 30 5 66 48 16 67
26 17 38 159 34 115 151 150 -8 18 156 77 50 127 67 -6 6 22 -38 -1 -14 55 66 74 110 146 39 136 -18 39 61 -28 36 124 117 130 -2 72 104 121 140 -40 3 16 21 7 99 -32
50 12 139 -22 -21 -33 44 107 137 35 -27 69 131 2 99 96 -19 61 -6 89 118 -4 29 57 64 158 -38 65 -2 -8 25 76 41 139 -17 87 131 73 142 100 -24 48 79 149 73 19 11 31
