35 30 4787
8 135 90 117 -27 56 -24 52 65 11 -33 90 63 107 12 15 44 95 154 106 150 -4 7 65 -33 38 118 41 106 59
-18 152 -27 -32 12 1 151 136 84 17 68 106 118 -8 23 -13 -9 1 39 -3 60 -3 69 110 14 100 157 -13 139 6
99 -2 41 58 152 -19 57 53 -27 -34 89 53 111 -24 154 -2 148 35 131 -19 140 43 126 59 116 -31 26 28 119 155
144 88 54 92 26 18 26 23 73 -9 46 120 126 9 82 20 43 133 126 66 106 34 68 106 30 -20 26 29 138 87
-2 44 119 127 138 -10 81 151 50 53 4 -31 67 0 83 -18 7 110 -15 22 142 129 100 -39 15 65 86 47 23 139
126 38 105 -31 46 66 80 3 -34 2 121 143 98 -23 155 69 159 57 155 102 12 127 100 63 15 115 12 16 5 22
157 10 149 25 65 87 7 -13 63 36 25 35 6 141 -37 -25 23 120 76 141 137 93 -12 144 63 4 36 134 68 95
-38 95 1 146 153 80 -26 104 17 72 64 56 51 66 -14 -24 143 93 71 136 65 25 -34 58 -22 -21 151 -16 27 10
94 55 135 35 54 147 25 122 -1 68 20 42 146 55 82 95 108 119 79 98 26 133 110 20 101 53 108 -34 78 28
-28 25 -21 87 131 74 2 110 109 88 21 137 96 -15 -34 25 143 113 -35 -14 113 125 105 87 140 -9 140 143 107 83
41 23 104 9 -14 0 22 51 -11 58 158 138 87 -15 20 29 140 -17 107 -38 125 42 -17 15 147 -33 -31 90 51 71
104 104 35 49 -35 116 84 -23 16 8 120 40 10 48 126 27 138 133 3 8 92 136 123 158 95 -24 17 140 126 21
51 93 89 45 10 51 53 48 48 146 17 119 -13 70 -14 50 1 24 26 34 52 108 -28 52 -24 118 -13 119 2 -1
123 8 156 10 56 156 38 68 46 -3 63 83 -39 1 5 -10 54 -40 153 14 154 -36 102 84 129 141 3 -13 -39 62
-17 -2 121 -6 61 -35 60 92 16 -4 -30 77 153 37 152 70 150 -32 135 49 29 151 99 -5 66 -1 133 29 133 4
-13 155 96 155 62 76 -33 -18 124 108 -32 132 -32 150 117 7 -9 46 56 66 27 -26 150 27 -35 71 143 13 -1 -14
102 89 0 87 100 46 3 7 113 30 -30 -35 69 131 31 2 92 2 -20 -15 41 78 148 111 12 17 25 135 -10 111
62 110 148 107 32 50 -21 77 153 120 116 52 53 159 -8 9 33 103 93 4 16 46 -15 124 -40 92 -18 105 13 69
55 107 68 79 -6 96 83 4 142 50 135 106 -1 8 125 122 128 79 29 142 73 47 100 126 -7 50 81 -4 37 155
66 23 9 -20 16 93 126 115 17 -19 21 61 20 76 123 98 138 157 94 148 59 30 159 75 126 25 -8 34 38 97
-40 8 153 118 117 31 18 42 -23 25 66 -20 72 -36 -38 157 96 3 76 138 66 -16 75 33 120 38 96 79 -32 148
142 81 -24 -17 72 146 130 126 2 28 18 36 22 106 141 113 64 -2 157 82 155 71 75 147 -19 -3 -36 138 0 24
126 54 91 125 116 144 25 66 25 -40 144 149 -38 -29 117 -33 -33 -13 46 103 -5 72 -9 37 9 -34 -39 -5 106 119
136 -29 68 50 124 157 85 67 43 -25 137 54 140 115 128 94 143 -29 76 -37 108 -40 1 20 33 83 149 -8 -17 147
138 99 63 97 50 23 137 -39 -37 73 -10 74 59 158 63 158 77 150 28 134 52 8 66 144 8 86 127 -5 -33 137
31 -35 -10 80 5 18 119 158 2 -32 37 26 -7 65 38 50 71 0 -23 -38 29 103 8 -14 120 17 23 6 50 28
86 146 -30 9 99 -27 122 118 -20 -3 -25 35 132 36 150 -11 115 -30 37 144 35 -5 136 0 8 89 150 -7 127 -3
83 5 -37 154 46 94 12 35 101 85 -39 15 64 138 151 -7 20 85 -14 85 50 149 67 95 7 79 43 -26 -12 73
8 -14 0 87 69 26 125 125 47 33 136 110 13 113 -11 69 103 -40 131 -29 138 123 148 128 -38 120 128 133 26 120
-22 145 -39 45 -21 106 -27 56 149 54 -36 79 -21 -13 48 21 55 12 3 50 107 125 84 44 85 113 152 70 157 57
-35 72 16 16 90 -9 -6 61 131 -2 16 25 -4 29 84 146 132 -38 12 31 140 85 140 68 159 97 27 88 -28 -9
44 53 18 100 47 48 37 119 119 90 -10 36 100 -2 151 20 36 20 54 88 -3 13 145 99 87 88 156 64 128 156
135 -27 143 151 108 6 93 119 87 133 -39 -33 55 112 -5 20 12 131 155 80 33 48 27 135 123 -28 34 9 90 -12
155 143 -7 87 5 -40 145 150 132 -2 131 153 56 133 21 68 76 60 99 -13 57 32 138 49 132 53 18 159 38 126
-30 2 155 127 137 14 14 152 -38 -14 154 5 134 108 43 4 41 135 30 7 78 58 127 154 132 27 98 151 149 28
