31 15 2163
-32 120 108 45 138 61 131 65 -39 156 132 69 91 147 30
85 144 -38 87 106 48 112 157 149 55 158 111 -22 133 17
79 33 75 28 43 -30 19 85 156 -1 143 78 119 78 21
127 -37 126 98 -14 153 42 36 120 98 117 140 114 38 21
28 81 33 58 117 18 -21 105 61 149 -24 116 -1 85 85
92 138 -19 76 122 47 -32 98 90 -35 50 159 129 -33 13
-27 16 145 143 108 153 159 122 -34 26 95 -21 31 24 159
-32 7 -26 74 -28 67 -18 87 52 80 159 58 31 146 152
112 -23 84 148 53 49 48 -26 56 28 106 118 97 105 128
157 -15 7 -19 -3 3 67 30 109 106 -1 12 -28 -20 -9
36 51 85 5 59 -24 134 16 37 32 96 -32 56 69 92
118 148 104 -36 90 87 9 79 28 134 61 121 15 126 87
73 122 140 -22 88 49 73 101 -17 156 91 0 -9 95 -8
142 142 10 4 12 17 -39 28 -7 133 54 -21 86 43 93
142 72 -4 -15 12 -28 -16 5 56 -38 133 118 65 37 118
71 41 10 130 140 13 87 119 76 157 78 78 137 141 25
112 73 131 136 146 34 2 1 69 57 22 8 2 108 152
96 -20 -23 -11 -16 141 -2 66 121 110 107 18 -1 65 141
28 -26 -39 76 54 127 5 127 -1 123 -40 134 4 159 85
40 -23 -16 9 46 34 17 145 -25 18 35 -10 142 -29 -3
30 122 151 -12 21 -28 56 36 60 118 131 151 8 82 58
110 118 88 105 102 -2 20 33 37 53 55 -36 -27 -8 85
64 55 -19 8 128 44 -20 51 -2 -8 79 97 126 -8 22
94 -9 -3 54 62 -29 74 2 29 -6 107 90 63 1 -34
-29 57 97 62 -25 23 77 77 159 111 3 98 142 14 47
-28 72 82 -3 134 51 -32 78 11 37 -17 12 -29 -10 149
-39 -25 47 88 -11 81 147 23 87 48 37 74 6 35 42
-9 -1 -21 129 7 122 -34 120 112 65 121 80 140 1 110
99 98 84 111 -35 100 149 -15 42 64 13 140 -10 -29 -34
18 147 11 87 -10 -18 107 -33 56 74 -35 109 -34 -30 75
95 148 145 94 73 -17 36 123 137 86 82 67 89 26 -13
