41 10 2212
157 -29 -32 77 -38 88 5 -1 -11 59
93 156 44 36 89 -27 -37 151 -37 124
55 58 2 100 5 24 -18 -25 20 149
130 109 57 51 -16 12 81 100 73 -5
76 49 156 108 24 18 103 41 140 -33
-4 30 22 23 126 23 15 158 132 91
21 60 53 1 9 4 -3 42 -21 27
23 -24 -30 2 -21 -27 40 68 66 7
-34 12 56 131 60 137 16 95 -29 147
62 44 -17 43 73 92 39 142 -40 -24
118 3 -33 69 -25 125 90 32 77 18
41 32 17 117 100 67 71 17 153 131
147 103 28 -38 48 58 142 12 137 17
145 53 76 -12 154 51 131 67 72 92
69 52 37 -13 -35 51 51 143 41 30
-8 -36 78 74 -27 134 9 112 -13 75
97 148 15 137 11 128 144 137 6 -20
-34 122 105 105 101 -8 18 54 114 54
73 98 158 65 99 11 33 7 -21 39
-23 105 6 -40 58 157 101 85 0 159
-31 16 3 152 50 34 18 39 48 133
60 24 14 27 90 -14 12 35 137 94
-20 53 -17 100 119 78 -12 136 105 13
-5 125 -14 30 72 40 86 119 20 137
-40 34 143 141 66 147 61 128 152 74
101 65 54 90 -10 -26 158 99 106 122
127 14 8 -12 90 -16 52 74 47 120
74 5 24 3 -21 86 108 104 23 130
15 120 68 58 23 144 85 118 74 90
39 -37 159 145 -40 11 114 140 48 68
12 20 -11 3 42 25 41 34 140 130
-1 112 1 4 135 32 -7 54 101 69
155 -14 105 -36 137 149 10 138 120 131
20 64 76 157 148 76 116 -12 89 90
106 147 54 74 38 128 93 -20 51 83
6 138 49 58 -24 60 117 92 63 122
142 156 119 101 121 -15 144 -25 112 84
-22 53 134 129 59 57 158 -6 87 85
132 48 111 117 140 51 21 148 99 20
159 130 -29 -7 -14 12 106 81 40 -4
-4 105 85 83 136 102 159 84 89 11
