21 41 3941
50 12 55 -20 21 120 127 33 -6 93 151 61 138 147 39 60 -25 69 32 21 112 130 -17 24 97 10 -30 151 138 3 121 -19 78 58 143 93 55 69 32 28 63
24 5 9 10 6 102 4 115 19 128 45 61 128 7 -34 147 95 69 124 -7 111 100 -15 84 106 -40 -2 -9 -19 -23 -16 144 -25 104 112 -21 30 127 79 134 47
-10 105 76 4 59 122 45 75 81 62 101 -36 133 93 12 -29 -11 -16 119 143 25 5 110 -14 151 57 -27 131 146 22 150 144 66 -22 -18 79 26 -22 151 119 126
63 39 58 27 105 63 -10 -20 -15 94 -19 -7 -5 47 153 -13 108 -16 52 78 -40 4 -9 46 55 68 113 157 152 81 -21 67 31 -18 121 151 12 11 83 125 116
140 21 25 83 60 -12 -5 113 -28 42 36 117 49 52 159 136 21 2 91 20 60 -2 40 -20 105 89 128 101 122 -6 -7 30 42 -40 120 124 101 59 96 25 -7
-11 -13 14 -12 79 144 70 128 -23 157 85 -34 -30 23 8 50 129 104 159 3 115 24 97 118 -34 71 -26 107 53 89 147 40 45 124 -6 36 -25 78 144 7 8
107 115 -8 141 -3 -13 56 19 84 159 13 61 1 -36 89 -25 125 10 92 43 79 56 -1 138 -2 1 -37 -34 -20 30 9 -35 84 38 147 144 -11 99 58 133 -2
-25 -38 1 45 23 -29 26 -13 143 90 125 42 142 -9 -5 50 -28 16 -38 8 73 86 57 24 -25 53 67 -3 -22 98 -16 30 143 105 88 19 43 -19 97 120 109
83 43 65 7 73 146 144 -31 -6 60 130 -1 117 28 16 45 152 -18 93 95 143 -13 59 21 50 95 60 39 133 66 45 5 -31 -4 141 99 59 61 -33 155 -21
44 -13 115 120 93 12 -40 -37 48 158 35 129 64 150 3 117 17 79 35 109 150 106 158 27 106 69 40 39 141 -33 79 98 -15 59 130 -26 70 115 -8 125 -22
80 -3 24 69 63 104 10 101 61 104 -13 101 70 56 -16 43 58 0 91 130 114 95 63 5 -31 -26 -8 77 -10 78 -8 -27 50 21 92 -5 77 5 81 -22 -35
93 81 6 130 148 154 -32 -13 -5 137 35 -35 10 2 14 78 150 84 139 125 114 131 -18 4 27 69 -30 32 112 34 137 57 130 101 27 101 -23 128 25 81 15
87 74 43 97 92 109 122 42 -5 152 95 90 94 80 88 48 84 -6 -7 -37 85 82 142 120 25 90 24 -17 82 46 68 -2 -9 125 -14 122 123 138 -21 11 101
75 36 128 81 58 147 91 -1 99 112 -10 34 141 102 78 60 60 -6 -34 40 150 83 159 128 45 -6 15 104 4 68 -40 -21 78 109 107 140 59 8 44 79 92
100 48 130 57 -7 100 -18 105 100 87 10 42 7 59 10 90 156 64 91 -35 11 42 99 127 130 36 103 116 133 76 117 46 126 -7 3 32 -26 58 31 97 21
-31 80 146 87 1 13 83 88 51 157 59 41 -17 70 31 138 153 50 13 -6 26 7 73 -18 105 134 48 -18 137 79 43 126 -35 154 6 84 1 49 58 157 26
20 151 133 25 -35 -34 -2 156 78 22 104 86 -25 53 83 129 84 -22 129 32 30 121 -25 -15 89 54 -3 155 -10 109 60 61 154 121 63 152 119 108 -34 -27 129
-1 15 121 11 -30 37 136 99 -18 62 -16 156 9 -17 72 83 74 131 -32 -20 141 116 58 109 105 57 26 3 8 152 91 -36 55 54 10 109 111 141 158 5 35
5 144 -7 60 159 127 57 -31 101 -9 59 58 134 147 119 22 105 89 19 84 127 126 128 87 54 9 156 102 83 156 -23 -29 128 8 141 -7 134 48 44 28 28
-15 -36 4 81 120 71 82 111 60 102 -10 -15 -10 11 80 158 87 40 -35 142 -15 -26 -28 -36 152 -31 98 -35 26 26 131 40 124 101 -14 46 95 93 11 84 36
52 119 111 156 87 -33 47 -13 80 -35 87 -3 70 143 -37 97 43 101 -5 -19 37 38 40 -6 71 -11 13 90 -32 90 8 -8 101 30 -24 23 -22 -25 144 69 134
