36 46 7610
126 152 148 -2 25 -28 107 6 19 12 131 16 70 17 26 10 30 105 85 108 34 134 3 -11 96 123 -24 18 94 61 21 15 -25 134 142 99 42 -16 60 135 97 136 60 -16 24 97
55 85 -11 11 148 154 104 66 35 31 50 44 -21 139 155 118 -33 5 134 -2 116 -20 -8 126 -18 117 113 31 115 149 -15 -11 88 -1 87 154 50 8 14 77 152 90 -22 108 16 150
42 103 -1 61 53 87 29 153 -7 -9 152 95 -14 2 40 -24 121 77 67 80 5 126 81 142 142 -34 51 30 -25 155 103 123 131 152 95 -23 -28 41 27 81 112 82 -12 -10 -11 -16
59 113 111 154 1 24 143 80 104 148 37 -27 -38 18 -38 113 9 18 135 50 -2 -17 155 61 -35 118 83 47 1 -14 90 -31 -20 95 3 91 34 62 60 31 135 -31 -10 154 -18 96
50 -25 12 114 142 93 148 15 120 105 83 102 19 47 103 107 144 149 28 148 158 40 39 67 -27 20 7 6 31 142 104 102 8 -4 113 109 48 -17 -15 11 150 -1 6 122 135 -16
38 145 63 141 137 110 8 130 54 -24 89 86 -2 75 32 112 22 -19 27 88 25 89 19 42 149 146 -21 95 100 26 -8 45 -18 -37 121 56 101 110 -8 32 121 130 73 125 5 80
-30 88 130 -19 156 -36 74 159 -30 29 112 -5 31 104 -10 142 21 155 111 26 43 70 118 132 55 66 -26 12 44 65 -28 -19 101 135 50 85 -29 127 142 143 147 153 10 39 28 34
44 -11 95 20 65 71 152 -16 110 -24 20 -39 119 69 83 27 60 -15 16 100 8 15 -33 9 51 120 142 -4 -21 30 39 85 79 -31 61 -9 84 -33 85 61 43 129 48 124 123 84
94 130 11 157 84 71 27 25 0 139 115 -12 21 -8 -13 120 99 26 -3 8 8 -36 8 125 -19 93 135 1 74 107 122 114 36 14 18 81 144 48 26 76 16 140 -11 97 -11 149
3 -36 61 144 80 147 96 12 142 88 126 32 153 118 139 143 147 -17 157 56 154 61 13 80 63 32 -20 92 113 -16 -7 17 25 92 40 127 126 50 28 86 -12 39 104 63 9 -7
-37 70 0 -13 -30 87 42 153 147 23 121 125 159 11 78 41 118 63 118 -2 138 24 17 132 -19 82 116 27 20 58 103 -6 1 -21 112 22 -29 -29 153 -35 41 11 120 58 31 2
54 44 95 60 115 115 83 10 48 99 -30 -23 92 108 -30 55 -21 8 149 131 11 55 -17 -3 9 -40 -33 94 44 137 -28 1 64 56 122 97 111 11 92 125 98 5 -12 154 86 138
105 88 -35 109 17 72 -39 159 87 52 113 155 102 127 109 136 15 102 108 63 -25 7 33 125 109 97 129 91 130 13 128 12 138 116 141 55 146 89 91 38 19 112 49 118 -2 14
132 -32 16 131 107 63 71 134 -21 67 -35 159 148 21 5 -5 52 92 36 27 -37 127 59 14 127 -28 74 89 153 137 14 -28 -9 49 86 7 59 49 34 -4 -28 147 117 63 51 42
-11 -13 121 112 56 6 143 157 114 -8 62 105 36 -16 41 155 -17 -8 103 -38 129 42 149 -3 159 -5 139 14 12 159 110 92 105 53 31 9 150 -36 137 65 79 110 88 -12 82 28
145 134 144 11 44 -3 75 149 41 34 119 10 106 20 -13 -7 -19 121 -22 106 110 23 21 6 18 154 131 105 62 6 -20 14 113 120 146 -21 95 -24 73 95 152 -22 25 130 96 85
106 4 72 42 -25 65 86 -39 133 66 40 153 150 151 -26 -17 17 60 9 82 45 122 62 28 134 112 8 -5 -2 122 -3 32 152 -40 103 79 41 130 151 105 144 74 45 39 159 42
146 79 10 153 145 76 -32 48 59 -15 56 129 91 -26 62 130 97 158 37 158 11 48 23 13 65 101 27 22 15 41 55 -22 32 54 30 98 81 5 83 3 125 78 95 97 159 59
152 114 84 -9 26 -11 82 116 -22 35 52 70 121 92 88 82 109 37 -14 108 38 137 98 135 104 85 99 -19 100 0 126 41 108 107 111 67 111 70 117 37 -31 -37 136 100 -17 134
14 129 66 45 159 8 90 133 18 -24 44 133 -9 -36 143 151 -18 -30 147 124 128 154 139 -17 69 17 101 45 37 -17 32 -12 -5 109 77 -31 103 27 25 150 51 129 98 -36 136 -28
151 53 -31 -20 157 22 88 60 119 2 0 49 54 2 -20 46 106 124 46 31 103 26 34 5 148 109 -13 114 64 41 6 117 45 74 110 -8 33 103 72 -8 43 -1 128 149 43 -31
147 155 5 72 -1 95 8 39 -33 -10 114 -39 100 3 78 -28 137 -17 32 143 45 46 80 17 62 -1 -34 36 84 12 -3 -5 59 76 50 127 -34 -19 135 80 152 125 107 18 44 91
-11 142 65 122 49 83 30 102 42 156 140 129 32 75 11 96 115 134 37 114 89 42 11 129 -3 61 36 -36 33 121 157 155 85 45 22 -11 120 78 33 39 69 22 -16 134 42 35
-25 103 6 92 128 44 121 32 46 26 49 111 -36 -7 154 36 158 -36 93 28 144 -23 124 -24 -26 26 156 33 108 70 156 101 151 26 149 -20 115 108 11 41 31 -15 -12 133 14 69
-10 -2 151 99 13 8 127 14 37 50 157 16 133 149 22 96 -11 48 99 145 1 127 80 120 7 141 142 -34 149 144 -37 120 22 92 152 3 23 83 -29 100 52 3 30 79 9 72
136 5 46 116 -37 124 58 68 38 98 83 -35 -29 153 77 103 -13 74 50 -24 -39 99 104 -4 -28 34 -7 100 -39 143 95 -12 -7 -3 94 137 31 82 23 19 100 128 42 8 126 50
-13 18 31 66 65 -39 -6 130 115 67 59 90 35 -37 -1 154 48 24 33 8 118 40 47 124 73 -27 12 130 138 126 64 -24 9 137 -3 97 19 -8 115 65 86 97 126 74 115 50
6 142 -5 53 96 6 -2 16 -37 74 159 1 85 34 84 104 23 109 36 157 94 7 -14 3 4 152 121 29 135 99 56 41 31 28 73 26 -10 -34 69 50 19 44 106 119 63 -34
151 53 156 143 110 117 -5 -28 27 29 125 63 133 151 76 109 75 78 3 148 57 71 51 34 123 85 -33 130 81 87 18 96 35 -19 136 159 79 1 -29 72 -31 -5 23 -10 74 96
143 -8 148 99 65 30 100 28 151 88 145 97 80 84 157 114 63 54 122 25 114 60 62 74 -11 154 -14 23 88 108 39 111 159 -37 2 40 -24 50 58 18 90 113 111 22 4 9
45 15 132 49 18 112 89 0 20 6 -13 4 -18 96 33 114 93 116 11 151 94 91 82 39 -38 136 140 29 148 -11 45 -38 -30 87 34 120 59 2 15 153 25 88 132 44 86 158
83 -39 147 48 157 12 135 110 38 15 53 -10 -34 91 49 125 81 87 124 0 73 149 70 48 123 80 148 -19 24 -37 114 82 76 14 146 -15 84 -22 62 80 19 48 42 101 134 60
126 -18 114 112 10 76 -14 46 -38 97 61 61 109 127 62 25 41 3 70 68 49 18 144 81 66 146 147 131 50 132 78 33 113 41 22 156 -27 11 75 -36 145 93 124 64 -3 13
144 93 132 81 104 130 17 48 89 57 100 83 61 103 36 91 60 8 -27 13 71 53 92 11 -26 159 -24 -28 -6 9 12 72 101 -31 10 140 129 95 122 125 71 -23 -29 123 81 -34
105 3 10 153 24 2 4 -7 96 62 -15 119 113 -33 -34 103 89 111 30 155 -12 101 19 -20 75 104 138 18 144 98 143 -2 97 -5 -10 142 75 40 -19 -15 112 -36 6 -28 -36 5
-15 4 109 154 89 92 -31 76 -11 121 93 90 106 92 43 33 -1 40 -5 147 130 149 -11 120 81 157 149 123 4 -19 65 -25 73 94 159 97 -25 124 18 71 143 6 103 97 -9 15
