31 13 2075
81 125 -19 5 -30 55 101 -18 -28 111 -25 15 153
98 39 42 -32 14 -18 67 5 98 104 50 99 114
-36 -17 -15 38 84 141 90 93 -17 154 90 6 147
5 -35 -24 110 49 98 123 95 57 -31 -10 -16 68
97 34 80 132 53 15 94 121 16 -34 144 35 142
79 101 -8 44 139 39 43 27 -4 85 78 97 -12
79 137 97 51 116 155 20 61 153 -8 96 140 35
67 144 34 79 150 36 1 111 89 50 134 32 151
149 147 50 -1 53 13 23 41 63 -35 136 39 55
99 28 158 43 -1 75 -19 153 -14 82 -2 -12 141
159 138 51 -17 103 -6 3 109 62 67 62 101 47
106 51 -3 -27 -40 -24 50 122 95 86 -30 37 142
20 149 65 34 23 82 155 126 120 -2 148 -29 5
27 -15 27 149 102 23 107 62 -23 59 -17 -14 -37
8 11 130 -4 18 127 16 -35 91 122 -21 135 116
91 55 4 151 -37 148 75 10 79 32 151 143 93
135 2 129 60 114 38 145 17 93 53 50 63 110
-7 82 31 -29 150 98 1 18 7 112 18 39 62
43 150 -38 128 -18 55 95 -32 121 102 154 59 148
138 2 117 101 7 29 105 140 73 124 70 21 145
33 64 22 63 62 29 114 89 112 34 109 90 4
4 9 78 25 123 112 133 30 91 107 71 29 158
58 63 112 39 13 3 82 48 123 -6 10 -18 0
71 52 11 140 37 -24 36 138 -20 -25 108 158 139
-5 17 43 22 62 22 -20 130 -18 33 1 46 48
77 77 52 58 27 109 25 149 92 -21 41 -37 90
-12 -9 149 112 -10 132 24 -33 55 -12 41 50 -30
137 31 -4 19 3 0 -7 -3 53 -10 34 153 142
-37 21 50 22 67 157 111 -17 50 77 0 63 126
43 21 19 5 146 11 125 -39 0 -31 57 43 10
18 -19 135 141 147 31 47 159 64 139 98 60 90
