30 42 5607
60 -28 -6 37 135 -23 50 7 150 100 65 44 3 -26 124 60 58 42 35 130 83 58 11 24 37 -17 20 124 77 27 130 79 15 57 87 25 60 48 129 -27 158 4
119 10 16 -35 -30 -12 73 -20 42 -8 26 147 -9 24 61 140 145 62 33 13 154 -13 148 114 -38 26 128 107 131 97 -7 72 22 80 61 115 45 46 77 101 123 8
92 27 113 106 -27 154 67 35 26 89 42 68 -38 54 131 66 58 115 104 4 -16 138 61 -9 100 63 85 88 119 149 30 9 72 148 123 -40 101 74 65 4 71 135
44 66 18 157 154 119 83 -25 56 -18 18 33 36 156 66 65 155 147 103 101 99 148 -1 37 132 112 156 42 131 145 89 144 7 28 99 159 -25 82 2 72 67 -9
8 14 131 50 -31 18 85 87 28 124 115 65 49 -33 115 156 83 101 9 -6 144 -14 146 -29 -18 29 18 -29 -40 -36 145 63 122 -32 82 0 -39 97 -28 107 79 51
108 120 -35 -15 50 90 41 48 155 -2 -29 144 7 15 131 62 60 121 77 125 99 61 -17 -25 -31 13 -38 -9 145 49 -33 104 95 24 -28 -13 144 115 55 45 9 -2
115 -25 101 16 -31 -21 -13 22 8 139 103 91 111 11 56 58 139 98 66 151 61 -27 141 11 29 46 37 102 101 115 -5 18 159 121 140 134 144 98 73 16 153 133
31 -9 12 13 159 -17 60 -4 -40 126 152 106 124 63 41 112 -31 93 82 42 49 2 64 29 100 96 25 -35 -28 32 -14 115 -15 -30 116 148 6 28 -26 -27 156 86
25 45 141 -11 16 148 76 -2 158 75 59 -18 93 28 -11 103 76 -12 21 150 -16 101 7 107 79 41 142 49 65 -37 109 150 151 128 105 77 105 127 30 98 146 85
-38 142 55 -12 15 156 80 101 -27 106 38 -13 63 84 46 146 125 157 28 -24 -22 104 -36 123 39 -25 132 3 -33 -23 86 -23 140 17 29 96 18 60 -18 34 -5 -12
74 118 59 -13 152 81 100 49 96 3 53 106 -19 -12 54 -22 -38 103 56 -13 -23 45 -37 32 136 45 71 26 14 114 102 3 60 110 26 -31 94 158 60 142 76 45
53 13 84 -19 8 71 35 3 63 -17 76 83 45 -37 72 77 44 29 -33 126 64 144 141 25 132 -10 120 47 75 105 153 -19 2 25 9 118 108 126 30 56 53 63
127 43 20 74 4 -25 74 84 121 85 -40 27 132 9 -23 -22 -27 118 139 29 46 35 84 6 147 77 42 31 100 61 -5 -15 33 107 -34 148 77 3 98 144 117 -1
54 20 91 13 25 -3 150 131 -13 57 20 144 51 59 51 100 50 66 -27 58 -17 150 122 85 -19 155 106 138 114 -39 83 -27 58 106 47 38 -28 78 42 44 74 116
-21 18 87 90 -39 -14 52 126 -16 104 115 62 -21 48 144 -19 116 -5 28 159 -30 -27 68 95 75 122 114 62 -6 75 -30 23 34 52 144 41 108 0 -16 61 141 62
53 56 -20 61 15 139 138 -26 -33 33 59 26 28 145 84 124 147 -11 78 71 -38 82 2 147 102 57 148 132 -2 -27 93 108 -9 110 156 19 -31 -11 77 84 66 81
149 -15 98 -31 29 41 -1 67 -11 73 114 45 10 153 9 154 -38 -32 94 87 32 67 56 102 132 10 -32 -21 -19 43 87 133 65 4 118 135 4 51 94 112 143 -16
146 23 91 61 113 115 86 156 88 11 21 -30 40 113 -13 51 51 12 -31 86 29 94 23 90 81 27 9 -23 25 -29 85 68 122 10 84 -25 159 30 15 71 -19 40
-3 129 -33 95 26 52 42 9 66 154 84 4 30 19 -7 116 53 51 -18 -35 47 117 58 -12 6 80 57 89 134 49 19 24 39 32 29 -32 -23 23 -18 -22 143 137
-20 38 14 24 7 -37 -16 -14 23 151 52 52 114 -10 9 135 -15 53 51 122 131 97 100 48 114 123 127 -4 21 79 73 66 45 110 64 0 132 113 25 5 66 86
117 56 106 40 156 44 53 154 -35 19 -2 116 139 56 142 89 116 2 0 96 39 54 103 66 92 139 150 -5 41 76 137 133 -23 138 -37 41 -17 -8 135 -8 100 91
146 121 157 113 -31 -5 81 97 103 93 66 156 146 -5 33 -6 -33 -36 -33 112 -14 91 129 -32 91 91 67 106 38 102 105 90 121 7 130 -14 147 -26 46 65 99 125
81 4 62 17 80 76 -2 91 148 104 -1 95 61 148 51 100 -8 -6 1 125 116 -7 146 88 -31 123 60 -35 90 91 -30 65 157 78 76 156 49 -7 -22 63 71 20
95 50 -20 6 20 5 150 105 130 -27 -4 70 28 66 67 116 61 39 54 14 86 73 6 3 74 75 147 50 157 129 -7 108 90 -36 22 -4 20 -10 -29 69 128 -10
98 92 -39 62 151 -34 -36 139 33 -30 125 -3 -21 -22 9 72 6 78 -2 49 50 -7 32 149 13 104 125 63 130 129 99 128 -3 -16 16 148 126 56 18 146 -20 -8
-15 36 69 51 2 81 147 69 149 143 81 147 137 84 -2 74 22 15 137 66 -21 3 62 -28 81 52 -33 -22 104 108 -25 39 81 8 11 47 35 39 18 143 106 147
-33 48 85 155 20 80 150 127 16 114 32 6 116 39 60 53 -37 69 68 145 49 31 140 87 110 101 62 153 154 117 -19 116 -37 26 -12 48 -28 124 95 32 -7 80
-38 -38 8 66 73 121 -30 144 24 145 131 152 -28 98 149 61 129 -31 148 134 134 27 -2 16 158 -12 113 69 24 80 -31 85 65 -33 -22 60 88 38 -13 -37 115 99
100 -21 40 153 17 152 86 -3 119 99 141 112 143 2 139 -33 49 140 25 143 154 23 -27 85 121 157 121 45 55 -33 116 104 -35 -16 16 52 10 45 -20 -9 76 146
-6 51 7 -23 107 49 52 56 -6 -17 132 8 -17 51 126 21 141 101 21 3 5 56 -11 133 60 10 63 -12 91 101 83 102 70 148 -27 148 39 33 -20 97 115 -26
