13 14 1115
-2 -28 144 119 61 134 93 19 74 9 155 82 101 -24
137 12 125 51 98 70 127 15 147 -16 -18 -1 1 8
-36 -6 128 1 32 28 134 136 97 -7 1 105 -22 -25
134 12 6 116 84 126 141 104 0 94 56 36 -13 -35
-22 51 1 25 151 31 19 60 -23 -24 103 -16 24 65
117 62 26 35 6 -8 149 6 105 -37 112 61 86 113
144 9 110 -35 106 -15 130 96 155 153 83 92 16 56
-30 136 52 110 50 155 12 110 75 -4 121 120 144 89
94 10 42 -34 96 144 150 -23 142 26 76 148 -15 61
-30 10 142 -19 153 -2 114 153 55 40 -2 127 -20 105
43 25 56 -7 150 -8 149 -1 143 -23 89 113 39 -27
-40 12 105 21 111 78 123 -27 67 114 36 -23 -29 -11
24 126 91 102 58 82 115 147 17 118 24 122 70 106
