35 30 5210
125 106 100 57 2 24 154 144 30 75 -40 -34 66 62 56 -7 -29 27 -25 5 135 114 8 79 39 148 81 152 157 157
69 12 31 18 82 19 157 159 59 80 80 -4 144 72 75 113 45 101 159 127 -32 4 129 41 39 68 -33 19 66 9
35 -14 84 -33 134 44 88 106 105 41 74 109 128 98 67 153 64 65 57 -23 115 1 103 93 57 39 96 115 -7 114
90 12 64 39 48 30 114 32 136 61 -25 46 -9 40 135 20 74 98 17 150 -2 141 7 2 -22 30 -9 21 -21 141
150 -7 32 123 62 62 88 81 58 7 105 -34 -18 46 154 137 4 43 107 0 45 24 83 97 13 128 90 15 26 18
72 16 78 -39 102 36 66 62 44 -17 30 72 10 35 71 10 155 48 80 61 143 158 52 8 144 5 147 22 103 18
19 31 -24 132 -8 1 43 48 -25 136 76 58 -1 43 -35 157 106 129 35 77 147 -20 -10 2 95 149 133 40 33 137
146 141 145 82 105 139 45 73 95 95 43 146 56 8 45 112 81 20 142 -4 48 79 -4 152 25 38 158 56 146 -29
136 107 81 -38 5 62 124 99 132 17 130 80 14 119 40 58 151 120 70 151 27 -7 35 96 59 135 150 136 16 32
63 46 127 75 102 55 126 16 146 -3 158 -14 124 45 25 68 100 120 -26 114 -28 112 98 66 85 -10 9 139 39 73
-2 77 -19 105 151 129 -1 68 125 122 33 41 130 107 13 68 68 75 -11 26 49 23 131 101 19 -9 132 74 126 148
130 128 159 15 10 4 96 38 -34 -13 73 83 131 87 33 21 133 94 62 147 -23 23 113 86 155 55 -27 -34 130 19
65 56 -7 -17 12 39 79 86 153 145 25 131 4 67 31 47 59 79 156 75 112 52 113 17 150 119 117 46 -31 25
46 -21 19 73 -5 -12 61 28 29 16 91 138 34 155 3 34 76 -16 71 145 82 131 17 55 134 -2 143 18 55 82
143 -9 63 -8 60 150 40 -32 65 62 18 -22 117 121 80 -12 16 73 92 52 142 27 80 118 34 147 54 143 124 24
74 106 150 -15 15 123 27 152 -9 -21 40 78 88 108 80 39 51 126 147 -32 86 -15 119 78 -20 -5 74 16 107 116
94 120 111 -32 38 54 149 84 136 54 50 149 132 -21 61 62 4 83 99 -31 -13 -3 146 -24 -13 129 -17 59 74 -25
4 -4 29 138 36 18 112 6 97 75 148 -24 48 142 34 93 75 16 16 22 -24 84 89 2 144 32 9 156 -14 142
-38 135 -24 25 112 119 115 -23 4 114 3 -16 159 -18 81 93 -27 77 153 33 20 135 34 145 61 -18 -32 155 -14 80
51 148 89 32 137 153 -32 14 82 36 97 -24 -37 50 72 49 13 139 59 82 62 -38 129 14 89 94 -2 34 -14 23
94 132 108 13 63 67 78 93 -3 55 139 21 104 19 121 67 136 32 5 152 132 -12 156 -29 95 -5 -11 76 92 116
118 109 -20 56 84 80 86 -34 143 5 134 51 148 98 24 64 37 113 102 -36 -17 12 -15 -29 2 84 109 95 150 106
88 15 -36 101 69 141 139 62 43 52 92 72 59 121 7 -35 50 129 119 -12 99 -12 140 31 138 0 16 108 4 105
85 -30 58 -24 140 -25 24 -14 32 39 153 42 -35 96 93 65 147 92 -2 125 24 78 159 -8 68 56 -2 138 -2 5
19 129 104 122 129 9 78 27 118 103 21 -37 150 146 -14 -37 -36 60 128 -17 107 156 126 -10 25 112 -40 -23 133 146
28 157 139 -16 88 20 118 -15 27 72 94 12 129 122 130 -29 -5 50 71 24 110 120 105 127 114 147 -23 125 102 48
33 -25 139 -3 148 29 46 -10 -31 0 81 79 41 -14 -20 -29 14 53 144 117 159 96 -11 110 17 -35 125 94 9 54
152 30 79 -23 73 13 77 137 120 65 113 151 122 136 14 32 94 -24 10 153 105 12 107 81 21 104 19 126 45 -1
78 67 28 114 10 -8 159 -20 95 58 152 76 142 -11 76 19 118 143 159 95 117 30 31 102 140 37 -34 55 46 -37
12 78 -5 45 -12 38 120 61 109 124 145 -14 117 97 1 98 153 56 -7 53 128 33 95 69 56 141 121 99 144 83
59 91 9 2 -34 10 47 0 129 -17 148 27 43 -40 118 -34 98 23 80 126 118 45 -17 -11 58 116 30 135 156 43
148 -21 106 150 35 29 79 101 157 105 14 118 18 154 151 101 -3 60 -8 35 96 -2 118 140 45 -27 44 13 87 45
-14 30 96 41 130 109 108 37 159 -5 133 97 111 91 -23 -7 131 136 89 91 4 102 27 -40 88 76 -6 159 117 0
141 -17 101 91 109 99 59 135 59 123 5 86 -39 -16 43 149 95 -16 55 105 130 43 77 152 112 84 133 100 15 28
30 3 -10 116 125 74 140 18 118 84 -32 71 27 77 88 150 59 140 30 150 -28 -40 24 35 44 42 71 66 28 4
