22 37 3966
95 -25 142 -14 113 34 112 -27 47 -9 108 48 39 53 157 59 128 74 154 150 -37 94 101 100 148 -2 147 131 94 42 78 51 69 33 26 -28 48
44 86 -19 134 8 12 42 135 127 58 6 55 65 9 -23 -25 127 149 140 133 121 150 -21 69 32 -25 -15 71 -34 14 155 67 -3 43 117 123 62
156 50 -24 59 128 59 87 127 99 5 44 -36 121 87 24 20 150 -28 0 140 -34 111 110 38 8 -20 60 -1 0 95 102 -31 85 103 55 17 16
-6 23 51 95 39 67 28 25 -24 53 33 139 -9 78 78 146 138 73 10 -15 -14 138 33 61 64 143 145 143 89 -2 153 27 28 7 103 7 17
-29 33 157 109 -3 55 -20 67 128 7 60 21 -7 -24 153 67 110 35 -22 51 95 38 146 89 124 67 46 -15 -40 74 145 91 12 -30 -35 134 7
117 10 -7 28 133 76 86 149 -7 -40 7 111 53 94 21 -19 129 46 39 81 112 -12 128 49 123 126 44 7 47 16 4 115 149 61 152 28 113
9 101 93 -11 21 152 5 87 139 17 41 96 -38 34 110 150 44 -6 18 108 -34 13 34 152 -33 79 34 46 77 49 32 123 37 107 -39 21 89
-37 152 -15 159 149 124 148 55 27 82 30 133 62 123 52 121 126 -32 94 59 94 114 136 130 148 6 116 14 120 66 111 -12 34 73 43 123 9
157 -34 149 57 30 49 120 53 133 -21 14 70 6 159 -15 58 126 11 35 104 16 98 53 -37 95 149 110 45 15 141 151 -10 44 124 12 93 -24
117 -3 -9 159 9 6 85 -18 116 60 18 11 63 74 94 118 55 154 133 16 22 -17 36 123 8 50 -36 2 96 108 23 146 132 4 -21 26 30
-39 109 -17 53 19 -1 27 84 -35 53 94 89 101 -35 46 81 39 134 67 -14 150 138 94 57 76 30 -13 101 69 121 132 -5 47 -37 97 139 -19
33 -27 130 -4 110 -38 18 -3 140 71 48 -19 91 81 100 -39 65 -8 46 22 83 44 151 71 34 96 54 32 130 5 -12 19 87 129 90 -7 145
130 -23 68 9 30 74 146 52 61 95 52 -32 113 1 88 45 156 156 116 142 139 -8 124 47 146 -30 61 73 -16 18 51 101 -4 46 -8 -35 -32
7 110 153 125 -7 143 80 88 -7 123 37 123 75 -14 140 -1 26 130 45 -8 -37 -13 81 73 35 1 106 130 24 130 40 79 62 17 49 -5 100
106 72 -11 126 6 66 74 12 58 -3 155 -30 67 -22 40 33 -3 132 44 94 44 153 123 -7 2 9 98 57 146 157 15 39 68 -39 136 0 27
101 32 55 91 24 135 138 47 22 -15 59 74 -3 -14 145 84 18 128 48 143 153 42 71 51 148 -9 145 -25 -37 26 -17 40 -35 149 76 -1 -26
108 144 126 146 -21 136 27 113 -30 38 -39 -28 96 133 -21 159 102 49 18 87 125 140 25 109 34 43 71 75 -31 27 148 39 25 -34 56 -26 38
10 48 131 108 124 -14 8 67 144 116 92 -18 37 104 61 48 159 3 32 113 44 13 71 37 76 91 50 110 82 -36 57 107 40 81 73 129 50
73 45 49 90 19 119 34 44 69 47 -15 -14 116 75 62 51 101 112 120 -25 36 16 3 102 11 100 26 66 158 131 0 130 -28 124 43 -39 104
-15 83 -18 8 149 87 21 -10 87 121 94 134 55 83 156 39 48 153 -31 29 134 25 16 -34 114 105 11 68 45 8 -34 107 41 136 124 91 -10
2 80 -33 27 146 134 151 43 116 67 116 3 24 123 -14 48 2 -6 74 62 37 5 153 95 0 -39 115 112 9 44 84 155 138 27 49 24 -30
68 -38 45 141 109 -38 8 118 -28 154 18 12 56 75 94 66 120 50 122 -28 19 73 30 31 15 -4 51 136 142 50 150 136 54 141 52 6 24
