38 37 6303
158 117 1 110 12 109 -40 51 -29 -26 113 -30 102 113 -12 124 -25 -27 109 84 2 114 -23 100 72 144 9 -12 23 123 157 47 -40 146 3 -2 -22
80 72 57 -35 106 149 130 97 -5 150 157 152 77 63 -10 25 112 79 57 14 88 34 143 121 73 114 -16 58 110 150 108 116 84 61 78 65 128
100 147 115 88 15 95 45 -40 -11 114 -39 35 -25 97 91 21 -30 7 141 15 34 -2 148 -29 81 -24 75 72 57 91 103 -32 134 29 12 -24 24
19 46 111 47 32 105 123 136 61 -27 49 -8 148 -28 99 150 17 78 -25 77 19 32 5 9 31 128 41 131 -34 12 146 104 0 91 138 39 33
19 152 58 147 -19 -38 -20 76 7 -18 85 -38 80 59 -6 -36 129 43 128 98 34 116 -23 -40 139 -8 8 7 4 -31 106 116 30 1 -1 53 156
73 -9 81 132 56 88 48 99 -25 159 115 144 18 44 85 135 49 131 154 145 104 80 135 121 84 131 26 -5 119 100 3 16 14 57 99 69 17
62 83 -3 98 76 57 51 -38 149 47 157 80 127 109 86 83 151 8 -5 51 104 18 72 58 132 115 131 -31 113 8 105 64 72 76 15 158 122
117 156 -22 124 64 78 105 -27 55 114 -7 14 -22 -40 -11 121 92 118 106 20 103 83 -23 72 66 -9 -1 69 90 50 97 81 135 34 76 41 17
25 3 119 10 -19 138 116 94 34 107 55 -40 21 23 15 -26 10 128 86 -23 145 92 30 54 -28 52 144 96 21 62 59 -23 69 112 50 -2 104
126 130 -37 15 -3 82 47 37 -31 123 33 -9 132 146 51 118 152 123 22 143 -25 8 95 157 -15 67 144 4 -18 33 154 33 -36 119 89 153 107
121 88 119 -25 -24 -25 26 22 52 18 158 91 139 148 33 106 49 140 41 60 40 47 101 21 1 158 49 133 68 -31 110 68 101 27 -15 10 64
96 27 14 45 45 81 -12 95 -25 -36 4 10 15 -21 41 -21 108 16 -9 101 138 33 49 57 98 136 34 85 25 -11 10 96 149 58 43 109 -19
-1 -3 94 144 -25 -18 147 153 2 -18 76 82 85 139 51 31 31 64 53 60 22 43 50 49 -23 151 -22 -20 63 135 27 152 -8 68 1 158 18
73 53 -39 47 76 -22 78 28 96 107 83 157 33 112 -25 16 88 75 -21 103 8 70 104 -30 64 0 97 -28 -6 104 -23 28 -5 64 -8 -24 51
157 106 13 -17 38 -7 122 150 -12 84 141 49 -15 144 46 95 156 22 123 95 27 -3 115 135 114 130 23 20 123 76 54 107 78 69 24 72 84
94 -34 141 150 -6 -25 22 140 79 86 130 10 104 -22 76 21 -18 -34 -14 63 -1 -30 -26 111 -8 145 44 61 95 62 123 124 -28 0 71 97 138
141 94 11 0 70 98 67 109 111 110 -34 155 131 -19 48 35 85 -33 -12 25 146 133 49 145 141 15 47 154 66 76 51 11 47 2 142 131 112
55 -19 61 147 87 85 100 51 -10 117 11 64 32 81 -23 15 -17 11 138 158 46 148 81 -29 60 -12 69 -18 138 119 113 19 128 1 -23 20 13
10 146 -33 86 109 33 124 -15 30 55 82 106 106 91 130 70 28 -32 19 30 13 64 16 14 -37 -39 103 79 94 104 -12 153 151 100 117 77 25
132 -9 66 148 115 105 14 -17 -22 47 56 -33 111 82 -36 150 141 70 158 77 4 -28 74 124 114 153 19 17 146 39 75 16 100 42 99 -13 126
142 91 50 73 -9 -36 44 118 64 108 118 43 112 58 67 113 34 82 45 144 101 115 99 13 36 63 -37 -6 142 91 106 30 15 24 -30 40 120
138 -13 142 70 47 -10 2 63 113 77 72 130 -25 31 89 -34 -39 154 44 75 27 -30 -3 129 44 42 86 118 71 64 5 12 41 93 110 98 132
-3 19 121 116 -36 9 130 -7 114 109 -34 -36 89 55 126 85 28 85 -36 4 66 59 2 158 11 -6 122 -6 2 -33 149 157 -4 149 104 11 24
133 139 15 87 157 100 85 110 46 156 -34 121 99 88 75 -5 31 123 14 148 -10 26 -35 25 63 -8 144 98 48 42 94 56 27 62 91 30 80
48 -28 1 90 -3 62 -5 38 -12 115 52 57 33 38 34 -30 -21 146 51 64 89 158 8 -3 17 12 5 155 33 35 -18 54 42 -7 20 10 145
4 143 -34 71 67 -34 42 52 -32 54 141 119 113 40 -22 73 31 54 3 124 39 54 158 54 104 71 -17 -6 99 -36 135 0 -6 -8 -28 91 58
41 129 28 42 79 39 133 129 158 27 41 99 51 74 42 93 60 155 59 153 -13 100 0 132 -29 -24 122 102 51 143 151 105 -12 46 113 102 46
24 93 12 -16 141 120 34 111 107 133 119 22 -22 114 112 103 -36 36 50 121 53 7 -31 -5 55 35 112 -40 -39 123 -6 107 25 48 64 -36 0
37 11 -37 -3 -28 45 45 68 18 75 22 32 62 134 -34 -34 -17 3 150 21 47 31 148 91 -30 30 109 25 132 -26 59 90 154 -24 135 64 119
87 41 80 98 43 70 87 86 -16 0 92 75 19 100 39 67 5 -15 27 71 100 157 105 130 86 28 77 30 -25 3 60 -18 12 65 110 -12 120
127 105 100 -16 26 22 9 67 23 -24 95 -36 78 73 -32 154 -22 7 106 95 112 8 121 128 -27 130 49 109 141 71 15 -22 66 94 -23 141 82
52 74 33 84 157 147 154 108 46 -26 154 -11 101 141 83 22 4 19 -11 8 113 128 18 7 81 139 -39 87 87 -29 112 153 -1 95 38 -27 104
119 -24 -38 73 66 58 133 -13 65 -16 111 32 12 149 26 -22 139 3 36 143 120 12 141 115 156 10 94 -18 158 10 106 96 155 86 106 58 -14
130 11 23 24 55 138 140 -12 -33 36 19 -13 -24 79 -34 150 117 109 34 114 1 2 137 121 77 155 45 119 123 105 18 -24 -28 111 131 112 104
104 48 35 76 5 31 22 105 -10 40 53 58 -10 29 119 133 -20 145 135 38 79 56 -12 49 137 16 43 87 16 127 139 58 17 29 105 108 125
27 -19 141 1 -36 53 92 145 147 153 48 141 61 151 127 -34 128 152 110 122 156 58 82 94 89 31 -33 124 26 150 -1 78 25 81 29 49 18
39 42 -11 -36 50 -32 36 157 123 150 -39 -11 -11 107 147 -9 63 -34 10 155 30 29 82 -1 155 124 134 0 120 25 46 27 65 -26 99 48 25
38 58 -22 66 148 64 96 121 -40 -19 -16 -7 19 116 92 159 -35 154 85 134 93 157 152 116 145 111 -10 84 14 139 32 78 154 7 83 -4 32
