20 43 4066
123 -38 29 159 140 149 69 -30 94 126 122 118 82 38 111 19 97 121 78 3 97 20 -30 157 66 7 -11 123 43 64 59 145 99 152 -34 87 76 18 -13 -23 154 -31 38
61 109 105 26 -19 115 -39 99 125 147 159 79 79 -19 84 138 -11 93 114 153 47 81 155 -22 142 89 -12 90 0 -1 -6 127 -11 39 35 -17 137 48 137 48 -5 76 98
41 60 45 132 -40 85 144 135 30 75 110 138 -23 140 56 -29 33 30 76 122 157 53 102 21 38 14 72 9 35 -5 28 63 -1 54 57 141 8 112 77 -17 17 132 34
118 43 64 20 -24 -17 148 137 47 96 47 90 14 95 94 138 146 78 141 -28 110 16 99 26 113 65 145 27 75 58 44 76 86 24 67 11 -30 -2 155 111 -20 144 25
52 159 106 7 38 99 119 27 100 85 38 -12 -33 63 114 127 155 18 17 17 29 82 64 141 -19 49 77 33 134 6 -35 84 28 63 7 74 -27 60 104 107 59 102 56
33 1 16 69 73 12 53 135 116 132 -14 107 46 43 37 -28 54 13 -9 159 56 113 30 -18 135 15 102 -24 79 26 96 14 34 24 11 145 64 7 -21 -30 -11 -6 95
130 46 -35 -9 83 -20 133 142 54 108 59 124 63 150 -21 39 111 -27 128 -28 -32 6 107 -40 54 156 3 124 -5 107 -1 80 -29 4 106 54 58 -15 149 115 115 146 148
-30 34 62 18 2 148 158 54 120 158 22 58 -8 107 37 -7 112 -30 -8 106 157 -25 -6 114 -29 97 38 94 -25 100 112 -23 55 -8 73 27 28 97 137 83 -33 8 74
31 -22 50 67 89 -8 32 18 147 55 47 118 -33 45 144 -13 104 1 139 15 77 27 15 133 111 103 29 120 -15 94 54 106 -17 -34 58 -27 -38 11 35 114 27 149 25
121 158 108 64 104 26 145 22 103 158 63 1 147 46 154 48 81 149 151 153 150 149 52 75 125 141 41 149 96 -38 87 47 146 -22 152 -33 13 45 144 -25 159 -36 34
92 107 79 -10 59 69 97 9 103 22 31 109 -26 121 9 155 60 -36 72 102 -16 -21 73 2 14 25 56 -27 -11 73 -8 -28 50 157 138 -39 -36 68 133 4 25 25 13
152 -7 34 111 112 -30 -26 115 65 35 34 43 137 14 70 124 56 119 131 -38 -26 18 96 120 -34 132 -2 56 1 120 -16 80 46 141 71 46 72 94 -35 30 64 138 104
-15 5 125 98 -8 -38 87 62 121 159 51 -27 97 -22 -37 114 123 159 2 75 96 61 -14 114 39 156 0 66 159 -4 124 109 115 143 -11 77 141 -31 -20 130 70 79 159
28 116 -17 90 -22 77 62 137 -6 28 -17 1 41 138 42 -33 157 150 36 -7 81 40 118 60 1 -6 -32 86 -1 136 47 -3 117 130 -20 111 84 159 95 140 92 21 12
120 37 46 77 61 6 28 136 -23 116 -39 -6 44 77 48 28 21 -27 104 133 69 16 66 -23 92 65 -7 97 138 -29 90 50 145 158 28 -6 -39 133 -7 96 -28 13 -35
60 -36 0 7 95 105 155 -18 108 63 156 61 63 127 57 98 76 13 53 60 155 10 92 35 27 -5 9 -20 125 74 77 133 3 19 -13 14 96 18 58 33 1 83 -13
155 69 146 131 83 129 124 115 -6 55 13 134 -20 71 139 -37 70 78 11 84 136 -1 131 -26 22 32 112 90 81 70 145 11 131 -29 43 65 147 -18 15 117 133 124 121
14 62 47 90 107 -18 -12 111 74 135 -40 67 49 22 85 67 3 39 66 -15 53 14 25 -20 -31 -21 94 110 11 -11 20 61 98 106 137 118 41 109 -3 -33 63 82 119
75 19 15 49 -36 12 43 5 52 153 131 64 -20 124 -6 46 -15 60 81 38 67 91 95 119 16 149 155 -37 -31 66 152 43 91 -18 8 60 113 -25 -12 128 144 6 123
0 35 82 129 16 96 57 137 123 98 97 70 -31 24 38 -9 118 143 68 146 157 59 -16 114 68 60 146 27 138 110 -2 101 55 -31 -37 47 -21 115 42 159 130 82 27
