14 20 1529
61 159 3 78 88 69 15 77 124 128 45 78 115 -20 -37 53 113 75 -19 2
6 -25 141 138 45 126 76 12 157 124 76 94 13 71 81 40 -11 95 -40 65
98 29 -35 34 -37 54 83 40 50 -9 48 38 69 91 55 106 150 59 66 86
95 54 -9 -38 154 -7 130 16 40 120 92 48 152 69 11 150 82 128 90 144
28 153 122 -28 14 -22 -16 146 113 120 1 29 93 11 148 72 107 -20 15 134
16 15 21 123 -12 -39 70 129 89 148 -25 46 -8 128 67 -28 88 44 -38 88
-24 -19 146 -32 127 -34 -21 54 34 41 95 106 142 125 34 16 47 -23 118 -11
152 31 138 -40 116 36 140 158 -4 72 -3 158 -23 9 -4 111 93 53 157 -26
-3 111 27 92 66 -31 131 56 73 76 68 65 127 3 -36 103 152 127 28 130
-38 118 111 51 -34 93 71 50 39 120 105 95 -2 15 26 -35 52 44 57 35
145 10 151 -27 53 64 44 -13 118 134 76 105 26 48 138 159 53 48 123 129
132 120 87 81 3 137 4 51 20 14 99 -22 113 156 135 113 -36 54 83 125
100 -13 -37 81 51 -37 -11 137 159 -21 129 36 29 -19 80 60 20 -20 33 55
9 -10 26 43 63 146 44 -35 2 -12 95 -5 92 38 121 -29 55 -22 121 -21
