28 34 4502
22 141 128 39 -16 25 -13 -3 90 151 109 -5 136 16 100 50 -4 20 37 -13 17 67 -4 108 121 68 122 8 -39 52 48 -27 -22 9
67 12 -28 135 -8 93 79 -21 58 26 10 78 74 116 -25 4 23 11 46 101 -18 -38 50 116 19 137 41 54 17 32 31 77 54 64
157 6 123 -4 30 96 -14 112 35 63 48 9 15 103 110 -3 157 92 3 44 145 121 -12 95 116 64 70 40 -36 114 82 138 107 63
59 -13 95 136 53 135 122 -6 46 -26 59 -26 81 25 -35 16 16 65 -2 60 154 -15 -38 -32 94 93 113 102 119 155 86 -32 40 40
42 17 90 158 -15 97 51 125 3 97 57 88 117 120 -24 129 121 29 24 -40 27 94 66 152 62 145 76 10 127 -15 -36 93 55 -20
137 150 31 66 136 -35 119 72 134 57 63 21 121 37 -30 44 140 10 -16 140 90 -33 -21 -27 34 15 92 52 116 74 102 16 44 62
35 -34 132 95 -33 114 15 12 114 71 19 116 121 41 118 9 -25 105 157 21 144 -40 -15 122 142 103 42 110 32 7 128 22 -25 -35
-40 10 19 64 76 82 -18 62 -9 -9 63 75 119 141 41 92 84 55 157 139 -9 132 142 116 142 153 107 15 88 103 122 -33 -36 134
131 146 39 -31 -21 50 53 76 34 124 7 68 23 6 110 7 98 94 -9 -12 114 65 144 19 40 -6 58 87 116 147 47 115 143 104
125 60 113 34 108 53 123 -22 21 128 -9 23 68 108 95 65 -1 -22 -12 -33 127 53 64 -18 14 73 61 82 -31 -30 39 2 -31 144
-8 143 117 -38 35 -10 10 9 83 23 77 86 60 140 32 103 154 5 67 22 -14 35 141 98 29 52 148 -30 124 -8 9 31 -40 49
31 -31 -15 -40 125 37 138 21 -14 62 154 62 -15 74 102 133 61 62 133 35 63 84 -11 9 -11 19 148 9 125 136 121 56 -37 108
76 7 63 54 -13 34 -6 51 119 65 91 147 23 -27 -35 134 83 45 11 158 107 105 159 46 145 110 -26 155 83 140 -24 -29 126 108
-9 148 -32 119 -2 133 13 -37 157 58 37 86 122 124 27 48 25 128 152 -4 111 -22 65 7 116 129 15 76 63 -28 134 -8 86 13
80 34 -18 13 10 60 -32 -16 63 -32 37 -13 36 -19 51 51 125 9 96 -33 6 -4 86 9 -13 82 104 65 -20 -31 100 59 123 -29
-15 58 0 46 43 85 159 -13 133 64 136 4 -25 54 56 73 112 94 14 92 61 91 137 -28 106 89 127 39 152 -27 -7 -36 40 -36
22 64 15 95 140 142 131 -3 30 124 125 113 75 20 55 70 155 65 24 16 31 -29 61 85 57 60 11 20 122 11 -30 -12 -5 41
20 -40 -10 75 70 121 38 7 102 85 -20 122 78 -1 140 105 32 71 103 -33 -5 -20 97 102 12 142 38 -15 56 49 57 130 1 39
61 -40 -17 -35 32 67 49 33 101 147 21 146 129 53 84 120 119 55 145 6 -8 127 36 62 37 159 34 91 159 -37 111 36 2 110
158 88 28 9 16 133 28 6 83 38 97 5 53 4 145 -3 50 147 68 45 2 -23 79 42 31 90 37 132 109 32 123 5 10 106
-5 89 24 10 59 44 89 99 38 9 83 -22 12 95 100 124 -2 25 71 33 157 149 -33 151 139 108 -4 -14 9 132 140 3 147 83
-29 95 -15 109 118 -23 95 -32 29 74 80 150 111 112 142 82 42 85 29 62 51 -31 65 157 75 3 37 45 43 20 53 119 97 132
62 -15 75 -15 -12 35 115 101 13 -30 156 151 5 26 60 -35 152 -33 83 137 63 157 131 129 117 134 72 60 57 12 145 -23 82 128
56 -38 158 -14 47 114 -29 130 99 -22 -23 47 5 154 151 54 118 110 29 77 83 62 -6 128 2 155 24 99 36 -1 133 -7 12 77
59 149 30 145 114 -24 59 -16 -5 58 132 107 112 116 -27 -32 75 5 61 74 45 91 98 66 0 100 -6 77 71 110 119 24 28 -28
147 106 34 58 149 97 -20 155 74 -8 125 112 151 55 66 -20 134 11 77 22 152 112 -21 159 122 68 48 -27 -22 29 17 87 156 54
123 -7 104 134 98 58 -34 90 109 12 117 44 40 132 112 3 129 -5 43 77 104 68 92 139 152 119 -19 12 -37 -19 -15 -12 101 37
85 142 71 38 121 56 15 14 87 -34 94 107 -21 25 43 112 43 106 134 10 122 138 -33 116 7 83 80 95 107 20 128 -18 139 -39
