49 47 10471
-1 102 2 140 111 62 119 -20 11 -6 -12 99 115 -10 -1 36 79 95 18 63 70 126 -35 135 130 -25 120 123 -21 27 17 29 43 115 75 55 -5 37 88 96 60 -36 159 -39 88 67 73
12 97 -14 33 135 -6 -36 -37 -19 45 104 71 -18 -19 143 157 -39 110 46 74 95 49 124 156 113 100 37 131 100 -15 81 105 -12 158 79 -21 31 61 110 136 140 -19 -35 2 28 112 64
-22 31 102 142 73 74 27 154 52 104 140 7 79 46 16 -33 142 116 -28 101 0 -16 23 -6 13 -35 136 141 41 -4 -3 78 9 153 5 13 46 82 47 94 63 68 109 120 -12 -25 52
-2 89 -30 -35 102 -25 9 1 120 73 102 63 41 61 31 154 41 98 135 -14 113 113 -10 95 -15 135 -35 13 9 49 133 -36 86 73 24 80 48 -7 -37 41 130 21 -7 -5 -7 -26 155
8 16 19 47 124 -13 67 143 -14 35 129 -12 78 -6 95 18 58 -25 -17 45 37 60 85 116 96 -2 88 78 -21 109 -37 106 112 69 71 19 21 99 108 68 136 20 -25 -16 -26 51 30
5 69 17 -6 -38 11 -22 20 14 15 37 27 83 78 20 157 28 -16 -2 76 146 156 33 43 133 -39 -12 121 33 -9 35 101 79 133 -4 107 -2 124 130 109 153 76 -1 150 138 142 16
155 79 42 76 147 -19 25 93 152 123 -27 58 38 -24 -32 28 -4 103 50 135 145 137 79 -37 105 67 -39 100 56 -38 -38 -33 -2 -3 36 -25 51 139 -28 -34 125 60 52 15 -9 148 89
28 108 53 -12 59 125 59 -4 -25 32 -26 148 -36 138 140 -15 98 133 94 152 -26 85 -36 61 133 23 18 110 51 100 77 89 -12 141 113 44 64 119 -27 76 -12 89 66 15 14 11 47
37 57 17 96 100 -14 32 -40 -36 -14 -15 13 124 158 76 123 154 -21 102 84 16 -18 -10 14 37 139 116 -19 105 147 83 155 93 140 -22 -27 130 -4 133 96 10 77 -15 -28 36 -32 87
71 51 -5 8 141 -31 13 91 79 112 155 -37 -31 26 28 84 33 145 34 87 108 89 -14 156 99 37 142 -25 -33 55 80 126 136 28 -22 82 -28 63 -4 133 126 149 150 147 93 153 22
68 7 65 108 152 62 153 116 20 57 102 100 -20 14 54 95 -23 95 149 -39 -11 42 27 140 85 77 13 -14 -33 90 128 4 147 -32 78 90 63 -30 2 44 109 123 46 65 0 10 -25
21 111 115 63 128 1 94 155 21 138 148 150 153 -11 79 22 13 90 33 118 -12 105 16 44 1 -8 -24 19 27 138 26 -12 34 97 -36 64 151 29 152 73 87 77 145 58 -15 125 156
107 -40 57 84 42 2 17 128 87 82 -35 89 63 3 11 -18 131 46 118 34 129 54 26 81 139 154 -26 142 143 74 24 25 88 158 31 24 50 148 101 -21 107 -40 11 -36 -40 129 -30
7 -26 137 23 -18 155 12 119 -40 43 77 60 139 71 134 78 143 -37 -9 21 125 63 -39 5 120 144 -29 43 131 112 124 112 76 20 -6 116 55 148 91 108 45 8 114 55 94 112 28
86 69 5 147 122 84 79 2 50 144 103 90 93 149 70 -3 -28 5 68 106 20 -35 101 73 35 105 122 55 40 65 -4 139 -16 -20 46 113 127 92 116 79 132 -7 54 63 16 139 65
109 -9 -6 120 129 88 153 23 95 82 51 73 133 -17 67 26 140 22 26 87 19 -21 69 36 88 18 85 102 104 28 12 147 74 121 52 -25 159 127 18 1 -20 105 107 12 43 43 149
-6 87 85 9 -10 -9 -17 64 57 12 53 116 -16 30 2 112 -21 156 17 130 129 59 137 88 106 106 33 41 93 59 141 -18 4 155 0 137 157 -2 99 52 74 -11 20 28 130 97 34
112 73 13 112 29 -18 31 8 156 -4 -1 138 70 68 51 -19 -34 -24 146 37 128 146 72 46 105 30 73 8 39 46 -39 43 74 125 83 77 124 62 145 18 5 38 44 -5 49 151 -4
-38 134 46 138 68 16 -9 -12 96 87 55 73 16 149 -5 150 38 128 79 -40 25 103 129 42 71 115 -16 41 124 51 159 70 108 140 -34 36 46 144 83 -12 -13 95 92 85 85 -4 8
-9 122 -38 127 154 107 30 80 66 96 126 -30 -18 119 -14 4 57 -35 106 104 96 59 -31 149 14 4 17 -35 157 -9 38 -17 21 120 -9 46 34 52 -14 137 -39 45 111 43 138 -22 -15
102 109 34 112 76 94 106 122 15 51 30 67 50 24 -11 138 151 -24 48 95 90 151 27 90 61 46 93 133 6 -25 141 149 -34 145 13 133 115 126 156 147 40 115 103 159 3 -25 39
73 72 128 -23 -22 36 -21 41 78 77 138 40 17 136 3 89 96 -30 -10 118 73 67 39 56 69 112 61 15 132 64 18 143 98 74 53 -29 9 37 140 142 127 39 29 144 50 66 127
109 17 28 108 93 -4 30 138 23 87 55 147 23 122 153 113 74 45 117 62 151 83 99 83 153 28 37 143 50 80 108 99 66 120 114 59 -31 63 114 -25 153 81 157 99 -33 90 7
108 51 58 25 140 -3 -8 40 136 3 -19 125 144 33 19 -10 94 96 54 70 -21 -30 129 49 94 45 107 138 150 14 27 112 -29 128 -38 158 40 76 153 98 155 131 67 57 95 -13 4
89 106 6 145 70 -29 -23 74 -23 23 139 134 150 -36 -11 54 37 21 -31 156 4 79 149 -19 123 139 82 109 16 134 64 34 -37 149 149 4 20 109 62 -21 92 73 52 -23 114 13 107
81 -1 99 79 -15 19 52 64 116 82 18 39 43 89 -37 9 5 22 88 148 44 -9 103 120 114 1 150 72 92 12 -31 73 86 -4 -35 -30 39 92 22 -4 63 -10 -2 -37 150 158 159
22 6 56 -21 36 131 55 98 136 82 127 36 94 16 125 -25 -18 -27 46 67 -7 120 141 116 9 85 113 112 22 -11 6 98 94 20 -29 126 53 104 -20 77 53 8 144 76 -9 -4 6
144 91 36 44 68 109 76 120 71 -8 142 98 144 119 128 49 -5 42 127 -11 88 78 116 70 -38 40 86 107 93 139 -8 -35 92 7 -27 69 90 117 -39 -21 -9 57 -14 41 29 39 151
31 68 105 0 48 115 31 30 157 39 88 -37 -16 105 89 109 84 139 100 -33 51 -29 58 49 72 84 75 -30 86 -7 69 83 0 -29 12 -27 67 101 73 54 41 133 110 56 31 -26 65
-6 41 -27 127 139 101 104 -21 84 109 157 7 101 129 42 138 -37 100 -7 82 145 -18 135 140 76 90 76 114 4 48 -11 36 7 14 17 106 128 -21 1 137 -40 44 -4 68 52 10 9
149 40 76 62 -36 105 -23 120 7 25 32 -36 -5 143 -12 -10 42 -11 114 136 109 142 93 126 28 79 -12 111 35 21 57 110 79 72 70 41 90 -25 84 18 59 -20 100 133 42 137 81
1 -38 -13 -19 -6 0 13 67 -34 155 -8 21 127 140 106 111 145 112 101 123 -36 -13 66 55 3 15 125 20 86 30 -21 -24 102 117 129 -9 159 33 38 109 90 94 124 55 132 6 -37
58 137 7 111 44 -35 104 91 18 76 44 29 121 0 128 -12 106 156 -30 56 -17 135 -13 72 107 26 -1 146 34 117 145 7 107 95 -4 28 71 85 80 16 21 53 82 35 -36 84 63
-20 149 52 90 150 -1 -39 -36 100 133 -18 91 42 -34 -20 31 118 -21 115 -16 94 78 132 116 44 -40 6 8 63 75 119 116 132 34 94 52 77 -25 119 124 -31 107 -10 -27 -27 -37 151
-11 104 -24 45 -13 93 -1 154 99 -36 147 127 -25 82 144 156 95 147 74 106 9 141 -19 151 85 151 -34 2 83 -23 97 135 -26 -34 84 53 156 87 108 30 6 2 143 23 142 3 130
81 31 57 28 0 17 61 -14 -22 84 -18 60 -15 101 104 8 36 -9 134 38 27 20 150 -28 114 77 37 154 128 109 82 88 120 76 127 103 7 75 101 126 -17 124 127 -10 132 116 -14
136 62 -21 3 53 6 83 137 158 92 135 117 142 56 22 120 140 63 80 108 61 144 88 101 -31 -40 58 -23 5 -13 56 94 -14 156 -8 154 131 87 152 9 68 157 132 -21 145 112 -9
-4 -27 7 8 120 -27 115 135 -18 148 131 33 20 72 110 88 -20 92 104 78 -27 151 -18 11 77 133 37 45 -10 21 151 8 134 139 88 23 139 63 112 105 143 93 130 151 -31 102 20
156 140 159 152 110 99 113 27 149 125 -15 -5 -30 14 41 151 2 102 126 137 107 142 67 143 157 56 70 19 140 -33 -7 119 46 15 -12 157 16 5 -7 6 134 154 120 1 130 108 92
6 77 149 -18 -37 100 128 41 8 60 146 -27 134 -15 86 24 29 12 60 146 -26 83 90 55 126 101 138 2 -11 -26 54 144 133 144 66 59 -25 3 -6 121 -14 -10 76 100 149 30 158
154 159 86 35 64 101 56 -22 43 116 131 -33 -9 136 70 103 84 68 -13 -10 37 83 72 131 91 150 -6 22 -22 38 -30 144 129 5 141 52 -24 64 134 61 -19 120 143 73 16 82 113
92 144 131 -32 -32 133 135 18 59 119 20 97 41 -34 115 -2 99 -28 15 57 32 -23 65 142 -12 13 -30 98 -1 35 42 55 127 108 65 116 -40 25 53 145 122 -11 76 130 132 90 58
-7 40 59 124 -15 39 98 6 32 102 -36 122 -4 1 73 34 73 103 -24 0 42 102 26 155 -17 33 -2 109 29 39 109 -12 60 46 46 21 53 15 133 127 107 12 104 111 12 79 155
8 -1 149 60 14 56 11 81 35 81 127 128 105 76 18 79 56 95 21 -26 114 30 50 145 38 31 116 90 131 -6 114 103 -11 56 -17 -40 76 150 -18 132 83 82 68 108 62 21 6
88 24 81 69 -39 -37 124 -25 158 -15 94 112 -5 60 -32 25 7 1 61 87 20 42 117 151 157 99 152 -15 51 -27 56 -22 -40 82 130 151 144 16 119 71 132 82 5 24 -31 131 27
116 153 140 149 -27 -31 -17 61 103 130 117 115 -3 51 142 150 127 47 95 75 58 -21 73 134 56 124 -17 -33 34 150 159 78 100 63 5 17 -24 117 -3 125 133 157 8 84 120 86 0
79 -12 101 31 108 110 99 -11 -31 100 124 9 106 -40 89 18 62 -32 120 -34 153 32 89 -6 126 113 13 11 99 35 147 61 154 73 43 -6 108 -12 86 69 -39 115 21 -17 38 73 -15
98 102 120 43 125 -36 101 94 -25 55 -5 2 135 87 77 9 123 0 -26 55 87 84 131 142 9 22 124 103 -29 -28 46 88 -24 156 -28 50 91 -13 72 90 28 113 108 59 60 1 14
130 11 112 28 -14 56 -4 11 81 153 103 95 91 99 3 142 29 84 88 149 -12 143 45 96 -17 25 36 60 90 138 -16 111 -19 29 -5 114 53 147 131 93 1 36 132 108 135 72 157
