12 18 1217
93 -35 107 110 -18 111 -11 113 7 -30 69 51 104 33 -3 -13 36 129
144 -6 134 -39 126 -30 77 76 44 44 65 -4 19 -31 -13 1 -35 83
-24 26 83 53 127 131 -6 48 107 56 103 31 146 40 145 -35 127 94
14 78 117 116 153 155 133 9 10 2 -22 125 70 -18 3 34 -32 2
89 142 88 116 -7 22 59 56 4 12 92 57 13 -28 122 136 155 132
137 110 112 42 -35 124 72 99 -36 29 118 136 108 -14 68 -5 102 127
114 107 65 44 113 157 1 111 32 4 113 -25 78 82 6 -20 57 31
6 141 71 88 106 50 -21 84 0 148 98 -12 132 81 -10 41 119 132
98 130 136 -35 -8 -11 -21 149 128 102 143 -3 121 135 141 47 21 103
29 -36 144 157 131 144 -39 -10 -14 147 108 14 47 -31 -33 91 2 156
4 120 105 89 -1 -31 -19 128 128 106 -24 48 27 -11 79 27 110 92
117 149 -6 19 153 123 -34 138 1 18 -16 146 86 -11 117 77 73 11
