34 35 5441
43 159 140 81 -20 -24 0 142 37 18 67 -17 -3 -16 128 138 96 -37 3 84 15 -6 130 5 49 -39 9 -29 62 157 50 118 78 78 21
156 13 110 -35 37 -14 73 115 73 -31 30 39 41 101 -35 156 44 114 1 -4 43 2 119 -12 -17 69 96 32 -23 103 76 146 154 -27 7
151 108 88 121 106 145 53 40 102 11 108 41 46 11 136 47 31 5 -26 91 97 140 9 108 57 122 22 104 155 51 59 92 38 139 53
-15 -8 93 155 128 -28 -2 -3 112 136 -39 113 53 132 131 -26 18 128 154 -30 50 14 -22 122 -12 128 56 73 117 34 -6 146 98 139 111
17 62 73 67 31 41 -37 -2 84 98 154 46 27 86 154 1 112 34 21 15 -20 157 98 71 -11 153 -20 154 151 -36 157 125 48 66 85
-37 -37 -3 46 130 91 119 82 52 106 87 -10 25 130 131 -8 155 124 53 104 106 16 33 -29 113 108 94 38 97 64 91 17 116 33 123
113 61 108 140 -6 70 46 53 -35 2 58 38 -1 100 2 156 -6 95 97 77 -32 -16 105 40 76 49 81 9 76 104 97 68 4 95 152
80 100 68 30 22 150 -28 62 -30 144 -28 150 153 -31 -24 18 131 -7 127 53 132 89 7 18 85 126 85 67 -8 40 -32 39 12 -32 135
-39 45 129 -25 151 40 125 -31 120 5 99 52 -39 134 96 151 18 -33 29 26 68 -25 95 37 142 126 148 48 121 -33 28 133 64 40 -2
83 -4 111 134 109 55 16 139 91 15 76 21 14 14 156 -2 -39 23 22 40 119 -29 -25 104 104 158 2 138 16 147 136 -2 137 111 144
121 159 148 25 86 156 140 142 6 158 -22 145 110 -34 -21 -37 145 35 26 18 29 -34 5 28 -14 78 42 36 80 135 110 19 104 -33 15
-16 14 17 128 107 21 38 133 158 20 128 136 157 -16 8 -37 -24 18 35 127 150 18 137 -35 -20 -28 151 10 7 90 61 120 150 10 137
-21 4 -6 93 25 92 33 -1 30 157 103 112 94 -24 16 8 124 96 12 120 83 90 51 -17 67 4 -16 89 87 155 75 12 92 88 -21
77 12 51 60 -5 132 34 133 66 115 155 109 -21 -36 49 40 106 53 52 68 33 -31 132 -15 147 51 102 48 74 4 72 66 125 79 10
93 68 19 157 139 6 9 153 -5 14 86 17 -36 25 19 66 55 99 12 -35 53 43 109 72 153 116 123 27 30 125 -6 57 4 99 35
46 143 84 145 -15 153 72 132 2 82 84 141 37 53 15 59 39 44 105 5 -16 54 64 -7 82 -16 76 13 50 106 134 -36 -20 68 101
-21 43 136 145 -20 25 113 75 3 44 117 44 -25 -21 7 141 75 31 96 79 126 21 159 -4 143 154 158 22 21 32 -9 39 55 57 79
-40 79 33 10 -26 4 -23 111 114 32 0 53 -25 -33 149 102 153 105 19 123 117 82 -20 64 107 64 -39 122 99 68 32 158 143 13 32
83 5 1 57 11 121 102 143 22 48 56 145 104 111 84 76 100 85 108 70 9 70 83 152 132 26 68 -21 30 149 70 150 39 72 35
-10 42 -8 -39 104 115 14 -32 99 15 39 85 -14 11 -35 158 16 -16 85 71 -20 85 18 21 152 29 34 73 4 11 63 -1 16 99 121
88 -30 -5 -21 13 -27 58 -37 101 59 71 37 -16 -21 29 -38 92 14 142 53 16 -25 102 86 152 74 97 83 8 119 63 68 132 54 86
61 56 124 1 1 59 -33 25 61 129 95 -39 43 50 142 22 -7 -3 17 70 -7 -31 23 120 50 -3 153 -11 87 45 155 5 30 48 -5
-11 75 -39 -25 -25 -18 19 107 107 34 144 11 77 48 123 86 103 108 157 12 0 -35 85 17 109 -29 83 -30 -33 36 31 -9 149 136 5
66 155 158 100 -32 107 110 -17 125 84 -24 76 29 16 13 19 120 50 -19 113 -19 103 40 70 -22 -20 49 123 -29 113 136 32 153 29 31
141 -35 146 7 144 150 114 -13 -10 134 97 29 -35 -12 77 128 73 158 -4 151 101 124 13 116 -27 -11 98 90 50 36 115 159 94 67 87
29 72 67 135 136 -14 35 19 37 1 143 121 56 -19 131 155 22 42 136 65 69 77 -19 94 48 35 138 -1 80 -1 145 2 47 18 23
75 31 136 98 93 19 8 74 111 -4 101 60 124 6 59 37 128 -12 51 52 40 -7 -29 44 129 -16 15 80 11 95 101 -16 159 -8 104
67 15 88 34 157 -26 59 152 115 32 88 57 108 154 -32 -33 -14 149 69 105 57 -25 41 56 24 11 77 8 -26 -30 123 33 63 154 93
-33 127 -2 -25 7 133 46 18 108 148 96 155 112 102 15 124 126 42 107 106 152 40 -23 55 100 74 -11 144 125 109 157 113 127 -24 64
23 26 -35 46 14 91 54 129 45 -1 65 141 103 58 86 -12 11 24 129 30 30 73 92 23 55 66 7 120 155 41 154 50 27 121 97
-7 155 88 9 158 12 -11 43 111 116 61 134 43 76 143 98 64 66 23 123 40 -24 -39 -6 116 133 135 66 31 -37 124 -39 -10 121 145
-10 150 81 31 -22 86 4 -1 154 -9 133 135 100 -6 27 86 87 40 139 137 152 24 54 143 11 36 55 18 158 117 127 -17 60 65 28
96 25 137 111 103 105 112 -34 110 22 137 42 133 130 80 -39 140 137 140 126 97 75 -5 79 76 0 102 151 -6 76 95 -26 39 6 49
78 78 4 150 71 102 65 127 5 -27 17 79 136 -32 108 72 157 71 -30 131 155 91 70 50 104 33 54 89 93 35 122 148 -25 -3 90
