20 10 1344
21 20 -28 115 39 42 78 35 43 36
25 -1 67 -6 -27 34 9 78 67 7
91 122 74 116 132 86 136 81 53 78
28 122 -4 107 18 131 -36 137 150 84
61 -7 140 118 29 56 -33 5 159 -32
-23 14 132 77 83 10 127 122 133 140
156 13 144 23 116 -31 106 83 -6 11
74 82 -6 -1 100 -34 91 123 87 62
114 -12 141 49 145 0 83 26 96 52
51 124 -21 -9 158 63 99 110 53 -21
98 81 153 109 25 94 9 152 84 -35
21 102 145 76 145 15 148 4 140 -39
31 99 113 89 16 19 133 105 43 130
146 50 138 116 44 84 82 151 75 44
32 -3 144 92 -28 31 43 41 85 143
4 -6 132 151 112 -20 157 56 22 -10
-12 -2 107 153 108 98 123 103 -26 72
9 97 56 19 17 9 60 21 60 143
-6 27 76 2 112 95 80 101 -15 144
-7 29 -12 112 30 0 128 125 22 136
