43 26 5341
38 108 122 105 27 -14 85 60 125 39 1 30 -16 37 86 18 105 24 128 102 41 33 -32 -19 76 -25
20 -11 26 143 -32 65 110 29 4 49 29 52 79 -8 42 42 29 79 -8 152 62 -23 86 120 71 47
58 71 92 116 79 6 70 35 -31 99 33 32 19 141 90 100 103 105 47 69 -26 6 87 37 16 8
148 146 6 107 126 -34 85 69 114 -16 38 105 34 123 45 153 63 21 78 -28 148 34 103 97 53 122
74 99 127 -31 121 -19 122 125 15 -16 53 5 84 -22 145 112 65 97 8 68 -35 121 159 72 151 58
130 132 126 109 119 103 45 64 14 41 138 64 151 66 122 -9 125 139 -19 71 89 108 24 109 129 149
114 -23 123 113 118 110 -3 32 99 141 135 148 49 118 123 14 69 81 67 2 118 9 156 -24 9 43
146 -36 2 79 77 16 12 124 82 17 115 144 20 111 24 120 44 -31 28 84 111 -15 -15 39 127 115
117 94 77 60 0 -17 13 152 -32 116 146 76 83 48 92 6 134 121 -17 -22 35 94 127 -34 15 91
40 16 93 43 -14 134 149 6 125 63 -38 -29 145 96 83 6 74 -23 151 -2 106 153 46 137 47 103
141 105 -18 51 -6 147 56 132 138 116 93 108 -32 15 118 57 -2 -26 127 100 88 141 44 127 111 77
67 147 116 -33 -13 128 -18 150 -21 89 37 -37 15 94 -32 43 22 131 44 -36 151 114 157 152 5 117
50 -15 -15 134 132 13 151 122 24 124 19 -13 38 152 142 22 0 123 115 93 -2 96 79 149 -31 35
1 138 16 122 54 17 152 112 -1 6 14 -8 159 32 138 95 40 154 156 21 62 11 26 157 102 152
118 106 31 120 89 -12 82 65 60 60 7 17 97 37 9 152 29 124 122 12 81 41 25 28 57 93
51 1 -19 62 31 -39 -18 -38 71 -10 67 89 60 63 108 61 98 86 142 46 4 42 -15 41 64 77
158 97 126 144 62 97 157 46 15 17 39 -25 119 7 22 46 22 39 143 101 119 150 -18 38 -1 68
-38 13 -38 -32 138 29 34 40 40 136 -39 17 53 124 129 68 37 82 57 146 100 32 155 57 50 41
116 71 147 75 -4 38 66 -30 39 153 159 147 19 54 142 3 82 60 -30 89 114 103 49 34 -4 138
-14 100 -6 124 13 52 -4 63 42 140 149 132 -20 15 1 67 103 95 81 -6 152 9 91 59 -28 47
-20 155 44 -17 71 0 -17 25 -21 139 72 31 127 150 9 64 -39 136 145 150 -32 6 74 121 -26 92
102 -14 154 69 115 53 21 -8 68 81 124 107 -5 -7 141 100 84 72 109 21 -13 -39 89 104 80 141
100 92 137 -15 104 22 -31 62 9 3 152 106 22 93 116 -24 -7 124 118 108 65 -17 79 41 -18 148
-27 22 141 36 49 22 -12 98 -13 31 33 125 40 -3 30 132 131 64 151 42 153 84 127 107 -23 120
120 -27 36 97 121 98 129 127 13 37 61 55 98 -5 145 51 71 92 148 56 57 -15 122 -10 64 33
-3 21 38 135 123 62 159 158 40 31 103 -40 142 132 153 18 2 74 60 141 25 -11 51 113 35 93
76 114 31 36 0 31 39 131 13 145 5 54 129 -31 61 5 112 149 133 13 96 37 75 -26 147 16
78 69 60 124 127 37 -34 126 89 34 57 143 151 63 -26 32 29 -8 157 111 42 10 -36 -30 109 26
-37 115 117 83 63 29 37 -36 4 134 88 -23 46 22 89 32 49 151 -18 -9 143 -19 101 125 58 95
40 102 115 150 46 43 131 158 154 129 119 44 8 128 73 -9 -36 103 141 -7 -19 126 9 7 59 -3
49 -33 21 115 1 74 54 137 20 42 -24 152 125 6 49 104 93 12 150 67 148 118 13 105 43 152
151 -3 -7 -24 54 151 -12 23 11 76 74 8 -4 3 -23 22 -36 25 60 75 83 -32 135 46 87 99
125 12 67 101 111 138 -25 -29 40 -6 -16 -1 63 -27 -39 -34 21 64 26 20 80 57 1 47 71 19
143 145 62 49 108 -38 124 -24 108 -19 83 80 155 25 112 36 -24 -20 76 96 55 99 34 82 -23 76
-38 -28 71 152 77 41 29 91 98 46 156 38 48 155 58 128 -11 66 62 88 55 55 70 -35 1 64
3 98 -40 79 96 -12 63 14 55 157 151 139 21 63 67 -12 39 97 123 68 -12 126 70 135 53 30
38 106 19 28 15 -26 143 138 137 143 -24 138 86 56 128 63 -11 -38 -24 -21 64 148 29 -14 91 108
11 94 -34 -9 -14 13 45 -10 -19 40 30 -22 10 77 83 -31 -17 79 -24 -7 -6 85 103 93 61 96
-14 158 -9 137 -15 75 86 146 -11 59 11 107 84 10 103 -31 62 51 133 154 39 62 135 124 46 146
150 118 125 60 124 31 2 73 149 30 53 8 -19 65 19 -13 75 2 146 -17 -34 151 30 -38 -33 57
-36 134 24 87 110 27 91 44 -26 97 22 70 -18 37 157 129 -34 124 48 -37 -25 46 15 -31 145 29
68 -14 -8 135 64 90 140 -33 152 50 88 35 -31 158 91 42 90 95 -34 124 65 -22 -18 142 144 152
42 37 -31 -40 47 139 -16 42 138 -15 104 5 133 -12 -31 124 38 131 1 35 68 111 144 25 100 91
