23 17 2100
144 69 3 143 156 157 7 47 76 50 -21 142 124 142 -19 43 23
-2 29 118 23 157 30 100 60 70 76 129 48 57 115 -22 11 21
105 1 -37 -32 109 100 -17 67 -17 -25 11 26 17 81 118 34 79
125 98 43 -29 35 20 -24 100 70 37 -20 136 150 -40 88 136 41
117 -5 67 -35 133 145 -11 122 71 7 105 30 -14 5 -19 80 108
108 61 137 99 -21 35 96 -30 85 69 85 6 53 143 48 154 53
-37 59 135 -13 142 37 64 69 20 120 21 62 -33 30 126 -39 92
16 66 134 63 142 56 99 153 22 151 5 -18 6 113 47 140 148
149 73 64 -23 149 85 131 137 -35 134 22 95 -10 138 57 62 73
74 82 82 143 111 20 152 113 39 126 100 -28 72 -2 114 55 -11
157 95 128 54 5 144 83 85 -32 123 -20 62 -29 149 128 38 131
51 47 96 -1 149 101 60 54 8 41 17 106 20 117 92 69 109
31 66 98 21 159 122 112 -6 10 150 114 -37 22 75 -37 -15 120
55 80 100 42 11 158 148 105 26 54 113 -10 -15 22 5 -37 -2
67 32 128 93 131 156 30 73 159 -22 69 -31 41 116 49 -20 50
109 82 45 111 30 148 98 -35 155 -21 73 154 133 99 52 158 121
16 56 155 89 129 128 41 145 67 15 141 -20 -37 150 -14 128 -13
-14 -8 -32 -7 -7 52 57 76 39 145 143 17 92 86 48 29 137
87 137 -36 -29 56 32 -31 150 47 74 -10 -27 98 61 78 1 97
73 66 129 61 -21 -39 137 121 114 -5 134 -16 125 -32 72 -25 44
92 -23 29 159 46 -19 128 -4 -6 -22 -15 157 27 -37 -37 120 61
-25 31 129 98 31 52 29 19 152 54 8 145 -26 116 -14 -20 82
14 158 124 125 23 43 142 53 47 -18 -6 151 141 119 43 -2 -5
