45 24 5279
64 43 -29 70 139 -8 27 -24 82 2 45 84 -20 119 84 139 -1 -7 104 -14 42 6 20 63
86 8 36 -21 133 -28 43 136 129 38 83 -4 96 37 103 46 46 26 38 89 -13 63 136 80
15 110 126 -23 -36 103 -19 93 83 102 51 -10 137 -28 141 25 19 93 16 6 95 155 127 134
149 49 -11 101 15 -6 115 -24 68 10 139 33 107 125 142 -16 -1 15 76 12 125 100 26 146
158 -7 137 93 -7 2 20 143 144 -27 145 23 142 31 52 156 -1 70 73 -39 137 47 41 153
18 57 70 -11 66 106 34 91 98 72 -3 153 -11 2 70 66 142 16 116 0 26 96 149 -28
71 83 6 146 -11 -25 84 136 116 54 115 32 71 143 -35 139 120 147 5 89 -37 11 68 119
87 145 156 152 -30 -28 44 -33 149 23 139 -21 152 -20 48 -4 102 13 113 -35 101 -37 -6 99
-33 -13 153 13 140 150 112 77 148 -25 10 102 87 75 146 109 151 84 -8 93 153 134 13 118
40 158 17 86 90 47 99 67 7 71 57 111 119 105 96 68 155 -28 110 -14 104 21 31 24
63 0 5 159 32 5 -5 13 -8 128 35 128 152 -23 22 25 73 30 13 76 -19 62 -11 117
103 15 104 109 -11 57 82 125 132 -35 137 58 110 97 145 114 16 13 159 6 -17 35 148 56
156 10 76 143 116 139 63 104 77 136 64 55 -10 34 149 87 63 146 134 78 81 42 121 12
63 148 4 102 149 67 -3 158 112 42 151 149 94 122 158 -4 127 111 45 143 36 93 86 -29
159 31 130 -22 156 8 81 156 14 21 36 8 36 51 88 92 -11 133 30 145 130 89 50 154
-36 100 -7 38 30 115 150 100 148 155 -26 95 20 59 -14 -14 107 33 141 125 36 65 -17 137
100 45 -7 153 49 26 154 97 125 15 34 139 -11 76 101 -16 -9 136 73 36 -29 27 36 -3
113 102 -8 93 19 87 8 70 148 89 72 133 154 44 119 34 144 81 152 127 71 120 2 -9
39 141 53 18 120 -23 -2 110 -3 125 -19 -9 -29 124 -4 -14 134 -15 50 158 61 -9 65 29
-17 136 85 -14 151 88 87 115 -28 50 24 32 19 35 -22 36 49 54 -13 108 51 152 147 6
153 77 0 4 131 -22 48 105 98 -27 152 -29 -22 154 58 137 134 31 20 -25 69 130 -18 -24
124 -14 43 139 100 43 133 -23 61 86 147 22 99 -17 -4 142 72 129 96 50 114 -9 -12 99
94 29 23 119 45 -9 155 89 102 -1 70 21 101 5 -39 132 42 82 0 5 117 -19 68 46
-15 26 14 129 -2 72 85 33 19 106 137 -25 -29 40 145 24 96 -9 34 -38 118 -26 -24 -33
-23 -14 58 -16 145 117 65 142 45 66 18 21 -18 100 -3 91 101 39 -12 63 80 39 135 157
41 136 32 145 55 54 91 129 73 134 40 32 56 61 123 153 52 103 12 81 130 10 -29 88
-3 92 118 144 83 75 47 -17 137 100 71 130 1 149 56 -37 98 111 113 -35 33 -10 146 84
71 -29 115 35 115 108 -7 24 154 138 -7 18 36 107 103 -10 113 153 -15 14 83 28 23 -4
117 51 102 134 -27 40 110 106 94 53 105 19 25 -7 149 -4 84 103 27 93 108 121 96 124
56 89 156 37 109 121 -14 53 121 4 151 3 114 51 159 73 39 148 -28 10 -14 33 0 52
60 29 125 -17 9 140 90 54 118 83 57 78 136 -35 -33 45 30 0 156 -26 10 -40 140 33
156 138 -35 -9 144 124 105 135 17 3 142 -21 -34 116 117 -25 43 55 144 90 91 57 31 45
93 121 133 -12 -11 133 6 27 52 54 83 52 50 34 130 110 115 96 24 111 80 33 112 69
72 45 -39 -31 150 27 -22 45 85 30 -15 64 -7 76 77 -17 0 8 16 -10 137 91 41 32
-21 -34 97 147 97 11 117 -24 -28 5 -29 114 2 -27 8 -4 110 38 1 -9 40 19 145 20
31 128 35 79 148 159 144 -18 -40 148 10 1 144 130 138 97 -24 7 -9 101 46 -11 -39 107
137 107 125 36 98 -4 33 83 105 126 67 63 -29 -34 45 31 106 26 35 -10 -10 -26 88 88
-29 67 -10 147 90 37 12 -23 -11 -20 149 69 37 6 143 -29 110 26 57 30 70 72 -16 140
90 -33 124 -28 81 -9 -17 60 77 121 158 108 159 44 106 31 90 49 25 -30 147 145 137 45
31 -27 -27 -29 158 37 147 93 14 157 -12 115 -21 62 6 149 142 17 103 15 116 34 59 -20
24 154 152 92 27 108 88 121 -21 -11 -34 22 122 86 13 33 113 27 53 27 -12 97 47 21
143 156 123 -27 73 -2 87 97 136 119 19 131 54 -39 68 102 27 -21 110 24 98 9 37 129
8 26 69 19 154 42 128 121 47 16 64 93 55 -38 14 77 65 -16 3 118 147 127 52 20
-27 136 27 -39 95 64 -28 100 157 16 69 147 -25 39 146 -36 22 63 31 128 60 -19 128 105
12 69 61 30 74 102 122 -3 51 -6 -34 120 72 137 114 131 71 142 109 108 155 66 -3 -20
