11 37 2199
94 60 129 84 38 118 122 24 65 105 41 -13 121 51 155 102 -13 -4 151 -36 62 113 52 142 -19 76 78 55 7 86 131 98 29 72 27 59 -5
54 63 -29 82 93 33 24 101 71 13 28 107 4 22 117 -3 19 83 101 89 138 76 -5 150 2 48 66 0 102 24 8 6 -35 50 89 130 110
-34 61 153 108 -11 -17 44 114 116 0 126 136 91 68 104 -1 -14 83 97 98 78 42 89 101 -7 75 -1 18 64 90 137 66 33 146 -19 105 84
32 30 -11 137 133 57 72 146 50 121 -4 115 127 15 134 -9 12 110 110 101 84 126 -10 67 151 -33 97 17 47 113 143 105 69 -31 118 -19 148
-18 106 66 -10 -27 128 60 151 122 15 -30 119 -16 97 108 43 155 1 -38 110 51 -4 134 -20 156 -19 108 159 28 44 41 94 13 159 -22 98 60
148 87 27 88 53 8 43 -33 -19 70 -23 -27 74 69 -24 95 11 -40 9 79 116 158 63 -16 -32 4 -31 149 62 155 45 53 103 83 147 74 63
8 -40 18 -22 140 156 158 41 149 158 -31 117 32 -18 98 52 -2 139 150 17 118 151 -25 48 116 71 -38 -6 32 15 88 6 122 46 35 -7 29
102 4 -24 41 158 82 11 -19 59 117 36 52 149 35 72 -40 70 -37 29 21 48 -39 149 15 -17 -38 145 142 45 48 -14 -23 117 -8 92 129 114
81 149 136 89 128 52 -15 115 -6 109 1 72 105 20 78 113 99 -17 39 156 47 89 109 -3 26 109 153 155 57 -24 46 65 48 42 15 94 74
61 76 31 146 23 73 115 145 13 72 -32 -8 105 73 116 81 118 6 142 41 104 156 -18 89 121 95 10 133 26 4 19 52 -1 13 -16 114 70
105 9 146 73 34 -18 128 -22 147 65 118 151 -38 -15 37 -26 74 -16 94 34 132 119 -7 30 47 57 78 137 133 30 123 28 152 145 62 40 -27
