37 12 2239
59 87 -15 103 84 -17 132 21 141 -37 -8 65
153 85 -9 52 102 -18 46 24 60 147 120 -27
134 30 130 -5 -7 71 120 56 27 45 110 100
54 55 -16 -21 85 136 54 18 62 131 26 38
153 11 44 -22 24 79 112 -40 47 20 86 -30
117 130 75 136 -13 3 118 124 69 42 46 125
47 137 34 -15 -13 -11 88 -17 80 62 122 83
156 97 21 155 85 24 20 -38 76 -10 86 -29
131 -29 107 113 80 150 84 148 123 100 11 22
-11 60 73 118 138 125 -33 37 -40 18 -1 63
120 117 84 37 68 73 47 -39 10 20 -12 153
144 -35 100 71 64 -5 116 32 110 -17 45 116
-24 -14 117 86 117 97 31 29 121 56 -18 -23
72 77 56 145 1 -17 89 -11 125 119 92 56
15 13 122 144 94 14 132 17 129 92 123 -33
43 71 -5 27 8 35 98 -17 102 114 71 101
135 19 -15 -19 30 -14 94 -35 143 10 158 39
61 153 94 -3 94 116 153 136 65 122 108 41
60 -27 1 15 15 102 22 -29 37 -16 38 112
3 56 33 0 73 35 32 -22 -30 -23 92 72
55 129 -9 0 48 45 50 57 149 150 105 113
74 11 100 4 18 95 119 152 -35 24 141 63
-11 135 -32 52 157 109 116 121 -13 27 101 89
0 -27 134 -39 37 -25 43 -27 152 -16 -39 152
119 30 -12 -13 44 35 146 58 130 47 7 -36
63 -19 23 66 123 -30 131 49 0 124 102 -21
73 151 64 -22 -8 110 -35 135 99 63 -18 58
7 144 8 131 24 73 35 105 72 106 38 129
22 79 145 49 104 25 100 5 68 78 30 -39
83 92 32 112 47 130 123 61 63 -17 87 -40
129 -25 125 -12 103 107 48 103 -3 -31 23 9
41 148 102 -32 20 -19 118 114 48 106 50 109
3 -10 -20 108 27 96 143 -5 -14 145 -2 13
-11 -16 108 83 119 17 126 104 115 78 86 -29
-15 115 -39 109 56 144 75 124 102 35 73 102
156 108 32 -14 -34 133 -11 -36 65 -14 -28 135
53 125 -4 96 101 -26 154 16 12 96 -2 42
