45 25 5442
91 -10 1 -15 -29 -3 146 50 10 22 -6 53 113 -24 12 -32 22 -7 14 63 -6 63 16 108 84
77 -27 69 -12 -40 40 78 18 10 115 121 24 63 36 3 69 62 121 49 108 42 13 34 -20 -38
83 -9 129 38 19 -32 -21 131 -37 105 141 64 152 45 73 58 149 82 98 -3 -30 21 -6 68 121
119 53 75 29 97 29 18 60 131 24 77 -25 115 -25 90 -1 -28 48 42 114 45 70 44 134 140
-25 111 101 75 39 70 58 33 148 137 92 116 49 73 -32 101 150 83 123 -12 144 138 -40 31 45
134 31 93 27 113 55 128 -15 36 -11 10 158 69 53 46 40 76 9 27 88 39 24 -19 -35 -14
-24 76 86 26 47 41 124 100 46 -19 22 81 24 69 -25 62 33 84 101 105 122 -17 91 -34 28
78 -38 67 67 41 -28 96 -10 74 -31 44 116 50 53 156 112 14 105 68 8 51 72 91 74 -1
118 82 64 155 12 29 39 -2 -17 78 26 19 58 46 156 22 -7 118 -18 106 152 -3 85 7 18
-38 -33 58 -10 52 -40 38 159 112 8 42 100 75 135 122 127 96 157 -22 57 -12 11 -24 -10 9
85 18 -11 80 100 120 107 122 15 35 152 121 114 158 106 74 106 148 129 -2 23 35 75 81 35
-25 88 -6 130 65 24 117 122 121 84 109 29 90 83 110 93 85 70 97 96 97 38 153 -4 74
124 151 109 95 65 97 -36 97 -17 24 130 -32 128 41 45 112 133 12 154 36 -14 156 132 9 0
134 -21 103 -29 101 49 -21 125 -35 145 -24 10 -25 -31 24 126 53 34 69 60 55 133 149 121 132
128 118 -9 28 -14 70 -18 134 139 70 112 142 151 55 124 34 124 62 15 20 34 132 -19 82 107
137 149 -35 155 154 110 103 114 41 -28 32 -1 -12 72 122 127 -32 -25 68 -17 119 -6 -36 46 79
118 105 -34 126 60 127 52 147 92 116 134 7 -19 43 -18 91 136 143 108 83 142 -22 136 -20 71
142 16 50 85 84 46 37 129 3 94 37 28 28 151 156 143 -12 87 -14 31 57 -28 63 -13 -32
105 68 145 -2 -3 3 73 61 10 88 71 10 109 152 14 29 41 25 27 73 153 -6 32 132 -10
61 2 137 37 130 62 124 141 150 -17 -3 -17 139 155 129 87 2 70 142 18 86 47 30 88 11
18 -27 20 143 46 102 -30 32 88 -6 1 78 63 27 25 98 41 17 110 -26 158 18 21 23 116
-33 38 49 -5 125 35 146 146 -7 120 90 8 88 52 -7 0 126 95 -30 159 -3 52 142 88 112
129 4 154 -32 12 7 -8 95 -32 24 57 3 9 -25 1 149 60 -28 8 83 11 34 -7 51 -40
14 150 57 79 140 138 91 104 100 47 59 85 43 98 52 153 12 -29 120 -6 0 57 145 89 100
-35 151 152 -30 109 138 139 131 37 33 153 -20 57 -14 36 150 142 138 119 -22 49 119 9 84 32
140 -32 127 -32 37 63 130 -33 156 34 82 -29 -21 121 16 50 123 43 76 92 12 101 114 -27 22
156 20 -25 64 159 96 40 158 -8 147 144 0 77 -34 30 1 42 9 83 118 65 -19 55 56 76
38 138 139 18 137 110 -33 89 41 155 38 36 113 59 144 125 53 -32 132 3 89 74 128 15 151
133 82 108 11 146 104 6 137 77 -11 76 34 151 29 72 106 53 51 -25 109 17 0 12 -4 111
47 -14 122 115 143 154 140 57 25 25 73 21 138 38 38 100 -29 107 5 130 135 49 110 109 93
25 -26 42 -33 -8 56 127 82 42 -30 1 -9 147 65 39 81 98 111 7 -32 6 36 119 149 -18
26 46 15 -12 -26 20 13 137 108 63 21 -9 42 15 157 66 112 -19 56 41 -19 15 107 84 78
95 136 134 19 158 34 13 82 -5 3 48 113 -8 107 40 86 38 10 -39 121 159 15 123 76 133
121 5 33 34 110 113 141 47 59 70 3 25 132 89 141 72 36 141 7 50 31 -35 132 -8 149
80 125 -9 18 53 -34 138 108 -34 131 126 156 57 -20 54 89 148 69 144 129 138 -23 -25 -14 44
128 66 88 57 78 150 159 145 46 159 -20 70 31 -27 -25 45 78 140 91 27 147 4 146 67 120
-13 34 -9 112 31 28 53 45 97 71 -36 37 -34 128 -18 -27 -40 102 97 -2 148 115 49 7 141
53 144 147 121 53 -23 61 42 7 25 113 64 44 55 85 -19 124 141 32 66 16 103 153 40 40
28 -29 73 128 11 -24 39 128 0 91 93 139 23 19 13 96 55 125 34 80 -5 40 136 15 85
31 -32 119 116 -38 -8 65 0 135 122 45 122 40 -4 157 -38 68 40 100 36 18 53 100 106 34
133 57 40 95 32 -40 67 115 26 101 148 41 128 75 156 -15 -31 -28 96 15 122 3 102 -19 82
72 8 -22 128 77 74 10 50 95 119 129 55 63 0 139 159 65 151 21 41 12 113 -7 -11 147
2 13 43 -20 -26 78 4 23 -11 12 24 129 30 -35 7 154 47 86 36 83 100 39 150 148 70
31 105 -19 30 143 149 115 138 139 -34 22 95 47 156 -7 48 95 139 153 150 122 125 -39 65 -33
127 29 94 31 17 158 105 157 -22 -2 4 132 123 -12 24 -39 83 50 -36 -39 -13 157 52 131 123
