1000 439
504 53
321 65
238 89
452 103
485 140
761 178
725 182
726 205
662 206
621 235
538 252
534 262
874 281
679 321
380 364
575 395
910 422
88 470
357 481
618 524
686 550
220 558
373 571
621 591
84 641
272 671
667 702
991 733
70 748
23 756
876 766
865 804
35 821
936 849
425 851
590 857
62 897
737 900
781 924
923 943
545 963
895 1004
804 1051
719 1098
59 1105
803 1130
581 1149
963 1161
842 1204
30 1235
889 1271
323 1286
553 1301
820 1350
105 1361
923 1382
531 1412
133 1460
347 1499
779 1546
741 1557
15 1569
156 1579
979 1620
119 1643
805 1681
903 1685
510 1735
131 1773
602 1786
444 1824
907 1828
844 1855
814 1868
241 1893
407 1931
64 1941
695 1947
77 1992
819 2037
342 2059
985 2108
767 2121
980 2165
81 2203
78 2205
539 2250
861 2254
434 2289
894 2336
364 2374
422 2378
297 2426
832 2437
250 2454
640 2478
580 2515
206 2549
182 2554
919 2577
717 2626
797 2671
393 2707
342 2740
112 2781
50 2792
168 2824
541 2841
762 2876
325 2897
570 2922
878 2946
539 2982
793 3000
559 3021
675 3062
4 3079
249 3108
930 3148
258 3159
809 3189
93 3213
112 3224
8 3237
736 3239
986 3252
551 3259
241 3283
304 3285
565 3331
919 3334
382 3355
426 3388
880 3392
708 3415
340 3456
955 3498
35 3545
425 3556
427 3596
455 3634
828 3649
557 3685
764 3715
399 3733
854 3752
786 3793
98 3822
588 3841
870 3871
768 3916
537 3964
849 3966
864 3996
942 4038
322 4066
116 4109
446 4124
817 4170
756 4202
468 4223
721 4247
611 4275
948 4276
476 4302
757 4320
964 4342
206 4344
526 4348
81 4380
332 4401
840 4416
449 4440
636 4455
615 4497
229 4534
707 4538
801 4577
662 4625
904 4637
103 4672
731 4719
492 4753
164 4778
792 4807
57 4812
286 4855
651 4893
291 4911
811 4948
626 4954
91 4967
377 4995
818 5006
384 5008
25 5058
810 5090
755 5120
468 5162
442 5171
146 5176
820 5224
617 5248
461 5263
79 5273
405 5301
486 5338
10 5374
64 5391
784 5425
461 5466
997 5491
55 5529
122 5533
958 5581
403 5605
304 5617
591 5645
96 5677
434 5695
631 5730
160 5750
208 5778
93 5803
917 5849
344 5880
520 5886
414 5920
300 5960
26 5977
761 5985
506 5994
838 6029
93 6052
16 6053
808 6071
753 6119
24 6154
252 6191
297 6204
93 6242
29 6291
429 6309
425 6326
187 6371
681 6418
927 6426
340 6445
647 6481
98 6511
492 6541
657 6552
343 6573
407 6601
725 6641
130 6654
466 6662
139 6710
882 6729
10 6739
634 6775
98 6784
332 6794
749 6815
257 6855
914 6893
25 6936
554 6939
567 6950
419 6960
832 6994
364 7027
210 7038
943 7046
976 7060
836 7103
587 7150
58 7197
461 7240
824 7245
591 7254
346 7276
675 7295
559 7336
67 7383
911 7414
336 7423
170 7425
575 7438
260 7469
798 7496
772 7535
804 7574
452 7601
62 7650
347 7684
165 7729
949 7749
621 7767
988 7782
409 7826
632 7874
682 7904
266 7924
7 7963
846 7968
821 7976
254 7982
407 8024
996 8055
538 8079
848 8084
519 8085
815 8122
99 8132
204 8145
564 8192
64 8212
889 8250
590 8276
404 8315
569 8346
724 8357
846 8385
58 8387
598 8423
341 8439
308 8489
473 8510
541 8532
483 8568
93 8602
159 8626
853 8633
882 8643
586 8651
252 8662
850 8688
541 8732
304 8770
200 8818
815 8859
916 8876
474 8893
103 8921
834 8942
862 8975
777 8993
536 9013
379 9041
520 9076
76 9096
121 9117
372 9144
596 9186
647 9202
916 9211
130 9216
347 9233
688 9250
893 9298
306 9307
594 9322
484 9339
210 9375
620 9379
896 9426
318 9447
633 9478
819 9486
302 9491
161 9498
220 9499
619 9547
629 9591
48 9641
536 9677
441 9680
347 9699
972 9749
848 9782
598 9794
926 9829
965 9832
326 9860
180 9888
670 9891
623 9934
355 9945
326 9970
687 9989
663 10019
922 10056
156 10091
348 10136
723 10177
248 10181
732 10216
485 10221
781 10249
750 10261
778 10291
345 10301
8 10321
773 10329
304 10374
28 10376
129 10423
488 10452
646 10478
546 10498
655 10536
173 10568
611 10573
969 10574
266 10608
516 10640
873 10679
755 10729
111 10739
830 10788
676 10798
905 10801
330 10806
734 10839
659 10856
264 10898
777 10915
251 10963
973 10969
47 10982
624 11030
924 11063
285 11084
23 11096
351 11117
450 11122
942 11141
337 11156
45 11197
760 11227
759 11252
123 11274
240 11303
30 11337
976 11352
243 11367
818 11382
681 11383
939 11427
761 11477
157 11493
508 11542
307 11573
545 11611
599 11619
275 11626
127 11676
862 11711
455 11725
738 11763
447 11774
712 11824
677 11830
713 11843
726 11845
862 11867
109 11872
298 11913
670 11949
284 11965
892 11972
9 11989
534 12023
558 12054
121 12064
203 12076
479 12079
850 12129
549 12154
7 12200
458 12239
226 12277
723 12286
599 12326
683 12367
479 12376
712 12406
215 12443
617 12482
614 12524
635 12566
589 12593
827 12641
39 12682
725 12715
255 12752
211 12774
488 12810
754 12856
831 12869
487 12894
590 12919
318 12960
386 12984
618 13032
91 13047
873 13053
420 13056
775 13076
976 13125
51 13172
829 13209
870 13251
333 13270
271 13306
518 13323
268 13363
203 13371
124 13385
108 13399
135 13438
49 13476
638 13486
884 13511
215 13539
395 13557
129 13602
197 13651
934 13690
804 13715
766 13745
480 13766
320 13807
197 13821
644 13857
683 13907
571 13913
339 13932
912 13959
833 13979
656 14022
364 14031
68 14070
323 14094
840 14108
906 14154
331 14168
394 14189
991 14204
582 14250
139 14298
689 14309
763 14331
61 14379
281 14400
839 14413
221 14414
134 14452
880 14461
323 14475
358 14496
442 14536
762 14556
670 14586
355 14617
402 14661
820 14702
148 14731
794 14741
764 14768
766 14816
170 14863
690 14905
6 14950
600 14965
937 14995
678 15026
257 15075
486 15097
353 15098
674 15142
79 15158
565 15169
742 15180
92 15215
956 15263
715 15274
710 15314
292 15315
496 15335
346 15339
905 15380
691 15429
362 15463
68 15468
447 15469
271 15487
614 15513
80 15523
397 15544
365 15547
768 15594
611 15616
151 15627
309 15677
334 15722
808 15728
87 15777
258 15803
706 15845
296 15882
204 15885
143 15890
973 15918
578 15920
635 15961
818 16006
877 16035
604 16062
426 16074
667 16119
903 16160
447 16176
503 16177
198 16224
236 16257
974 16295
436 16322
396 16360
192 16377
311 16405
814 16455
854 16463
334 16467
424 16507
113 16514
514 16562
197 16612
586 16628
285 16639
499 16687
605 16715
113 16760
196 16762
420 16802
658 16803
850 16805
601 16852
5 16874
728 16894
195 16922
849 16934
836 16977
988 17023
631 17033
845 17069
253 17086
521 17120
183 17142
590 17179
770 17223
552 17233
992 17279
343 17303
571 17327
942 17336
635 17356
191 17360
487 17364
169 17413
112 17462
603 17468
752 17493
683 17520
938 17535
983 17574
307 17588
789 17608
293 17645
206 17672
205 17679
373 17714
27 17763
589 17778
366 17819
528 17838
226 17847
748 17852
73 17886
663 17900
182 17909
668 17920
826 17961
662 17972
341 18005
249 18055
318 18099
392 18110
758 18151
824 18180
534 18220
412 18252
833 18298
274 18318
171 18362
186 18368
593 18392
103 18394
459 18438
110 18486
956 18534
460 18576
194 18597
732 18608
409 18628
845 18662
482 18709
881 18724
832 18772
874 18787
3 18792
648 18823
581 18839
870 18845
218 18886
26 18929
69 18952
138 18978
110 19010
596 19055
272 19059
766 19069
166 19071
749 19117
189 19153
625 19195
268 19235
812 19266
224 19278
763 19326
788 19347
669 19372
942 19418
289 19452
917 19460
917 19499
14 19547
633 19559
718 19592
49 19603
554 19621
185 19657
66 19707
731 19729
708 19735
28 19782
388 19813
116 19822
705 19869
900 19897
987 19902
818 19924
720 19969
816 19997
159 20034
347 20070
76 20116
263 20140
753 20148
968 20178
181 20214
899 20236
14 20268
875 20304
891 20313
695 20363
100 20382
688 20408
835 20440
809 20483
435 20499
343 20514
566 20559
408 20575
725 20601
160 20635
249 20655
822 20685
567 20695
773 20711
879 20729
958 20760
677 20800
643 20834
72 20853
542 20895
873 20899
440 20924
94 20959
190 21009
571 21018
822 21024
754 21059
439 21096
241 21144
182 21184
906 21226
293 21260
25 21287
470 21328
646 21334
525 21362
186 21376
675 21408
878 21416
775 21439
910 21473
87 21505
493 21538
148 21568
163 21588
755 21602
769 21625
216 21654
932 21695
445 21720
48 21757
545 21769
76 21782
659 21806
187 21827
989 21864
675 21873
502 21911
286 21935
832 21951
38 21976
680 21998
382 22013
643 22045
555 22092
685 22108
793 22132
669 22166
458 22173
237 22176
17 22180
614 22194
5 22219
56 22232
849 22255
454 22295
592 22311
376 22345
557 22380
250 22392
961 22441
482 22470
894 22496
463 22541
144 22556
341 22601
67 22636
284 22662
120 22677
560 22694
913 22726
836 22739
483 22748
600 22789
636 22839
617 22848
194 22862
951 22868
771 22909
554 22932
514 22950
21 22956
263 22985
909 23013
752 23036
147 23079
443 23115
637 23165
190 23187
931 23214
461 23250
132 23276
234 23277
889 23284
595 23331
305 23381
413 23404
684 23427
975 23465
700 23513
369 23541
701 23555
267 23566
524 23585
778 23604
373 23611
269 23634
847 23662
886 23687
475 23707
188 23722
474 23752
316 23753
436 23755
272 23779
68 23800
256 23815
288 23854
229 23885
199 23890
461 23914
44 23919
552 23920
983 23941
857 23957
890 23968
528 23987
928 23996
148 24010
937 24031
926 24072
787 24120
568 24134
123 24183
388 24191
601 24202
762 24231
25 24274
385 24303
86 24337
599 24349
129 24357
580 24373
223 24401
536 24449
480 24468
668 24498
12 24524
470 24564
872 24596
110 24636
326 24649
925 24693
387 24701
14 24742
785 24774
732 24793
677 24797
731 24815
243 24864
715 24902
621 24921
111 24962
219 24989
372 25023
668 25050
309 25098
226 25130
699 25151
347 25160
249 25175
308 25199
245 25238
81 25251
139 25300
936 25312
4 25357
707 25392
307 25398
59 25424
424 25434
946 25464
110 25482
865 25522
191 25544
792 25582
551 25606
948 25617
573 25621
90 25658
798 25686
226 25731
140 25767
943 25801
804 25835
778 25876
989 25901
686 25938
28 25967
807 25979
917 26016
524 26042
852 26060
