1000 2
42 40
69 63
15 61
81 89
92 77
36 34
20 74
58 53
51 81
71 16
62 22
64 86
70 47
87 22
24 54
4 97
91 95
96 76
56 79
42 64
32 60
26 53
40 28
81 9
99 56
99 38
6 31
99 28
21 61
93 38
71 15
15 59
22 64
78 24
5 65
61 82
63 57
38 50
45 69
45 26
60 80
35 70
76 43
11 75
78 20
25 41
61 56
76 79
53 27
46 18
73 76
59 94
42 26
94 29
61 63
96 30
30 40
15 18
84 42
100 67
29 28
58 33
34 5
10 86
95 41
36 36
61 24
80 2
22 47
50 14
19 40
55 63
5 12
20 48
41 20
34 36
82 38
41 44
53 42
83 94
80 73
100 23
65 81
87 78
5 3
8 60
9 46
62 84
69 65
61 9
44 77
100 34
8 41
89 62
27 3
33 1
20 76
7 15
36 39
46 44
84 66
54 28
63 54
9 62
6 15
59 60
4 13
75 22
1 65
42 100
75 87
41 82
7 81
60 99
94 81
75 37
44 5
36 26
66 36
79 47
92 28
4 46
98 3
75 66
96 35
60 74
38 60
11 81
82 44
7 80
24 45
6 94
91 99
24 61
62 36
97 77
79 58
26 27
21 33
56 20
21 23
16 92
75 96
30 10
15 78
17 58
90 37
93 78
23 80
100 30
58 46
91 74
56 57
76 86
18 29
6 95
32 63
25 85
99 68
4 17
67 90
41 16
31 47
23 9
58 89
51 52
98 62
21 4
41 52
79 24
48 85
28 19
97 65
7 62
77 81
67 38
66 5
99 19
71 77
51 3
10 90
65 48
35 12
14 6
15 99
6 13
44 67
79 48
13 37
94 58
38 1
76 58
4 74
47 78
7 92
22 4
18 10
51 58
49 27
76 64
78 67
1 85
2 60
39 90
10 6
83 42
9 81
55 48
5 53
70 78
23 65
63 81
69 1
48 2
83 93
89 91
98 79
84 87
48 12
80 14
53 96
97 78
63 77
3 76
18 99
7 15
78 18
28 8
1 95
16 39
82 72
10 41
32 36
64 15
73 95
25 35
78 64
32 42
32 13
37 82
69 11
46 89
57 72
39 79
57 5
23 18
25 81
86 52
42 13
24 27
7 37
63 64
17 33
57 1
95 84
93 82
95 50
64 15
59 50
1 81
100 75
94 66
81 73
39 15
85 82
56 17
18 98
94 83
58 28
51 40
80 16
23 40
1 43
68 6
5 66
18 66
80 91
16 32
1 22
91 42
42 44
40 29
83 38
66 99
6 28
10 94
80 12
47 61
13 30
54 93
14 35
98 86
36 32
13 52
26 37
79 61
23 98
61 33
42 72
31 69
19 61
22 44
87 83
60 4
93 48
94 33
7 60
92 14
28 67
26 33
99 46
19 40
66 28
6 82
42 58
8 83
54 52
16 66
48 3
63 17
27 29
57 10
40 55
22 88
83 22
42 64
81 72
82 4
53 11
67 47
68 78
74 63
20 44
27 71
88 74
40 100
77 63
2 60
39 74
70 82
95 25
49 25
16 5
38 75
30 99
33 58
3 58
73 76
55 86
99 32
42 13
79 77
25 28
53 98
3 39
68 55
63 98
87 35
59 16
49 59
35 23
15 100
44 76
89 61
65 17
93 29
63 68
51 52
93 12
54 16
66 64
10 83
43 40
77 55
6 48
56 51
86 23
65 1
70 9
45 37
24 29
76 81
2 87
38 22
95 58
42 92
48 98
98 66
51 100
78 17
26 11
38 43
21 3
35 68
34 13
66 45
93 87
32 61
84 18
98 77
49 66
20 96
38 49
22 52
7 44
90 9
59 75
65 43
14 96
38 38
15 100
60 86
97 58
89 41
28 85
12 59
58 17
29 33
64 17
7 6
43 12
90 46
48 26
47 51
20 14
77 51
14 46
75 49
75 43
24 12
67 64
35 99
17 30
75 30
33 26
20 38
11 15
89 96
45 78
57 100
50 68
36 6
86 95
15 32
30 13
92 87
40 94
49 21
92 5
64 84
6 64
28 86
83 77
47 29
67 52
7 41
6 14
56 76
68 94
31 93
16 45
65 94
52 9
12 25
18 67
39 39
78 18
2 37
68 19
96 27
2 36
40 62
99 13
40 24
19 21
88 3
59 65
64 84
2 27
65 28
6 76
9 46
98 2
11 15
60 80
29 82
21 38
38 31
57 68
72 63
20 99
30 78
29 8
36 82
27 74
28 88
42 23
53 26
1 58
75 20
16 76
85 35
5 14
35 92
72 39
96 57
55 99
89 59
85 47
77 60
67 8
60 99
41 28
3 47
75 84
21 9
56 28
4 54
57 27
8 13
51 75
25 50
11 38
88 84
23 21
67 1
85 90
6 48
19 63
3 8
42 74
55 88
36 31
95 15
90 47
57 14
92 71
46 5
40 53
93 39
54 31
27 82
25 44
3 99
52 1
98 98
64 69
83 11
17 18
48 73
7 16
21 76
62 48
59 35
40 70
50 55
32 59
44 95
69 18
76 52
44 26
3 93
25 37
82 69
77 80
29 73
37 64
45 26
61 97
73 39
20 70
68 100
64 88
78 47
70 36
52 20
55 88
98 48
42 70
48 94
37 94
54 51
36 1
57 88
37 70
10 30
22 25
6 10
46 67
85 43
6 86
10 17
81 46
55 64
90 76
80 54
34 83
53 90
23 32
17 62
18 64
48 28
2 87
38 45
26 47
66 90
33 80
77 45
70 93
31 9
2 27
79 61
42 79
80 7
94 22
21 100
80 47
7 76
67 11
74 9
60 53
28 50
34 69
42 15
26 11
61 50
98 98
53 24
3 63
23 97
78 69
24 67
95 53
9 87
38 71
23 35
96 71
28 49
10 95
57 23
41 28
57 48
37 75
78 57
99 62
88 98
91 90
15 9
31 48
60 13
54 49
93 90
70 44
36 91
100 52
85 25
23 82
48 26
35 85
70 46
40 76
45 19
68 60
74 48
57 12
36 38
56 31
91 34
10 98
18 89
21 13
63 45
68 56
53 81
17 11
100 54
36 58
13 15
21 49
69 23
95 16
91 85
71 87
74 51
12 9
45 27
16 95
56 99
96 59
12 17
35 30
86 89
85 64
32 24
75 92
76 30
62 40
87 74
60 79
74 1
80 37
70 5
30 20
49 92
96 41
17 90
64 23
14 80
13 24
71 35
2 81
22 53
34 97
75 75
31 17
83 24
74 43
20 18
39 13
77 39
6 34
61 67
69 16
100 89
98 81
5 75
53 99
24 64
47 50
63 54
3 54
29 17
74 35
83 11
14 66
51 48
59 33
67 41
49 86
26 38
75 80
58 54
45 83
94 16
26 76
68 35
40 66
99 74
64 99
47 15
39 15
86 87
47 26
91 11
93 73
2 37
7 59
98 77
25 18
67 15
57 82
73 40
51 21
91 97
24 50
13 19
3 95
95 60
59 37
999234 825462
32 17
29 60
48 9
38 95
6 62
85 83
33 68
14 55
27 35
31 57
43 61
83 15
58 64
50 19
33 67
6 86
47 29
15 30
69 43
53 50
79 60
86 99
95 35
59 60
26 19
11 34
83 38
36 18
91 81
30 81
39 72
58 11
49 91
100 43
66 56
11 39
25 80
67 67
81 42
41 5
85 71
53 24
21 1
33 1
66 85
97 25
71 63
59 16
95 58
47 20
94 61
49 29
35 42
64 92
41 13
51 80
62 30
75 48
6 12
52 56
40 65
21 11
71 16
55 50
72 25
66 31
83 45
22 89
22 22
72 52
9 37
9 89
37 63
42 29
64 18
44 39
81 10
19 19
61 40
53 100
1 82
75 46
28 28
6 39
57 88
53 97
71 74
52 81
13 47
26 98
36 92
41 53
68 30
87 53
59 42
53 3
65 23
82 28
41 59
13 78
93 23
89 41
61 99
19 60
95 67
43 45
67 28
28 94
50 50
72 85
55 90
7 23
21 9
65 69
58 58
12 15
10 77
17 22
45 4
26 70
74 81
53 5
15 42
79 60
78 14
23 92
11 89
52 83
73 28
18 57
47 31
6 78
39 100
44 19
77 33
86 98
7 54
23 90
30 76
33 93
49 18
52 88
81 51
83 73
76 64
34 60
16 24
87 38
28 18
20 25
59 91
65 69
81 46
34 1
30 53
23 49
22 54
31 67
59 62
36 98
55 97
21 43
65 49
24 56
83 65
23 78
54 14
29 95
81 17
18 40
13 98
35 18
42 34
68 72
32 16
24 65
65 87
47 16
6 64
84 40
69 82
2 11
61 25
90 7
6 90
58 61
13 93
100 94
52 73
46 75
11 45
22 60
50 74
20 49
27 12
47 73
80 25
5 49
54 56
70 14
61 99
60 55
88 62
82 49
49 57
46 96
98 32
10 95
3 1
91 33
44 62
41 64
44 54
32 15
16 96
47 83
14 15
94 82
57 24
69 29
65 56
96 76
40 13
65 20
76 34
57 88
85 80
75 13
56 21
38 57
