1000 2
153874 383151
23768 325441
960123 424702
383998 74983
944831 2382
14124 30674
844638 193431
966592 738053
364877 741775
348291 355075
249806 542580
358999 618542
903468 754568
906108 107025
464784 30749
763007 741049
65923 718534
756479 30333
42305 602477
405917 196127
756470 370371
339967 762443
998488 381330
751361 94332
49952 439470
788410 424894
777318 168778
611046 183182
342936 573222
66357 866397
770966 777254
899567 376627
651053 222398
741250 386865
65839 698890
422634 290991
384236 224250
70907 333060
23631 138091
217870 32483
149078 88016
867078 495138
699183 52751
223998 703575
108076 497640
357521 369691
830627 280080
653765 330096
822885 409884
491092 303999
520345 264921
827417 615929
421300 729976
560980 501280
292886 393830
908249 766558
733828 889658
753563 37011
138622 408520
135185 803628
694077 689298
713539 830190
710027 689822
204659 560851
995774 12963
295082 806795
332434 400861
536094 70627
899746 698112
571133 886275
432195 856777
49944 7441
904126 332335
297583 583668
758055 969017
280277 208755
300318 777769
605312 693179
317666 914262
343215 687103
807501 56215
106040 640378
557936 301595
371437 573904
549259 826774
186986 919186
756457 42646
64190 16929
352726 777524
552436 300010
933822 444901
575677 712719
954084 193200
653307 963814
894907 295354
121836 427034
990245 104765
170737 626543
150981 613463
533434 540708
283267 526399
623697 401009
894107 387538
501183 871408
785378 999947
591454 398040
813271 247634
864637 854947
699938 624491
285609 430482
984492 789711
834206 702215
295194 171480
948234 900367
970023 377237
806074 358723
915996 61245
725156 924995
858607 545921
274576 873187
396342 963130
999843 146530
446982 604162
333065 180949
956332 959454
575678 205347
200519 754137
485498 243241
950976 156076
417911 703230
278952 815384
850016 286288
786860 658262
605015 454445
759607 452006
675491 236830
585125 63173
783733 628142
352415 452218
954453 794952
35991 965134
158254 709438
221602 652891
723698 341286
77613 649149
512107 833823
550557 770854
68256 448049
321415 96206
80160 85138
608200 820935
136813 406789
826691 706478
863432 509086
799861 759933
18966 266720
55542 704830
677804 360455
520079 370010
679548 101857
895922 300816
971163 557462
314138 342977
721198 382729
630464 647655
409521 192087
761847 478758
71331 133693
266533 323003
754962 687062
366302 109713
397310 543169
335966 407858
478637 803233
634531 574170
234890 360830
245285 266856
388475 526216
756403 305710
516606 976060
143851 50343
14654 146464
299862 328456
198520 181928
854750 131695
352132 919035
178860 222776
764867 148751
996066 592367
729444 842928
439986 459679
814098 586336
249689 441481
645246 386265
268412 206640
30724 527598
635229 315025
218236 835087
103994 883121
428832 377643
917570 406862
995029 294576
655093 649847
331672 743470
520407 379256
789510 371801
765200 768941
505800 926573
553763 512887
51609 748908
425673 666573
538869 751747
346921 79018
447967 979019
516727 16932
949199 91819
555302 529437
991863 656346
736651 533330
499953 264002
200144 386193
525703 482368
105745 60231
740382 792520
608982 125559
746623 848806
848877 425287
677187 847263
956708 796277
392987 25782
57504 832358
218874 325386
59485 473759
139807 513308
103427 986573
191042 677167
319393 583806
452890 606856
200520 773298
781449 70229
980807 414412
517221 147626
850622 555171
579300 566374
742817 924086
691107 455156
683979 777852
133779 516846
770940 111960
437569 672155
44593 60971
485376 414617
927071 346436
177972 908438
56907 89330
871166 286264
738697 711099
294271 624925
740751 2789
262347 737916
9076 978993
986796 625898
725643 783655
715664 17337
277142 921165
476816 590395
662953 715697
964573 387172
190749 916006
249097 117005
584621 6987
26031 49877
834352 556742
936769 883618
656051 200208
36972 437253
708274 138410
585386 101436
846131 615406
904356 902673
83200 573696
25345 349535
317951 22435
850255 680372
852335 60456
824845 584018
900225 827265
68306 350224
177297 886835
856670 73502
663039 520618
650364 479398
874734 195110
961680 869325
63449 474771
358466 707544
785677 831991
707335 251820
336583 921797
361289 927789
429290 694350
683187 396360
985629 239959
856922 581261
567871 587973
931851 80308
32264 320053
485933 140673
222397 442920
897491 203201
929679 523548
391905 241972
491089 490038
875351 716933
544724 920410
384127 202036
386849 112285
632175 94804
853715 818962
204988 134256
360270 644993
128891 532809
425952 888822
914293 236283
35762 13429
375462 353086
219562 301963
918834 199111
868065 423295
161189 253198
956 634024
328869 197995
441321 282584
227703 538
133368 282678
447722 939997
564755 143594
479395 140865
35164 374577
315334 262904
808097 209296
199935 263717
262206 168548
83498 845303
476880 266904
218469 565228
34449 205873
814767 868343
30613 172035
827581 728061
194336 32455
246041 258488
65442 26884
380599 687998
662992 680489
669846 27996
558047 157757
857743 899228
847071 954349
734974 599591
150899 267780
947850 448643
99817 956602
508754 482108
497594 647267
501749 658977
560671 358024
105982 418342
309965 511187
536939 2087
528336 786019
273176 409548
893504 493440
73357 301511
609569 187752
717601 81018
622685 732296
175625 272182
772502 7558
858817 906591
531883 439867
893269 151211
543881 600830
552012 672841
212843 353883
840370 129630
179247 140899
698305 439018
982806 459485
603947 385737
736216 566362
71751 45398
816482 517031
265877 148778
724653 135643
947695 508546
749628 688143
739215 774527
33842 468013
499831 685574
883533 780513
538817 742855
94147 932653
266499 547419
429815 874457
212446 567687
953176 581255
854052 404318
836311 278629
440739 243074
194371 85179
725074 762379
851842 960868
375063 732416
58478 689817
283059 969217
633609 231209
467275 462984
941663 263813
636564 781764
801591 164727
44057 866597
383413 675699
64172 68214
104079 315782
844903 833315
533546 562283
360093 281372
371664 472124
95203 761234
501200 442118
10228 535647
357683 315445
926789 965378
913878 46062
679654 988423
510889 680892
402770 134149
236290 203425
27539 322625
160607 843278
220116 960625
281782 751663
972357 399322
647355 745437
817061 862874
38062 497911
412143 15554
95325 4363
462563 222875
201853 542445
309167 614026
220449 563306
611194 562766
333077 503127
466382 93925
231130 766978
644063 316302
639037 32266
548668 331818
187990 919947
535953 318460
298074 725681
117654 956687
548510 129518
839000 276279
289833 626502
530786 407855
281972 538823
303112 836386
948544 510871
92111 231877
871956 145573
140860 200161
144210 117250
172856 535086
10165 473160
796124 666395
243242 865784
354399 558891
263687 53794
848473 77625
679148 787581
611123 676380
147829 554070
152174 240421
488473 750373
206156 648965
767138 185980
806879 749580
719753 490905
924972 291660
105773 749274
821690 477788
739056 39248
594301 620472
703982 132396
349722 344262
849051 918485
368407 635507
268408 438044
713185 636220
65010 214023
51064 58313
416983 507274
95611 821363
824117 204500
609931 166567
626065 805956
180127 998114
828353 534588
754852 535836
567783 927758
754446 518401
908874 685780
647168 602394
380434 499356
470612 41867
744416 654463
941127 986613
714952 774739
781380 948091
617388 550838
737291 468322
566 935883
589310 651666
679281 457857
116232 242809
964741 181838
998251 639375
839949 166076
267812 415796
26198 989274
679548 724661
405239 283283
274094 385645
900040 831387
729264 659848
103936 515973
683296 482339
354031 768369
838860 379535
400148 46243
892318 966517
838172 993264
188706 452179
330744 777554
356406 630564
816601 81178
446605 572894
556299 396612
355103 100565
593771 36070
533169 716925
837318 44227
718524 643724
407312 882236
207869 422142
332158 844902
648344 298482
277568 202807
156010 330610
947038 830297
18538 457040
794286 199457
923386 208235
346864 375129
487248 871377
147270 615417
607291 224255
634899 342005
734165 162371
61806 933360
160452 804482
692675 129102
176236 555926
463046 212647
648053 502095
699093 339159
426100 572699
318570 381170
321656 893760
732857 61909
972467 158469
393068 287767
243844 369393
305657 733279
670365 358507
598620 555087
988630 364032
990710 124190
347405 607107
179778 366788
911735 87119
9264 37198
764488 933416
854240 19857
655547 19072
926460 129147
764606 599445
452274 319173
993342 715191
936781 619268
355786 614056
463215 479007
569510 415964
916845 987227
325103 780639
800839 118098
533157 374934
43906 102595
592730 234973
798500 511298
658294 995536
845132 757328
679973 675557
848363 400453
978461 828599
611683 571562
853007 485405
148410 75747
364137 59129
717946 521033
786950 855309
421801 501782
631347 913863
994784 151546
547679 243357
342603 895882
909662 728595
745916 270552
227354 689306
545516 472669
144919 980498
784910 464019
411360 948336
760977 116128
752659 537595
562675 846124
605126 715632
496445 330067
147349 452358
757471 846518
395722 193548
724456 919276
785063 500206
793761 698774
348370 206358
555207 373649
994973 469103
539428 770820
278450 255300
170249 468696
323736 177543
777322 576135
438628 408046
9750 595214
134014 629240
944785 352252
624783 286030
515920 24301
484548 781188
364176 165392
875394 455806
336531 334819
512678 308719
468088 288832
86391 473917
676790 435857
369451 575937
170548 49248
717778 411882
733768 208201
239267 383873
846283 890768
671266 473799
948246 761103
497962 780730
828955 750792
30620 292854
150305 429913
251620 829497
535581 222349
325669 121471
557418 26383
850817 233740
581286 95801
220678 507208
537128 847626
993848 893508
271841 78710
269047 543323
206798 677592
19149 49715
494487 730307
479190 341859
821383 324918
647116 675246
433769 77677
648430 447918
352315 546388
634189 375500
260818 312855
911091 46764
261066 242388
292528 452581
308583 945458
531522 969645
84045 530059
829024 50132
23128 190021
874403 447079
585561 398142
909138 294005
531950 854693
357512 462062
642941 381414
132868 376999
314508 940349
851917 988281
34624 982828
392384 42698
929201 733575
926776 35
863462 653933
774872 294656
588914 664145
120503 205671
83050 841398
656041 728560
771457 728121
724902 828259
637443 227784
735962 313854
879594 597041
478217 396309
385312 314709
391964 844564
546322 347323
182027 995425
979949 40256
5929 223388
934585 986732
94855 808392
567374 451425
579974 514179
638838 829549
561341 767921
599713 515070
675138 536439
140607 265205
429465 606307
559998 494355
776567 309801
901920 485392
113905 33097
296695 925130
903302 461452
777408 197658
956869 995244
293530 500547
951197 778195
148769 166340
935487 249788
249452 277837
645937 947510
335583 102414
159602 825543
772077 479466
575238 854573
877 650634
126365 897984
322072 411919
831588 617523
887389 310111
47143 318841
88865 781217
637729 414084
742038 92227
275042 570536
842359 669432
834267 822494
181661 985728
655369 10725
691585 828255
903996 916867
699727 164143
412419 73578
428515 861137
970358 463221
259554 485183
856992 908241
586872 697085
382151 588217
971241 849390
748248 969433
319446 408707
311924 816148
389583 366606
448785 51617
181711 901557
669838 348176
404952 121729
209048 834027
495084 345814
516402 202487
376869 67965
555492 220378
610994 77021
175490 772054
388974 825737
667607 855347
169182 515955
673775 446460
884999 309181
221566 878559
990826 240560
275440 5304
557277 289350
174158 721383
748232 972641
965833 670877
985464 612511
37863 226550
319459 35653
790151 557952
158329 654744
468306 714971
260643 850954
207488 830328
831258 551825
220036 777859
43751 829268
804758 225629
611059 71743
45659 705794
797322 719543
316018 526730
58608 219239
662173 972043
402016 491447
573450 484059
160221 775774
192510 731507
938551 907534
174109 896495
744541 974094
163864 82034
237593 820006
372851 51558
217900 321907
677297 181793
901062 557274
183839 921315
723938 344857
925627 734332
619452 731321
302079 289994
45040 157088
868493 339296
89328 508355
751992 882947
926818 250488
194220 264142
869524 405289
407548 207605
552541 158373
422022 614822
108561 185552
556357 644491
444832 990139
280115 456300
845963 312654
682713 18098
362884 995682
75508 652422
501730 272555
928069 664408
958462 942290
54134 661692
20077 570977
448164 22894
842969 819544
55629 638326
886014 602269
843352 298407
550591 262095
985467 327105
937954 750203
175180 578166
252591 226983
338088 345610
584032 852812
666938 462419
639493 96354
922729 251808
117431 832275
588640 942774
911990 362321
851707 121206
846946 574659
529547 397658
118866 444826
585606 121694
654741 703939
232846 739515
562179 331509
124316 827342
539326 559721
576329 549016
859658 994538
579769 605022
875463 628994
405028 502193
21127 979540
778626 914760
288208 205192
743187 915721
690543 797600
389704 655270
856631 919082
447313 586532
77141 565838
320708 865271
799249 239239
137830 5962
917155 246574
544218 210459
929135 925682
363875 535362
242335 96292
298776 857425
894940 654127
293475 986775
271465 476069
994485 29119
853020 667060
143050 754390
114745 457847
762004 601962
334060 955689
211975 190157
864291 615348
575808 143161
523526 699943
845779 650957
517588 601415
355247 589814
833051 702076
238832 373929
715668 631660
556801 24076
380696 389605
843628 193652
455107 628148
172160 924809
450084 574995
363294 738246
203677 734654
346848 37405
638558 21158
231589 525368
926136 472319
993469 594841
330784 305716
309550 92834
493571 634107
845729 703601
797568 425538
220588 911267
376647 621064
709309 742650
267276 22665
106911 695641
676775 363153
731756 369452
265483 468338
858512 526884
959777 338769
490421 982752
844032 411738
508432 350759
129099 988500
626696 229906
488360 940686
815806 946119
610072 316537
921917 649247
749560 474704
975104 315561
337555 243377
881306 595336
766242 785551
718726 92535
587553 570817
315019 115693
547214 541938
951371 673756
668929 826427
472297 373331
