200
30 2 47 137 156 200 233 237 255 274 289 297 394 479 530 542 590 593 631 633 682 710 749 777 802 838 844 903 927 976 987
30 6 108 115 158 178 183 187 194 276 299 310 342 356 374 410 463 489 501 524 527 539 567 671 786 810 853 917 930 941 955
30 5 7 74 96 108 125 226 264 397 413 431 445 452 455 456 468 478 497 532 550 588 625 751 759 814 887 889 922 928 962
30 13 31 71 76 81 92 101 125 139 245 381 411 412 472 512 640 673 718 732 733 762 782 825 875 880 892 907 922 974 981
30 36 47 52 99 114 128 211 250 271 333 357 377 388 396 412 466 480 498 512 547 558 569 630 686 735 743 811 861 926 930
30 164 193 264 301 314 315 316 348 356 360 372 395 432 443 572 576 588 608 661 723 755 772 795 804 829 886 888 906 932 966
30 10 95 120 125 142 216 278 279 348 378 427 463 486 508 565 576 580 625 626 631 638 682 712 772 785 786 798 799 943 984
30 52 87 89 113 166 205 218 226 231 253 258 302 312 411 412 480 503 523 562 597 626 683 708 752 773 774 818 919 922 925
30 25 36 56 160 161 166 210 255 348 399 463 565 568 588 607 617 627 649 694 700 702 727 741 749 783 799 840 855 929 991
30 33 79 99 112 123 194 233 249 267 316 380 404 432 455 457 563 566 576 580 587 621 627 644 785 807 809 818 851 860 969
30 59 96 202 239 295 313 417 462 466 575 592 616 694 708 712 746 755 771 783 821 826 827 847 945 952 969 982 996 997 1000
30 4 8 44 88 94 119 154 182 211 352 355 385 440 493 522 537 551 588 623 624 700 712 736 807 824 835 842 894 924 972
30 15 126 161 213 247 310 374 390 421 446 449 480 497 524 542 563 570 598 610 612 630 654 726 753 784 809 849 905 964 995
30 13 28 35 47 55 79 186 207 239 287 378 413 426 431 443 450 451 474 564 603 606 616 641 676 695 925 959 969 984 987
30 24 159 173 174 220 224 253 303 306 311 385 387 389 414 425 478 481 508 607 626 636 652 665 684 746 838 859 885 975 997
30 50 71 80 131 145 198 203 307 363 393 493 515 548 579 585 618 644 657 684 690 712 713 739 772 795 876 893 894 908 997
30 12 15 43 44 92 168 176 266 341 366 402 409 457 550 558 563 581 622 625 668 720 731 739 771 789 810 820 880 906 935
30 44 52 88 150 227 260 354 357 452 472 503 547 557 574 578 664 667 674 701 746 807 815 838 851 859 863 892 961 973 978
30 65 100 166 182 188 229 293 329 352 364 412 441 462 477 589 631 652 686 718 745 751 800 839 860 875 889 904 923 929 936
30 1 14 37 59 114 131 186 227 266 273 311 321 369 445 533 607 637 677 700 714 770 819 833 839 904 912 922 927 969 998
30 27 88 89 132 147 163 187 208 211 295 298 365 420 421 429 502 504 518 543 636 658 690 720 743 814 884 894 898 920 938
30 1 12 34 37 47 51 100 120 145 162 213 239 263 315 322 329 375 392 435 436 486 505 507 518 596 673 802 851 864 956
30 8 24 36 43 89 156 169 219 301 332 341 361 387 391 398 431 514 542 550 616 654 708 714 735 738 774 802 868 981 983
30 15 86 111 147 153 240 271 275 292 304 325 372 444 493 523 524 544 573 583 614 653 742 748 783 835 913 929 971 973 998
30 4 88 101 128 195 230 290 307 348 358 367 398 414 432 436 530 565 636 675 683 717 723 746 757 787 788 835 926 952 997
30 34 42 53 73 124 229 282 293 298 301 339 403 421 488 540 550 551 567 590 592 599 701 707 767 842 886 902 922 947 969
30 50 63 80 99 160 191 269 281 410 435 436 459 463 477 494 526 553 565 699 710 736 744 758 762 830 873 892 925 928 984
30 21 50 142 195 230 306 352 391 493 531 542 546 560 564 579 590 634 642 692 708 725 741 755 781 840 867 892 903 918 983
30 10 34 47 64 86 132 219 245 268 340 384 475 485 505 534 542 584 594 611 615 642 687 733 769 791 856 857 892 918 941
30 29 43 73 145 182 186 211 216 277 284 293 294 309 317 331 348 358 464 520 541 608 657 666 681 728 736 835 859 865 900
30 19 45 67 75 97 137 301 325 346 369 388 417 435 451 460 471 546 587 727 774 847 869 875 895 915 930 949 976 986 995
30 117 230 262 280 293 300 313 379 458 460 465 476 491 523 577 609 622 684 723 725 729 733 737 753 832 849 857 877 936 999
30 7 14 27 65 113 170 176 238 359 434 446 487 502 584 587 588 592 599 602 652 771 821 851 877 929 932 938 948 951 993
30 12 57 86 112 150 182 218 265 287 302 304 321 463 502 543 558 581 587 608 666 668 683 712 745 778 798 835 921 954 982
30 41 74 77 92 106 124 173 179 280 360 393 394 439 535 536 595 624 644 646 654 701 729 742 774 776 797 811 925 952 997
30 2 27 45 86 95 160 180 243 249 259 266 297 310 543 595 617 650 653 661 669 683 685 720 771 810 914 927 932 970 986
30 38 41 60 91 93 131 283 313 329 427 450 554 615 620 624 692 720 763 777 780 783 785 793 830 831 892 901 908 937 957
30 60 96 110 191 235 241 262 349 424 440 472 474 481 488 497 503 554 597 598 654 663 664 672 690 726 774 818 825 930 944
30 17 84 119 192 274 306 388 434 463 513 522 535 558 572 586 606 631 693 755 762 775 778 813 854 878 902 911 957 976 987
30 47 60 67 75 127 157 194 201 220 247 297 328 383 414 464 496 500 511 515 665 678 692 711 820 853 902 904 933 980 988
30 4 5 7 28 34 59 63 143 231 233 258 281 329 339 380 393 419 437 470 599 644 652 660 667 708 716 768 792 867 958
30 8 42 68 72 90 169 191 283 292 303 333 350 413 510 543 565 567 741 743 762 801 803 836 854 874 876 939 949 980 996
30 25 36 50 93 108 126 133 207 215 262 263 265 292 293 504 528 532 538 545 586 637 658 726 758 795 800 818 871 912 983
30 7 203 212 310 361 377 392 418 435 436 488 555 574 577 600 628 638 674 716 724 726 733 823 825 841 895 928 949 975 984
30 43 91 94 98 218 219 262 268 290 358 370 399 433 442 478 678 680 700 747 769 788 810 812 814 850 898 902 920 924 946
30 44 61 104 129 189 195 203 213 230 264 278 402 486 533 534 605 634 664 669 683 692 719 720 763 764 795 862 902 959 970
30 4 39 41 123 124 138 245 275 281 357 397 406 412 500 518 541 554 610 660 697 699 726 747 765 869 918 919 950 965 984
30 88 90 135 196 198 225 319 404 438 503 533 610 618 626 635 645 652 669 725 749 757 806 874 876 886 904 930 932 964 996
30 53 177 181 198 229 238 289 292 312 327 336 347 366 400 481 518 558 574 575 610 668 675 685 713 745 755 777 867 894 986
30 96 123 155 168 184 187 200 237 274 288 313 315 325 356 384 394 479 514 551 615 652 655 732 771 779 808 909 919 924 977
30 130 138 238 256 289 314 325 353 358 384 398 407 429 433 443 463 528 535 565 610 614 624 652 707 753 813 876 897 974 984
30 38 113 137 148 190 221 249 287 316 413 440 469 489 515 538 594 619 649 654 684 737 741 755 772 818 884 894 922 950 976
30 16 28 61 93 130 322 344 345 355 357 358 365 389 472 550 556 561 685 705 708 751 800 816 840 926 951 963 973 982 984
30 55 84 107 112 164 187 229 236 245 355 356 379 397 418 426 472 497 544 706 715 755 769 802 807 810 941 947 976 982 984
30 39 63 65 84 85 91 157 180 185 258 265 273 283 293 315 329 349 368 417 485 512 540 543 718 732 733 845 850 887 917
30 70 128 132 173 184 211 228 237 246 248 282 287 298 428 461 471 473 533 611 687 716 720 755 837 898 907 933 941 950 964
30 15 108 147 157 203 207 214 252 369 389 390 392 471 549 551 650 672 673 750 761 785 797 798 861 887 901 921 945 961 978
30 178 191 196 201 210 239 265 292 350 364 397 424 436 465 491 543 546 551 559 566 573 623 724 736 740 798 802 820 929 986
30 33 102 167 196 235 318 343 371 381 401 473 474 487 509 519 526 539 551 596 610 639 711 713 815 824 836 850 908 942 992
30 33 58 85 120 157 158 171 206 219 239 297 371 385 401 421 452 488 542 577 615 637 650 651 760 782 834 915 942 957 961
30 113 131 157 178 179 234 326 348 358 359 374 396 427 434 474 476 481 557 631 784 798 844 873 877 883 889 891 906 925 993
30 66 87 128 146 154 185 187 211 260 275 340 378 385 393 426 447 528 536 554 613 617 635 709 731 739 815 865 875 942 952
30 2 13 24 56 144 162 184 200 207 218 260 263 366 377 391 403 411 469 650 670 674 678 701 756 806 820 955 961 966 974
30 24 110 112 125 166 285 286 333 340 342 371 406 424 436 478 482 488 503 508 590 655 665 668 740 770 822 956 974 978 1000
30 28 41 92 166 167 190 204 295 352 353 360 397 436 462 528 543 554 581 600 653 660 689 703 704 723 765 776 839 843 967
30 60 94 112 113 163 209 224 315 323 350 427 451 454 541 545 588 629 656 693 694 707 721 761 789 791 797 888 910 937 967
30 13 26 34 67 78 147 148 164 182 191 222 228 274 417 488 521 579 612 627 645 679 798 872 877 879 884 893 898 920 959
30 35 50 78 170 180 212 252 280 295 335 344 369 379 421 422 423 446 478 591 652 675 736 809 835 874 876 879 944 950 999
30 7 42 88 176 184 265 318 341 382 393 416 468 483 486 493 520 612 622 635 686 714 800 805 826 842 854 893 896 913 988
30 4 70 71 82 109 138 152 190 250 307 374 465 490 495 497 505 628 630 661 663 688 694 704 736 783 800 862 873 984 1000
30 9 19 21 26 34 139 186 218 236 265 301 357 368 382 385 443 572 576 646 703 731 783 809 846 893 897 905 922 961 973
30 111 128 141 160 200 227 245 335 361 381 394 405 439 456 501 506 508 673 707 712 757 773 833 839 935 947 980 985 994 1000
30 21 85 139 143 148 156 172 232 258 303 338 384 396 438 465 469 505 513 520 522 541 593 624 641 744 750 886 954 979 987
30 9 33 94 130 154 206 292 322 336 340 403 407 444 446 484 490 498 527 555 580 601 603 605 787 824 829 840 889 894 965
30 13 21 42 56 81 107 131 137 246 247 296 310 319 337 372 459 483 545 573 594 723 763 779 783 788 820 841 870 945 960
30 74 124 144 146 183 188 276 368 378 388 401 430 467 470 491 543 551 592 608 748 760 785 794 813 816 823 839 848 968 977
30 16 51 78 99 135 179 183 284 317 358 369 372 381 429 485 496 610 645 648 697 705 715 726 736 795 822 883 886 895 942
30 31 43 48 71 128 136 157 206 218 221 317 321 329 386 410 452 517 539 547 583 616 618 622 630 772 780 848 914 934 975
30 38 140 150 189 222 233 394 421 441 453 496 500 513 532 611 615 651 696 705 706 719 768 776 787 842 859 936 941 976 1000
30 17 42 102 103 107 110 187 220 268 294 391 416 473 476 480 571 575 606 627 649 661 692 701 708 787 813 826 913 917 919
30 146 255 272 279 286 293 300 342 357 359 375 396 454 470 497 501 510 548 600 605 632 675 679 729 736 821 873 886 903 921
30 9 26 63 68 106 136 150 174 226 284 310 311 375 421 437 507 536 560 570 653 654 718 737 751 764 775 828 843 926 948
30 13 16 56 97 98 147 186 245 333 366 370 394 457 520 545 559 570 581 648 681 720 739 746 773 774 828 883 905 921 958
30 61 78 117 187 224 273 289 292 384 389 412 504 518 533 539 545 579 589 608 625 633 637 735 746 761 798 880 910 958 978
30 1 25 46 59 64 93 151 159 196 217 220 307 356 418 479 481 492 630 650 673 676 760 762 867 913 914 942 947 958 964
30 15 54 101 125 131 149 154 177 229 244 245 250 285 327 339 370 397 412 414 417 438 445 470 490 572 581 709 726 755 812
30 4 70 89 143 147 149 194 253 345 371 398 400 435 499 504 506 509 530 533 579 585 618 632 705 728 779 826 918 939 999
30 125 198 200 205 217 232 234 238 339 358 414 418 457 461 473 475 520 542 617 624 644 646 783 786 835 849 864 888 928 971
30 60 101 115 116 156 216 226 239 250 259 269 288 316 331 377 427 484 536 616 656 666 698 737 747 823 900 910 971 981 984
30 42 44 52 71 116 146 185 266 283 305 318 320 321 325 349 377 478 489 596 656 657 659 666 709 717 774 856 873 946 968
30 30 44 93 180 202 247 270 316 348 355 421 438 459 505 529 539 624 661 665 675 691 774 784 824 846 912 921 934 945 966
30 29 94 120 134 151 222 257 335 411 445 491 505 552 554 579 640 659 678 710 720 727 738 740 759 764 776 802 820 873 890
30 27 36 42 48 53 58 94 119 127 273 282 371 413 438 480 503 533 547 568 630 652 693 757 767 811 895 902 940 950 965
30 10 34 165 182 202 226 238 282 370 378 396 455 457 498 503 547 575 577 634 674 690 701 702 707 781 806 838 840 907 932
30 47 56 122 139 175 230 237 247 282 315 416 433 448 513 537 585 591 630 645 648 670 796 818 840 853 864 870 927 961 982
30 23 62 69 72 109 139 142 180 196 219 264 339 404 455 470 486 528 542 565 571 636 673 735 738 785 816 830 840 882 995
30 43 53 87 127 128 162 176 224 286 312 320 351 395 397 410 476 491 504 517 546 574 613 650 701 742 770 784 824 870 987
30 120 138 196 215 255 278 341 342 389 412 434 438 444 448 504 528 539 548 567 623 651 672 688 734 753 772 782 869 909 952
30 33 37 59 88 107 123 227 228 231 243 292 329 337 357 367 369 430 516 563 665 705 712 733 756 773 877 895 975 980 994
30 24 49 79 138 145 182 201 218 295 321 351 519 539 548 558 602 603 621 622 700 720 727 745 785 796 877 878 896 924 937
30 11 20 77 101 104 149 170 185 226 270 289 317 380 389 458 545 591 607 628 631 636 657 725 761 770 835 840 845 965 992
30 3 6 7 42 45 83 86 97 98 154 223 227 234 245 247 251 278 314 420 503 597 659 792 820 826 857 866 965 988 989
30 29 94 96 114 247 256 318 336 409 443 445 461 473 515 516 524 595 607 663 679 698 714 720 723 737 871 897 909 952 956
30 11 30 138 156 216 220 264 300 314 318 333 349 353 378 452 466 496 572 581 602 610 637 746 773 775 806 857 870 927 943
1 1000
30 25 41 82 87 166 176 241 309 342 367 372 381 411 438 444 490 498 582 585 595 607 629 641 659 693 701 708 790 890 987
30 56 94 148 158 180 250 269 280 290 303 355 431 458 472 481 511 513 542 627 640 730 738 788 851 853 858 887 953 971 972
30 14 55 96 100 110 180 239 279 321 399 424 439 451 468 473 498 502 545 571 587 611 687 698 765 787 895 946 968 973 997
30 4 12 33 47 145 195 202 269 312 327 343 382 410 477 506 615 623 661 688 724 746 781 828 837 909 934 950 953 978 981
30 28 30 91 164 171 179 188 229 240 259 292 329 336 410 448 460 515 542 606 623 712 752 783 820 834 909 917 918 927 962
30 30 37 38 103 118 122 123 156 180 246 354 366 398 467 480 510 517 553 600 645 666 674 698 719 733 746 817 853 933 942
30 22 34 74 134 156 207 211 255 272 279 294 317 321 338 392 461 522 541 582 596 618 643 723 745 769 860 885 890 917 979
30 5 39 51 116 212 220 245 300 345 373 374 408 411 435 467 494 526 650 659 685 691 703 708 755 783 786 800 830 840 988
30 80 88 109 129 149 193 219 234 288 289 370 371 378 417 495 509 554 579 592 615 619 628 699 810 824 862 894 899 909 924
30 41 50 117 136 159 166 188 218 256 282 303 311 313 325 425 430 431 503 536 540 660 745 753 791 833 834 847 868 887 996
30 62 68 78 86 100 148 157 173 181 186 252 319 413 449 464 467 509 524 545 558 564 593 621 676 705 710 730 788 858 910
30 14 18 29 104 194 210 225 244 291 308 312 418 425 626 664 684 686 690 698 721 723 752 758 771 844 875 891 894 967 998
30 21 26 40 56 69 145 172 213 314 379 393 396 482 487 510 526 630 675 680 703 746 795 841 846 875 886 922 947 960 978
30 28 48 57 63 73 115 187 202 204 309 315 395 437 457 464 477 490 492 555 600 602 629 673 744 750 776 781 861 904 968
30 36 43 133 135 137 157 200 202 203 308 313 395 535 544 555 574 585 650 664 667 672 735 766 910 932 940 948 949 953 977
30 18 80 94 112 113 152 181 190 211 235 236 284 332 335 339 369 403 413 525 542 551 691 719 732 772 815 871 884 893 904
30 49 63 66 88 155 180 202 253 271 292 307 379 413 541 566 598 608 613 658 682 730 763 774 801 835 878 935 944 958 968
30 2 8 56 59 65 91 171 176 223 237 264 329 332 421 429 437 480 498 529 624 631 634 646 656 749 811 821 848 950 992
30 44 63 93 186 197 291 340 343 366 367 425 443 468 487 537 557 579 603 609 644 737 742 769 771 782 857 865 935 945 962
30 37 58 81 174 314 336 358 366 367 405 414 466 481 484 533 633 668 684 687 753 770 784 794 833 873 880 896 919 968 983
30 3 31 145 152 156 273 311 320 330 367 383 443 478 485 550 617 648 649 747 753 754 756 759 761 786 818 932 946 950 988
30 45 60 73 183 185 195 221 248 326 362 386 400 424 461 490 508 512 520 618 623 632 650 698 724 759 838 861 878 961 978
30 65 72 98 113 126 143 220 231 288 350 351 378 428 431 457 584 628 715 754 785 808 845 853 876 945 959 987 991 997 1000
30 18 97 154 207 210 323 402 406 429 444 469 481 497 551 566 589 598 610 631 648 740 749 814 819 875 893 897 955 961 988
30 13 17 68 74 93 131 146 164 194 222 227 236 351 422 451 464 534 547 552 596 626 693 740 792 798 803 854 871 940 943
30 31 56 70 129 132 140 187 278 285 297 319 327 340 363 377 398 420 468 484 573 583 589 601 619 685 693 928 937 943 981
30 62 182 187 191 199 220 296 304 315 365 515 542 550 588 640 649 651 662 668 711 721 769 771 815 834 840 851 894 918 991
30 33 75 78 91 109 123 170 226 234 275 375 497 498 535 542 549 570 609 613 673 690 706 836 848 857 894 913 924 925 938
30 69 111 133 137 179 208 280 295 307 331 338 371 389 421 427 439 491 493 497 567 606 643 682 684 704 756 771 808 885 926
30 9 10 16 20 27 48 85 132 141 211 216 248 249 291 352 363 375 398 420 469 644 699 725 738 745 791 870 892 949 990
30 4 35 60 94 146 154 168 207 230 258 285 343 346 426 440 527 554 567 579 726 761 772 784 818 829 841 922 983 987 995
30 17 28 135 174 236 239 262 335 360 486 487 516 519 600 616 634 648 700 733 760 774 798 804 805 813 829 837 858 917 937
30 23 38 97 103 110 159 183 232 240 242 252 302 421 438 448 456 474 480 531 542 586 608 629 652 682 816 832 876 961 984
30 8 17 33 77 157 169 196 218 240 257 291 334 337 345 399 416 517 573 594 695 704 751 783 808 822 832 889 901 962 991
30 9 45 111 167 224 245 279 313 330 336 355 366 459 469 489 491 535 539 562 660 687 794 858 905 919 925 969 972 976 987
30 26 45 50 60 170 246 250 262 332 353 370 455 470 508 538 558 565 625 664 693 714 746 753 757 829 836 846 871 967 972
30 65 110 125 156 189 190 266 272 322 341 407 443 474 492 511 546 558 602 606 620 629 636 655 661 746 804 871 882 909 957
30 11 15 59 78 159 169 228 233 254 269 355 360 403 404 416 433 445 498 503 574 578 661 675 784 785 865 881 886 960 980
30 4 25 47 64 65 67 95 104 110 135 169 173 189 205 292 315 377 421 422 522 589 654 707 720 773 785 905 942 993 995
30 85 262 287 291 409 437 444 462 484 525 554 586 602 632 673 691 709 720 730 740 795 824 827 852 868 888 935 942 953 977
30 74 75 129 165 196 329 379 445 453 462 478 522 547 575 604 649 659 663 673 682 699 700 723 830 838 888 889 915 921 976
30 1 2 70 107 128 133 186 257 294 308 351 385 437 455 491 545 560 565 609 619 643 675 714 729 757 767 822 871 876 899
30 42 128 147 179 205 211 226 345 356 371 415 464 501 546 550 564 610 615 634 645 647 670 702 734 761 804 811 859 946 990
30 43 94 101 180 221 265 288 311 336 383 402 412 478 500 509 523 567 607 621 633 718 781 792 793 813 852 888 906 952 966
30 11 159 184 260 281 295 304 317 346 370 378 403 404 428 490 579 621 663 683 687 745 812 817 842 854 867 914 973 997 1000
30 60 131 171 176 181 266 283 288 340 361 379 437 490 537 559 568 573 591 675 736 752 785 803 812 813 838 843 924 940 972
30 4 15 57 131 139 156 202 255 273 279 291 361 366 399 411 439 441 457 479 534 597 681 706 735 790 801 819 826 959 996
30 21 46 62 68 113 128 132 135 147 163 184 203 209 352 362 575 596 637 654 682 686 696 713 728 755 807 852 862 868 904
30 16 25 71 147 150 151 180 196 214 351 353 430 494 521 522 578 596 605 617 657 667 749 758 769 813 846 855 941 955 978
30 35 47 56 69 77 82 95 172 182 210 234 266 297 307 339 415 481 499 534 536 555 585 643 691 715 774 781 799 803 995
30 14 101 104 111 135 227 232 285 298 342 457 470 512 515 531 565 575 635 656 665 667 669 679 680 715 720 767 820 904 948
30 57 131 166 189 214 237 239 243 252 292 390 400 402 424 447 457 472 558 563 591 596 609 623 656 817 830 934 948 953 993
30 13 64 86 121 185 227 368 395 434 513 551 553 595 684 686 702 705 710 730 752 759 770 772 778 795 889 907 951 954 999
30 45 82 107 129 165 184 188 258 268 270 279 294 325 376 391 536 588 618 624 651 683 697 864 876 911 915 916 928 976 997
30 34 78 104 188 197 257 292 325 358 359 373 376 443 466 530 552 606 627 669 671 695 728 729 765 784 876 926 931 955 987
30 11 18 43 72 135 138 149 233 356 368 394 520 551 559 643 683 690 691 721 737 746 778 780 837 902 932 937 953 976 982
30 7 12 61 185 261 263 275 298 329 334 342 399 412 445 471 500 515 545 552 569 616 648 649 665 770 859 899 975 994 995
30 89 91 114 120 164 179 191 283 321 328 334 339 341 343 355 387 428 429 509 525 588 625 653 656 697 704 705 743 780 814
30 6 34 55 69 126 135 224 271 360 446 508 510 517 566 601 668 692 704 714 755 764 791 792 801 841 876 895 900 903 976
30 47 56 59 124 131 135 140 190 195 200 211 227 292 305 327 362 423 426 573 633 636 763 787 823 918 925 953 968 977 982
30 51 92 121 155 252 264 287 291 292 294 330 405 432 446 475 484 508 517 536 580 581 596 632 676 760 803 844 874 927 972
30 18 39 94 95 101 105 178 190 226 231 234 237 339 387 458 475 505 521 540 565 609 637 719 740 794 820 851 856 878 964
30 25 61 63 78 85 127 144 182 184 243 308 409 480 593 594 613 619 641 653 688 761 779 838 855 873 881 887 910 928 974
30 3 54 110 220 231 235 240 246 280 309 341 380 428 463 471 522 537 550 617 630 698 708 798 820 847 875 890 911 958 973
30 45 59 95 123 156 247 284 352 361 459 468 472 504 549 572 622 636 666 683 685 703 731 767 830 854 866 868 873 935 950
30 18 36 69 71 99 117 193 195 232 233 237 365 401 423 469 473 559 614 617 618 703 711 718 722 836 859 898 961 967 980
30 1 8 30 50 94 129 166 179 187 257 295 320 340 452 510 521 522 591 613 621 641 652 661 676 695 711 730 821 879 911
30 48 156 239 248 302 380 424 425 435 451 459 517 539 546 612 658 677 681 748 753 767 776 810 835 848 854 872 887 943 955
30 8 36 37 46 60 68 87 161 199 236 286 352 377 416 489 503 510 576 582 592 606 724 725 780 818 840 846 865 957 997
30 32 69 91 93 130 197 220 224 234 313 325 349 401 402 416 418 436 494 543 547 600 608 730 781 802 828 873 886 894 945
30 67 73 76 94 217 275 323 377 379 388 474 515 559 568 587 610 624 716 729 740 779 796 825 849 869 879 889 890 917 925
30 37 63 69 70 90 96 120 246 297 345 373 377 518 544 572 574 673 687 719 832 843 851 861 865 873 901 911 944 973 986
30 5 37 76 98 133 186 220 247 310 349 352 378 399 406 435 455 522 548 560 590 614 620 666 739 747 753 842 863 934 977
30 9 59 83 100 180 193 196 327 335 403 409 442 456 487 542 566 580 593 599 664 666 711 717 741 802 808 814 881 913 971
30 23 36 56 92 100 131 163 220 228 275 277 292 322 350 353 384 405 443 475 480 547 578 597 663 677 697 756 797 894 943
30 16 165 181 189 227 303 313 387 403 424 553 556 583 592 596 652 665 728 740 765 790 799 831 858 875 885 912 927 956 976
30 11 12 95 123 124 154 241 256 334 336 371 432 437 480 501 515 532 564 602 630 634 655 657 701 778 782 887 909 990 996
30 3 12 94 103 133 147 165 241 250 263 281 295 343 415 420 510 563 598 627 629 726 753 787 789 805 845 920 935 966 983
30 31 182 189 193 199 218 249 268 288 299 316 350 359 404 429 430 454 498 531 568 578 669 676 703 746 774 809 858 869 917
30 3 21 66 68 70 106 113 140 148 173 174 247 311 366 387 413 482 489 560 569 631 638 644 683 686 785 831 877 966 999
30 134 141 158 160 193 229 261 387 398 440 459 537 550 574 583 613 626 644 683 702 743 762 767 776 837 878 886 964 972 979
30 1 75 100 145 205 229 241 261 272 301 307 365 378 386 423 544 565 584 616 634 636 645 704 721 728 767 847 953 983 993
30 23 42 62 93 106 124 141 159 170 172 294 295 307 351 392 411 427 452 470 479 486 623 628 658 718 755 772 778 807 907
30 1 13 113 215 299 304 313 375 378 387 477 479 544 570 628 652 654 674 727 728 733 761 796 815 827 832 859 902 912 948
30 100 138 163 202 214 219 227 284 371 444 463 472 491 525 561 589 610 619 639 670 702 721 744 769 821 842 902 917 961 993
30 17 69 74 208 227 236 240 308 313 461 482 504 532 569 605 662 701 712 713 788 819 832 849 872 898 916 939 954 974 983
30 27 45 49 64 84 92 97 145 240 267 295 296 299 304 362 388 396 416 574 579 630 634 728 740 802 840 853 944 970 992
30 29 94 116 143 196 198 206 213 243 257 287 316 338 351 392 412 443 567 595 609 761 779 792 815 835 852 867 873 877 961
30 3 19 97 98 158 163 196 280 292 320 358 379 404 428 444 520 642 683 701 719 760 772 775 786 804 888 908 929 948 996
30 27 106 146 165 170 249 259 364 394 415 421 510 533 544 547 567 573 623 724 729 733 748 757 781 791 792 822 947 969 985
30 1 48 92 107 130 137 142 155 224 299 316 317 318 343 472 495 527 568 653 667 732 745 805 807 842 862 880 904 918 925
30 3 85 88 94 100 140 174 249 260 266 268 276 277 306 392 428 435 555 621 640 652 678 691 740 745 781 789 805 859 969
30 18 37 39 76 101 106 142 240 253 299 304 332 398 424 476 488 526 534 545 634 665 682 698 707 710 711 751 758 780 822
30 60 73 172 176 202 295 381 421 445 490 502 516 524 577 586 588 593 661 674 684 700 729 756 774 801 852 873 878 946 953
30 20 51 62 85 91 163 178 210 215 243 264 331 438 456 473 486 517 557 696 721 767 770 777 780 814 860 895 916 950 969
