200
10 70 81 112 136 195 333 353 625 745 923
14 67 88 98 140 311 449 555 557 605 634 750 789 982 997
12 30 39 205 223 447 550 592 656 714 791 919 943
14 73 96 104 173 186 262 283 293 358 566 579 607 630 737
17 58 98 109 213 256 339 368 467 474 592 601 668 674 703 857 923 945
15 47 50 196 199 276 280 365 411 486 492 622 752 783 787 860
16 5 8 120 124 150 237 269 306 358 408 443 512 589 605 795 983
14 65 74 100 153 179 288 434 492 561 587 705 745 751 953
17 7 18 74 327 518 569 586 605 612 613 642 717 745 785 825 876 998
10 43 46 231 404 547 627 646 677 705 753
14 42 79 122 140 277 337 442 482 486 773 818 819 825 868
14 19 129 167 292 315 414 418 473 567 575 629 718 878 885
9 114 155 221 393 420 508 657 675 987
12 21 63 162 168 289 426 524 539 587 588 759 790
13 31 68 97 361 373 423 474 594 666 790 860 870 875
11 30 61 252 260 266 409 632 691 717 876 981
14 119 180 252 281 362 374 434 441 443 487 568 738 850 880
12 174 227 356 358 364 448 508 560 594 624 665 753
10 27 73 150 410 425 475 485 718 764 779
12 70 136 175 208 225 253 291 374 441 614 677 895
18 15 67 210 302 316 457 591 596 618 675 717 741 749 828 848 850 852 897
12 185 197 236 426 503 517 609 619 879 930 937 977
15 74 88 113 234 263 290 352 391 532 595 627 695 765 837 943
10 21 39 115 175 243 477 744 803 885 932
17 36 56 86 169 422 444 570 581 620 642 659 695 746 776 798 869 988
11 74 110 213 226 252 489 579 641 851 957 969
16 91 132 146 204 248 258 346 371 439 563 587 687 752 753 777 953
12 7 103 146 273 506 656 676 896 904 949 953 986
14 40 82 111 115 135 136 160 183 258 305 357 374 431 598
13 124 170 202 231 235 259 272 273 520 784 805 888 922
11 21 81 91 102 203 405 546 586 709 980 993
16 52 116 170 179 296 394 398 499 518 614 627 660 730 812 813 859
18 94 224 271 289 315 327 347 509 530 588 677 684 693 756 826 913 958 977
20 59 71 271 321 323 393 402 406 411 477 528 573 616 673 706 824 874 914 956 967
9 101 234 415 439 786 811 812 816 837
11 43 91 176 178 186 289 320 532 635 693 974
14 33 51 72 98 107 337 446 553 559 670 772 829 853 993
13 115 144 184 196 197 205 213 217 586 647 718 786 974
12 40 58 91 119 125 344 473 488 539 776 814 898
9 81 105 141 261 322 326 429 895 918
13 67 159 176 241 270 362 434 542 608 652 725 746 774
10 4 17 112 134 526 677 733 772 785 932
18 19 87 131 157 189 258 298 299 376 403 409 453 490 714 818 853 888 924
9 5 53 178 340 524 536 829 893 894
17 35 98 114 168 290 344 363 397 452 462 526 581 755 800 895 933 969
12 33 131 159 225 249 396 591 695 742 855 900 919
12 32 138 223 235 369 384 405 483 568 724 896 938
14 42 106 121 242 310 406 418 469 626 713 788 885 943 948
13 1 17 165 229 263 398 435 605 671 687 869 952 997
19 71 93 99 148 149 184 213 242 292 300 528 533 548 574 577 622 642 800 881
17 14 30 55 65 158 180 212 221 263 401 461 538 674 746 776 778 917
21 82 192 195 367 395 470 519 549 648 694 742 801 823 830 846 867 898 913 923 942 973
15 57 171 305 359 377 408 660 687 741 751 784 813 861 910 946
12 173 389 420 479 536 559 577 658 770 912 930 976
16 52 84 198 338 426 442 552 638 709 792 799 835 839 848 872 926
17 39 98 164 169 170 243 371 376 414 444 526 568 646 752 766 886 888
18 64 81 260 281 372 423 437 480 507 523 599 613 729 831 849 914 976 991
18 39 147 153 172 258 311 349 365 378 399 504 580 602 712 721 726 774 998
12 25 29 45 67 328 341 392 410 618 632 759 923
16 12 36 118 179 255 265 276 302 325 356 497 536 771 855 883 971
19 24 38 77 105 204 236 260 268 301 399 400 483 511 559 594 737 771 937 978
13 24 48 127 138 292 312 369 378 561 583 616 861 984
11 134 140 168 200 204 273 396 467 486 688 953
11 95 218 331 343 444 464 493 600 688 694 836
19 71 124 141 157 321 372 479 513 538 573 631 648 722 806 808 813 824 900 973
10 19 253 256 289 401 565 579 647 671 709
13 28 98 119 131 143 212 364 398 583 641 696 716 900
15 20 84 198 261 359 372 384 515 528 538 582 653 778 963 978
11 30 74 143 204 227 252 441 757 920 970 978
17 87 123 151 301 303 373 539 570 621 704 735 755 814 823 824 914 972
16 3 43 50 52 111 328 381 430 514 553 677 872 880 885 930 954
16 56 89 93 169 172 236 241 262 390 397 511 532 554 592 950 995
12 15 139 149 188 243 250 328 409 534 616 791 816
14 16 73 110 169 183 191 313 388 492 514 578 749 768 873
14 96 125 218 219 258 286 345 356 398 530 717 800 809 966
13 1 149 197 224 274 450 516 562 605 742 772 786 915
13 6 46 79 92 103 133 158 228 406 691 696 889 906
14 37 101 121 234 297 370 400 418 481 482 552 707 815 910
22 57 69 73 78 103 112 133 134 170 196 211 339 346 402 433 571 653 674 729 732 746 941
15 12 108 356 539 592 620 631 648 714 717 780 836 850 902 1000
9 65 109 111 129 138 175 287 871 921
18 16 89 130 134 200 227 324 435 466 509 606 647 648 731 895 933 964 977
13 11 82 100 280 307 320 326 655 668 676 867 884 956
18 26 135 177 209 243 277 323 358 440 504 535 572 600 656 763 885 891 907
13 130 165 190 195 239 401 640 692 727 837 877 936 937
10 115 131 194 241 265 471 488 605 898 923
13 60 117 124 155 157 188 321 344 611 660 750 789 811
15 129 137 165 181 207 358 418 424 428 442 516 539 595 759 978
10 19 72 135 222 236 246 255 623 631 863
20 31 79 101 160 192 197 212 218 418 549 737 751 758 759 803 804 870 917 961 966
14 26 37 83 127 173 254 466 473 529 564 624 781 834 998
12 133 222 355 480 536 560 624 673 758 789 975 977
14 38 71 149 255 287 303 460 474 648 698 851 858 871 976
16 79 121 186 318 368 418 533 547 550 551 569 575 618 756 905 952
8 65 255 294 300 307 420 557 837
12 10 47 69 214 291 344 367 539 589 648 826 899
13 62 93 190 334 375 380 436 605 767 791 825 913 924
14 66 75 135 401 453 464 499 511 717 807 861 864 942 963
13 21 28 120 163 233 361 444 503 757 776 815 890 902
13 95 124 135 231 284 317 321 360 580 731 743 746 896
13 1 172 183 273 303 356 363 679 815 856 928 964 997
13 116 131 262 329 399 426 532 615 704 831 888 984 988
12 68 166 201 232 534 582 600 674 706 836 861 915
12 23 81 231 276 299 361 387 452 474 569 832 854
15 7 40 51 86 119 123 220 233 288 494 606 699 707 800 990
14 144 228 245 410 433 551 568 618 639 682 916 920 939 941
13 25 31 76 103 223 242 285 357 382 587 663 738 971
16 6 13 112 117 151 157 317 348 578 581 625 634 682 687 802 899
18 8 42 70 104 135 159 213 376 385 442 585 644 668 756 761 814 818 854
14 1 11 17 68 113 138 164 298 350 373 378 423 865 971
11 2 26 37 73 268 320 400 463 655 752 983
12 42 128 172 290 421 468 546 577 723 912 939 954
13 38 106 128 196 358 373 461 577 711 750 759 807 902
16 12 129 153 181 183 227 261 263 301 536 589 702 722 897 905 970
8 105 138 163 292 378 551 579 613
13 133 177 187 201 216 237 247 349 502 701 807 844 922
12 54 120 272 283 344 397 433 610 640 660 665 817
12 6 16 206 340 385 458 646 671 700 722 852 901
19 42 96 129 156 175 188 313 319 322 378 429 468 522 543 575 583 667 670 936
8 90 145 181 246 254 488 511 918
18 47 68 123 164 258 294 417 482 565 566 642 665 666 707 770 833 918 924
12 6 28 149 184 562 571 604 655 689 781 917 967
16 51 95 132 159 413 498 504 534 697 758 837 859 898 962 980 992
14 44 48 221 238 270 322 391 561 597 607 658 672 752 785
11 129 172 193 601 606 612 681 773 797 859 875
12 20 83 100 178 260 493 526 597 639 734 863 979
7 25 276 348 398 514 596 791
11 70 124 161 164 289 354 503 579 891 905 933
10 128 146 213 233 305 450 626 808 893 908
12 28 40 74 129 151 178 295 321 455 504 578 811
15 22 110 191 192 217 257 345 362 525 528 560 701 723 835 935
13 37 40 83 104 157 171 536 629 663 720 853 919 968
7 199 216 262 378 662 664 950
15 23 33 54 271 292 325 361 377 522 616 618 684 833 906 914
7 34 262 642 645 730 784 874
13 16 145 212 304 306 391 405 521 622 647 795 857 931
14 79 139 286 327 356 465 528 534 674 687 763 776 893 986
12 9 38 183 272 525 663 761 829 858 894 899 927
20 182 220 251 263 352 371 372 384 435 436 460 587 604 633 712 762 834 872 937 987
13 44 63 117 147 208 343 346 687 728 730 765 783 792
20 16 119 231 269 287 326 447 500 527 530 587 605 663 666 691 699 867 880 949 990
14 90 94 109 169 186 219 236 237 244 538 595 603 658 814
10 3 44 49 175 275 433 441 611 774 785
11 47 212 354 363 388 440 465 656 807 930 976
17 142 169 195 214 219 222 286 299 408 506 516 525 546 581 665 697 723
13 137 139 170 178 203 213 309 360 385 527 535 620 881
18 159 163 171 196 203 273 310 434 531 550 579 626 663 696 717 905 927 940
11 68 71 101 135 198 277 672 717 748 749 903
17 57 70 74 85 106 107 145 148 180 212 242 344 385 522 539 696 755
26 48 56 186 242 281 287 328 392 427 434 437 452 481 594 628 653 667 691 714 743 813 830 835 903 954 981
15 127 154 241 261 334 515 575 599 629 636 639 699 829 839 1000
12 4 28 97 99 135 202 298 317 374 415 607 810
7 47 80 276 332 416 609 656
13 116 117 121 282 303 317 358 568 679 948 953 960 987
14 53 130 228 360 396 411 447 524 556 590 737 819 888 931
22 60 76 85 107 206 231 295 340 343 372 391 407 489 494 578 592 636 650 713 788 867 891
11 105 111 118 181 273 278 347 410 509 525 719
14 11 42 98 158 204 349 366 438 680 749 755 784 829 856
14 18 115 209 420 469 508 567 664 775 782 797 848 877 996
18 25 93 103 158 258 294 436 477 500 556 583 681 812 827 833 840 869 876
8 30 56 287 428 429 618 632 880
18 65 88 286 363 368 425 434 447 739 741 744 752 771 826 868 929 941 992
17 39 88 152 321 326 478 529 542 543 575 637 686 743 763 770 801 906
15 53 82 105 118 125 191 403 501 594 622 652 669 720 838 850
15 8 13 22 59 99 159 180 257 424 492 562 721 817 853 923
19 15 106 115 116 184 271 331 420 438 493 638 748 865 900 913 914 933 937 983
13 5 19 28 36 48 419 454 642 660 721 803 888 985
10 31 138 283 339 441 549 635 762 872 958
12 19 28 85 90 363 409 522 523 730 785 869 964
18 27 35 50 93 149 216 281 289 414 430 530 577 584 594 635 675 710 770
11 39 52 136 141 517 634 819 899 924 986 996
11 49 93 118 194 202 303 399 673 808 841 895
9 30 260 323 338 364 531 663 721 768
13 36 78 119 125 413 441 473 539 604 676 910 926 969
15 71 84 91 155 160 300 301 420 457 484 610 664 752 854 949
11 69 97 98 168 189 526 532 541 650 732 752
16 18 117 178 274 333 444 530 546 617 618 657 673 700 708 864 998
14 29 145 228 234 272 419 430 446 461 506 686 770 879 906
13 126 198 221 464 494 495 516 540 643 732 900 916 931
9 73 317 335 480 510 684 743 782 974
18 38 87 228 249 345 380 516 584 655 668 724 774 778 818 935 967 977 981
9 122 162 184 354 483 596 743 759 775
15 42 72 166 195 204 222 236 328 406 432 434 559 649 856 890
16 52 124 136 209 264 285 311 330 357 371 431 512 614 682 737 985
16 7 9 57 58 60 138 185 282 461 519 579 753 766 921 926 988
12 49 83 86 127 162 297 321 341 358 699 865 997
14 13 90 129 176 189 214 223 252 450 700 741 743 881 978
19 14 65 99 117 140 182 214 351 361 425 431 483 537 629 688 744 863 894 919
10 7 41 168 230 371 466 516 728 789 974
17 40 154 271 291 360 451 453 539 549 554 614 624 646 761 857 883 959
20 5 21 56 66 247 284 327 337 351 368 415 484 536 548 602 703 749 851 932 998
18 21 150 162 219 290 358 364 461 537 602 641 654 665 694 705 820 833 988
15 13 26 46 296 343 414 455 469 576 606 614 908 943 944 975
17 9 24 83 148 167 235 289 418 561 566 632 673 772 798 826 954 977
17 19 24 66 155 251 274 354 374 387 513 630 646 734 773 855 971 987
12 41 53 98 274 305 331 335 488 679 684 854 914
16 47 93 137 193 239 349 398 605 606 646 752 839 892 900 936 988
14 14 57 165 212 623 680 713 719 808 817 843 887 889 958
10 16 104 165 188 212 380 488 678 875 935
16 9 64 87 202 232 289 315 405 441 461 596 618 775 911 961 966
