200
9 267 513 524 747 822 827 867 868 956
6 23 65 516 717 727 868
7 361 518 520 600 689 835 859
9 247 250 286 288 520 689 714 852 876
7 100 177 388 396 522 532 764
8 41 258 506 526 566 571 597 956
6 134 300 528 645 673 762
6 17 53 539 667 714 836
10 168 341 414 500 531 596 729 788 944 947
11 8 22 92 98 194 421 446 575 712 730 783
11 23 52 219 380 388 426 521 596 657 740 870
5 74 173 538 589 650
10 26 51 220 234 272 617 649 733 861 982
8 29 30 430 637 823 872 892 936
7 31 168 349 539 827 870 976
5 32 399 505 638 828
6 9 406 546 599 737 957
10 191 245 438 450 456 547 563 762 771 807
6 40 513 634 755 795 865
8 257 553 647 688 778 853 879 946
5 201 386 555 604 905
5 46 60 172 675 759
6 56 360 366 559 852 914
7 98 136 444 560 573 846 989
4 196 563 867 912
5 54 58 541 674 735
9 453 515 569 595 657 809 886 892 925
11 14 282 337 373 414 570 607 629 636 743 799
11 79 98 234 404 539 574 583 595 820 847 923
8 71 231 258 555 580 644 655 788
5 233 521 526 582 994
9 71 147 165 346 357 459 477 503 756
4 72 273 601 651
7 75 130 190 229 313 395 569
7 38 77 94 123 168 309 351
8 62 236 434 486 514 596 898 911
7 162 169 236 305 601 872 967
8 162 336 345 525 578 603 651 797
6 83 302 448 512 605 931
6 95 191 216 505 699 837
4 25 96 124 988
4 609 664 723 926
6 82 97 146 286 375 863
7 8 99 284 330 350 852 929
7 114 129 276 401 613 746 785
7 55 255 569 618 744 822 842
6 29 406 620 861 886 903
9 110 159 252 358 425 866 901 945 967
9 35 192 318 348 508 622 734 779 928
10 46 191 210 266 281 302 488 489 500 631
6 120 323 695 831 858 902
5 395 441 560 633 787
6 149 170 634 772 781 934
4 36 124 294 391
5 497 541 631 645 893
8 37 124 132 134 221 404 592 633
8 94 135 196 260 363 441 501 716
10 11 181 186 236 334 525 647 697 757 980
6 405 583 652 733 853 896
5 25 98 142 287 853
8 145 147 555 579 690 721 725 926
5 148 247 697 815 970
6 150 304 426 460 604 855
8 60 131 151 258 423 542 742 899
9 39 153 266 559 579 787 914 922 945
5 533 540 659 666 832
7 53 195 597 634 668 921 950
7 26 162 234 465 636 665 963
9 32 156 172 175 493 551 575 675 866
8 116 254 338 498 611 642 676 827
4 339 579 679 734
9 209 548 601 611 648 681 796 840 952
6 38 147 171 232 280 509
7 128 197 311 463 674 685 982
4 378 592 686 785
4 687 771 776 777
5 143 162 176 197 869
8 177 257 392 479 491 689 957 990
2 691 939
6 92 180 212 273 342 839
8 98 182 376 385 534 759 848 990
4 183 274 513 638
13 34 127 313 389 459 470 474 509 648 670 699 861 905
9 194 311 324 511 528 642 759 795 820
10 197 207 243 271 428 442 649 756 833 881
7 93 182 198 240 283 507 869
6 88 508 713 746 764 961
4 24 65 207 568
7 185 200 277 506 716 722 729
6 38 212 239 446 544 670
4 214 304 438 701
6 332 374 481 730 930 945
7 132 353 366 636 731 937 938
10 9 40 206 491 539 704 732 755 910 922
6 158 405 506 611 656 734
8 54 116 226 318 385 462 682 947
9 228 347 527 553 622 654 674 741 869
3 315 532 742
10 93 114 159 216 297 563 744 801 902 954
5 251 276 470 750 871
6 244 429 516 603 863 876
8 130 325 373 391 651 759 886 990
6 52 96 648 760 887 991
9 2 175 182 219 223 248 775 873 942
4 13 184 250 469
5 109 181 227 763 973
6 6 64 255 620 934 958
5 363 576 663 689 768
12 88 106 204 319 557 564 576 585 603 770 817 856
10 16 35 259 376 384 448 515 820 987 993
8 20 123 171 261 428 757 763 799
7 144 282 324 366 443 684 775
8 243 385 441 557 776 823 889 915
7 106 145 264 523 540 620 884
8 31 128 232 308 646 777 795 964
5 250 453 779 919 989
6 129 269 290 804 883 995
7 40 423 632 782 820 904 986
6 114 473 538 722 786 928
8 60 230 578 794 828 862 943 981
6 137 282 291 589 650 881
11 6 138 314 512 613 614 677 696 772 801 849
5 79 110 290 649 677
7 132 204 292 317 472 565 887
4 204 293 531 791
9 155 328 364 562 583 622 694 812 936
8 87 90 175 179 457 730 794 813
8 213 326 809 814 890 958 961 984
13 24 112 200 236 304 324 453 521 550 617 670 769 859
1 818
8 449 497 750 795 821 886 945 952
6 246 310 328 505 643 765
7 166 198 432 594 655 684 828
9 155 317 516 640 648 668 737 847 935
9 88 333 344 351 470 499 830 948 970
7 52 451 563 651 802 831 889
3 108 322 598
6 67 380 561 712 788 834
8 126 254 327 374 427 611 709 925
4 211 318 645 840
8 77 278 359 517 561 593 618 841
8 153 223 334 381 476 616 687 708
4 3 88 846 963
3 160 496 847
10 336 384 388 483 494 628 884 900 966 987
7 24 30 68 111 604 850 976
5 10 81 343 406 720
4 78 330 730 857
6 56 438 580 819 858 933
6 73 98 241 347 612 915
8 20 49 292 376 409 454 552 862
8 66 150 231 427 456 714 853 867
10 172 211 266 290 306 554 758 776 852 868
8 54 92 102 271 299 361 893 973
5 220 418 701 804 887
7 280 398 534 540 637 837 896
11 9 150 232 334 384 425 523 607 696 875 948
8 73 225 320 385 388 691 956 992
7 80 179 493 556 588 720 902
3 10 390 392
8 566 625 689 735 817 875 907 963
7 87 396 399 624 793 799 825
8 179 230 326 645 825 901 909 952
5 399 564 573 590 778
3 106 151 404
1 918
11 407 491 501 570 584 634 825 842 857 994 998
7 89 310 337 549 571 922 934
9 39 355 410 494 604 657 682 723 802
7 174 181 414 462 491 552 714
2 415 974
10 34 111 362 691 877 928 939 947 954 965
7 399 416 570 632 692 753 866
8 20 124 423 594 623 752 907 929
10 162 229 417 677 776 809 822 832 838 989
7 92 122 173 253 425 458 510
6 247 286 411 492 618 943
9 113 123 141 223 253 391 431 514 669
8 390 407 469 533 583 789 945 974
6 59 121 227 430 436 878
10 33 144 306 438 455 469 513 606 826 861
5 263 318 439 551 960
9 148 215 440 442 471 622 786 856 987
12 62 178 275 365 449 477 643 708 787 792 954 962
6 86 264 402 451 492 534
7 284 493 796 809 845 967 991
11 13 222 320 432 449 457 526 528 541 884 986
4 156 344 467 543
3 472 589 658
3 421 485 984
3 477 480 887
10 242 278 300 393 405 478 531 539 758 797
8 8 153 154 480 573 589 592 693
9 53 142 264 277 315 483 561 827 999
4 80 714 832 998
8 127 387 547 598 784 834 909 999
7 76 219 509 631 655 736 1000
10 32 133 207 245 355 494 585 656 704 758
10 194 244 299 378 382 495 600 711 763 830
8 127 155 188 347 507 577 608 887
