200
1 1
1 3
1 5
1 519
1 520
1 523
1 527
1 528
1 530
1 533
1 21
1 24
1 28
1 545
1 547
1 548
1 36
1 556
1 48
1 564
1 52
1 567
1 64
1 578
1 71
1 584
1 585
1 75
1 587
1 592
1 81
1 86
1 87
1 93
1 94
1 606
1 607
1 608
1 609
1 97
1 106
1 109
1 113
1 625
1 626
1 125
1 127
1 128
1 640
1 645
1 646
1 143
1 148
1 156
1 673
1 677
1 169
1 682
1 170
1 179
1 185
1 700
1 701
1 193
1 708
1 198
1 710
1 200
1 715
1 716
1 204
1 717
1 205
1 206
1 718
1 719
1 723
1 726
1 216
1 217
1 735
1 738
1 229
1 238
1 242
1 244
1 246
1 247
1 762
1 251
1 764
1 766
1 255
1 256
1 772
1 261
1 774
1 776
1 268
1 782
1 271
1 278
1 791
1 282
1 802
1 290
1 291
1 294
1 299
1 304
1 816
1 817
1 818
1 819
1 310
1 822
1 312
1 824
1 315
1 317
1 318
1 319
1 324
1 836
1 840
1 841
1 333
1 847
1 850
1 339
1 343
1 346
1 348
1 861
1 349
1 351
1 353
1 354
1 355
1 359
1 872
1 361
1 362
1 363
1 365
1 370
1 372
1 885
1 374
1 375
1 887
1 888
1 892
1 381
1 382
1 895
1 384
1 899
1 394
1 907
1 913
1 915
1 917
1 918
1 409
1 413
1 925
1 926
1 416
1 931
1 425
1 426
1 427
1 430
1 945
1 435
1 948
1 440
1 955
1 447
1 962
1 963
1 453
1 457
1 460
1 977
1 980
1 469
1 982
1 983
1 985
1 988
1 989
1 991
1 484
1 488
1 492
1 499
1 502
1 508
