200
5 188 413 486 517 810
3 6 45 653
3 7 121 851
5 8 106 765 791 815
5 9 266 766 952 999
7 13 56 359 614 617 732 836
2 14 424
1 529
5 18 59 530 642 822
5 19 296 492 663 975
4 354 503 531 978
5 20 135 478 493 882
4 25 246 832 861
3 27 178 754
3 55 230 541
4 158 341 542 700
3 34 345 816
4 218 551 853 941
2 39 807
5 41 92 675 724 865
4 43 180 578 977
2 561 982
9 51 189 269 287 406 432 981 987 990
5 174 289 561 566 879
3 61 639 914
3 463 573 734
7 5 62 193 379 589 821 905
6 49 193 316 471 576 747
1 577
5 65 192 221 531 807
4 68 135 795 905
5 251 281 421 468 581
3 373 584 770
7 59 73 184 296 301 523 530
2 310 585
5 24 75 743 751 792
1 590
6 18 78 319 472 507 704
4 171 215 584 599
3 88 363 560
4 21 211 472 602
4 99 732 973 976
6 6 219 293 508 613 875
4 104 669 776 878
4 108 126 160 586
4 114 224 633 893
1 629
6 374 447 630 897 935 979
5 121 150 298 501 946
3 64 552 633
6 190 220 637 712 968 985
7 36 89 125 160 176 409 509
3 616 638 851
4 260 595 640 735
3 128 861 935
4 10 35 642 721
2 133 888
2 136 442
4 474 490 650 1000
2 91 652
2 142 143
3 43 143 237
3 70 104 144
5 305 659 784 867 988
5 22 148 156 668 825
2 663 789
4 23 49 456 664
3 154 729 919
3 86 669 695
2 349 672
6 337 594 673 706 893 956
2 167 639
3 308 681 874
6 172 405 432 735 778 847
7 80 173 191 474 571 646 841
4 13 175 408 862
3 360 621 687
7 27 95 181 220 888 942 961
7 183 193 352 488 701 872 915
3 216 516 701
4 193 260 274 442
4 261 545 705 792
4 56 197 562 663
1 711
3 63 209 277
4 113 126 683 722
2 129 211
2 212 491
4 409 461 679 725
7 72 215 339 467 645 793 816
3 216 486 684
6 88 356 549 658 729 925
4 19 151 626 732
3 34 164 738
4 76 226 232 911
7 229 352 541 598 604 705 797
5 380 508 746 758 831
4 97 149 234 259
3 730 754 816
5 91 244 291 447 948
3 12 87 757
5 23 351 758 784 993
3 685 703 760
3 11 767 903
6 107 261 507 792 935 991
3 240 386 774
2 265 980
4 89 267 661 916
4 268 364 382 775
4 273 276 440 877
2 312 786
3 37 274 783
4 4 95 450 789
6 26 153 253 698 791 919
3 281 620 846
2 269 798
5 158 470 583 624 800
1 288
7 38 277 291 406 687 814 896
4 292 473 819 979
3 248 296 306
3 808 932 945
7 18 229 347 586 794 812 942
4 300 681 793 946
4 160 291 302 877
6 107 438 626 810 815 984
3 58 98 304
2 818 978
3 97 149 821
2 315 704
4 14 219 224 319
3 321 449 619
2 486 834
6 44 324 401 584 664 873
1 837
6 174 187 326 492 879 978
2 329 716
3 221 332 808
2 344 848
6 82 141 340 623 635 908
4 210 341 642 930
7 43 176 229 342 385 773 959
2 303 343
7 21 387 431 520 764 857 935
6 278 351 371 443 744 849
5 179 436 690 864 886
3 63 285 353
5 8 70 132 356 419
5 50 493 556 664 869
4 378 870 956 974
5 102 107 360 560 813
4 240 362 411 805
5 1 445 587 879 902
7 163 369 382 413 664 896 913
5 196 202 372 654 671
4 333 376 506 516
6 256 281 377 388 523 894
2 338 378
3 237 397 897
4 340 512 591 898
1 390
4 394 556 960 985
4 29 397 522 958
5 812 853 909 917 949
3 329 656 911
5 171 250 842 880 913
6 401 440 480 681 824 997
2 256 402
4 44 92 496 914
8 40 105 244 404 592 605 923 953
5 147 509 648 779 919
6 93 160 262 826 869 920
4 27 128 278 931
5 379 526 666 746 933
2 390 422
4 237 240 423 529
4 322 329 573 940
2 160 429
4 291 530 624 942
4 46 361 430 833
2 139 945
3 435 448 848
4 164 441 544 950
3 19 246 957
4 50 274 445 963
4 2 327 906 969
5 241 304 345 460 759
3 461 793 857
3 136 767 973
6 162 466 645 722 777 785
4 467 528 732 852
4 49 79 577 983
7 47 632 874 898 964 983 987
7 35 459 640 749 768 809 992
3 370 536 994
2 645 995
4 150 263 490 734
3 208 492 592
2 505 606
4 177 508 775 792
