200
10 266 314 436 709 717 817 822 826 840 907
10 209 323 363 591 671 690 854 874 883 989
10 75 105 152 164 249 445 484 713 864 994
10 19 73 202 326 486 666 758 774 783 867
10 36 145 153 444 760 816 876 880 977 984
10 209 323 363 591 671 690 854 874 883 989
10 75 105 152 164 249 445 484 713 864 994
10 266 314 436 709 717 817 822 826 840 907
10 101 195 267 456 471 496 589 868 904 968
10 165 204 302 358 449 743 770 916 948 949
10 19 73 202 326 486 666 758 774 783 867
10 29 95 157 308 341 485 511 513 616 712
10 2 213 218 241 292 507 553 635 965 969
10 75 105 152 164 249 445 484 713 864 994
10 36 145 153 444 760 816 876 880 977 984
10 40 47 50 106 372 515 662 732 748 753
10 165 204 302 358 449 743 770 916 948 949
10 36 145 153 444 760 816 876 880 977 984
10 94 122 348 522 644 652 769 882 954 955
10 94 122 348 522 644 652 769 882 954 955
10 33 59 142 386 622 739 749 764 796 828
10 29 95 157 308 341 485 511 513 616 712
10 39 65 435 542 629 716 759 845 884 950
10 266 314 436 709 717 817 822 826 840 907
10 207 351 451 473 638 742 765 866 956 987
10 75 105 152 164 249 445 484 713 864 994
10 207 351 451 473 638 742 765 866 956 987
10 2 213 218 241 292 507 553 635 965 969
10 20 113 123 197 628 637 719 767 779 846
10 2 213 218 241 292 507 553 635 965 969
10 207 351 451 473 638 742 765 866 956 987
10 209 323 363 591 671 690 854 874 883 989
10 40 47 50 106 372 515 662 732 748 753
10 20 113 123 197 628 637 719 767 779 846
10 75 105 152 164 249 445 484 713 864 994
10 96 102 175 179 180 230 286 504 509 781
10 17 470 487 525 587 645 879 932 945 971
10 29 95 157 308 341 485 511 513 616 712
10 207 351 451 473 638 742 765 866 956 987
10 14 316 331 389 393 438 447 546 630 961
10 94 122 348 522 644 652 769 882 954 955
10 17 470 487 525 587 645 879 932 945 971
10 279 307 430 564 619 620 676 681 806 860
10 40 47 50 106 372 515 662 732 748 753
10 29 95 157 308 341 485 511 513 616 712
10 94 122 348 522 644 652 769 882 954 955
10 40 47 50 106 372 515 662 732 748 753
10 75 105 152 164 249 445 484 713 864 994
10 101 195 267 456 471 496 589 868 904 968
10 39 65 435 542 629 716 759 845 884 950
10 17 470 487 525 587 645 879 932 945 971
10 17 470 487 525 587 645 879 932 945 971
10 39 65 435 542 629 716 759 845 884 950
10 279 307 430 564 619 620 676 681 806 860
10 36 145 153 444 760 816 876 880 977 984
10 20 113 123 197 628 637 719 767 779 846
10 209 323 363 591 671 690 854 874 883 989
10 17 470 487 525 587 645 879 932 945 971
10 17 470 487 525 587 645 879 932 945 971
10 266 314 436 709 717 817 822 826 840 907
10 36 145 153 444 760 816 876 880 977 984
10 33 59 142 386 622 739 749 764 796 828
10 75 105 152 164 249 445 484 713 864 994
10 19 73 202 326 486 666 758 774 783 867
10 279 307 430 564 619 620 676 681 806 860
10 165 204 302 358 449 743 770 916 948 949
10 29 95 157 308 341 485 511 513 616 712
10 96 102 175 179 180 230 286 504 509 781
10 165 204 302 358 449 743 770 916 948 949
10 41 112 299 357 479 493 531 808 858 859
10 96 102 175 179 180 230 286 504 509 781
10 19 73 202 326 486 666 758 774 783 867
10 101 195 267 456 471 496 589 868 904 968
10 36 145 153 444 760 816 876 880 977 984
10 96 102 175 179 180 230 286 504 509 781
10 29 95 157 308 341 485 511 513 616 712
10 75 105 152 164 249 445 484 713 864 994
10 14 316 331 389 393 438 447 546 630 961
10 2 213 218 241 292 507 553 635 965 969
10 165 204 302 358 449 743 770 916 948 949
10 207 351 451 473 638 742 765 866 956 987
10 33 59 142 386 622 739 749 764 796 828
10 17 470 487 525 587 645 879 932 945 971
10 14 316 331 389 393 438 447 546 630 961
10 20 113 123 197 628 637 719 767 779 846
10 2 213 218 241 292 507 553 635 965 969
10 207 351 451 473 638 742 765 866 956 987
10 33 59 142 386 622 739 749 764 796 828
10 165 204 302 358 449 743 770 916 948 949
10 2 213 218 241 292 507 553 635 965 969
10 266 314 436 709 717 817 822 826 840 907
10 101 195 267 456 471 496 589 868 904 968
10 2 213 218 241 292 507 553 635 965 969
10 41 112 299 357 479 493 531 808 858 859
10 20 113 123 197 628 637 719 767 779 846
10 94 122 348 522 644 652 769 882 954 955
10 19 73 202 326 486 666 758 774 783 867
10 19 73 202 326 486 666 758 774 783 867
10 207 351 451 473 638 742 765 866 956 987
10 36 145 153 444 760 816 876 880 977 984
10 39 65 435 542 629 716 759 845 884 950
10 14 316 331 389 393 438 447 546 630 961
10 41 112 299 357 479 493 531 808 858 859
10 33 59 142 386 622 739 749 764 796 828
10 94 122 348 522 644 652 769 882 954 955
10 101 195 267 456 471 496 589 868 904 968
10 266 314 436 709 717 817 822 826 840 907
10 94 122 348 522 644 652 769 882 954 955
10 20 113 123 197 628 637 719 767 779 846
10 36 145 153 444 760 816 876 880 977 984
10 209 323 363 591 671 690 854 874 883 989
10 39 65 435 542 629 716 759 845 884 950
10 33 59 142 386 622 739 749 764 796 828
10 96 102 175 179 180 230 286 504 509 781
10 165 204 302 358 449 743 770 916 948 949
10 266 314 436 709 717 817 822 826 840 907
10 2 213 218 241 292 507 553 635 965 969
10 40 47 50 106 372 515 662 732 748 753
10 17 470 487 525 587 645 879 932 945 971
10 96 102 175 179 180 230 286 504 509 781
10 33 59 142 386 622 739 749 764 796 828
10 20 113 123 197 628 637 719 767 779 846
10 40 47 50 106 372 515 662 732 748 753
10 39 65 435 542 629 716 759 845 884 950
10 29 95 157 308 341 485 511 513 616 712
10 75 105 152 164 249 445 484 713 864 994
10 33 59 142 386 622 739 749 764 796 828
10 41 112 299 357 479 493 531 808 858 859
10 101 195 267 456 471 496 589 868 904 968
10 279 307 430 564 619 620 676 681 806 860
10 279 307 430 564 619 620 676 681 806 860
10 2 213 218 241 292 507 553 635 965 969
10 279 307 430 564 619 620 676 681 806 860
10 40 47 50 106 372 515 662 732 748 753
10 209 323 363 591 671 690 854 874 883 989
10 96 102 175 179 180 230 286 504 509 781
10 279 307 430 564 619 620 676 681 806 860
10 19 73 202 326 486 666 758 774 783 867
10 20 113 123 197 628 637 719 767 779 846
10 41 112 299 357 479 493 531 808 858 859
10 96 102 175 179 180 230 286 504 509 781
10 41 112 299 357 479 493 531 808 858 859
10 209 323 363 591 671 690 854 874 883 989
10 40 47 50 106 372 515 662 732 748 753
10 165 204 302 358 449 743 770 916 948 949
10 29 95 157 308 341 485 511 513 616 712
10 101 195 267 456 471 496 589 868 904 968
10 17 470 487 525 587 645 879 932 945 971
10 19 73 202 326 486 666 758 774 783 867
10 40 47 50 106 372 515 662 732 748 753
10 39 65 435 542 629 716 759 845 884 950
10 14 316 331 389 393 438 447 546 630 961
10 266 314 436 709 717 817 822 826 840 907
10 266 314 436 709 717 817 822 826 840 907
10 36 145 153 444 760 816 876 880 977 984
10 209 323 363 591 671 690 854 874 883 989
10 96 102 175 179 180 230 286 504 509 781
10 101 195 267 456 471 496 589 868 904 968
10 209 323 363 591 671 690 854 874 883 989
10 41 112 299 357 479 493 531 808 858 859
10 41 112 299 357 479 493 531 808 858 859
10 19 73 202 326 486 666 758 774 783 867
10 279 307 430 564 619 620 676 681 806 860
10 94 122 348 522 644 652 769 882 954 955
10 29 95 157 308 341 485 511 513 616 712
10 96 102 175 179 180 230 286 504 509 781
10 2 213 218 241 292 507 553 635 965 969
10 20 113 123 197 628 637 719 767 779 846
10 207 351 451 473 638 742 765 866 956 987
10 14 316 331 389 393 438 447 546 630 961
10 33 59 142 386 622 739 749 764 796 828
10 209 323 363 591 671 690 854 874 883 989
10 165 204 302 358 449 743 770 916 948 949
10 207 351 451 473 638 742 765 866 956 987
10 39 65 435 542 629 716 759 845 884 950
10 20 113 123 197 628 637 719 767 779 846
10 266 314 436 709 717 817 822 826 840 907
10 14 316 331 389 393 438 447 546 630 961
10 40 47 50 106 372 515 662 732 748 753
10 75 105 152 164 249 445 484 713 864 994
10 33 59 142 386 622 739 749 764 796 828
10 207 351 451 473 638 742 765 866 956 987
10 279 307 430 564 619 620 676 681 806 860
10 94 122 348 522 644 652 769 882 954 955
10 165 204 302 358 449 743 770 916 948 949
10 29 95 157 308 341 485 511 513 616 712
10 41 112 299 357 479 493 531 808 858 859
10 14 316 331 389 393 438 447 546 630 961
10 14 316 331 389 393 438 447 546 630 961
10 36 145 153 444 760 816 876 880 977 984
10 279 307 430 564 619 620 676 681 806 860
10 39 65 435 542 629 716 759 845 884 950
10 101 195 267 456 471 496 589 868 904 968
10 39 65 435 542 629 716 759 845 884 950
10 19 73 202 326 486 666 758 774 783 867
10 101 195 267 456 471 496 589 868 904 968
10 14 316 331 389 393 438 447 546 630 961
10 17 470 487 525 587 645 879 932 945 971
10 41 112 299 357 479 493 531 808 858 859
10 94 122 348 522 644 652 769 882 954 955
