1000000000
900 1000
1 46 613 202
2 278 66 206
3 191 203 771
4 782 405 466
5 221 714 421
6 403 48 680
7 425 367 512
8 234 244 859
9 833 758 267
10 153 71 469
11 370 506 258
12 306 971 102
13 188 414 24
14 558 451 775
15 701 705 654
16 603 915 791
17 289 731 841
18 97 221 205
19 628 753 685
20 476 357 409
21 315 518 558
22 443 340 512
23 813 419 808
24 705 102 716
25 328 623 512
26 739 172 562
27 338 979 94
28 85 574 782
29 78 121 206
30 428 559 649
31 865 213 98
32 704 11 459
33 258 881 134
34 803 333 898
35 781 264 647
36 889 603 376
37 253 298 781
38 622 161 847
39 551 124 16
40 423 604 534
41 486 53 868
42 600 982 848
43 716 36 245
44 254 181 496
45 96 357 680
46 895 831 487
47 265 945 414
48 120 432 330
49 438 616 656
50 670 82 457
51 137 124 674
52 150 990 169
53 16 226 865
54 231 610 492
55 203 296 553
56 380 473 507
57 173 88 811
58 1 355 641
59 856 36 706
59 777 695 134
60 299 943 476
61 388 558 420
62 767 914 350
63 480 310 31
64 185 19 49
65 186 893 12
66 56 688 602
67 76 347 42
68 641 725 170
69 348 768 599
70 183 412 702
70 898 912 663
71 505 521 827
72 217 445 321
73 579 32 643
74 785 294 657
75 427 750 251
76 105 506 2
76 319 668 973
77 694 239 380
78 81 840 525
78 854 937 619
79 766 17 66
80 235 612 77
81 687 885 637
81 273 941 343
82 469 271 330
83 826 480 408
84 45 383 124
85 154 998 872
86 307 879 359
87 341 885 612
88 524 707 462
89 591 97 537
90 570 636 574
91 352 440 352
92 290 749 917
92 157 412 117
93 261 634 263
94 34 263 4
95 461 19 819
96 858 472 560
97 654 461 470
98 861 94 380
99 866 502 796
100 58 982 132
101 560 527 387
101 246 35 829
102 181 563 987
103 695 986 853
104 489 493 651
105 408 444 440
106 362 667 939
107 619 181 226
108 807 586 524
109 19 988 351
110 175 716 222
111 847 509 811
112 149 530 813
113 164 265 743
114 726 505 70
115 303 300 305
116 810 691 823
117 420 363 193
117 656 650 793
118 220 462 855
119 13 95 228
120 543 367 991
121 72 447 944
122 184 782 424
123 530 748 597
124 556 281 436
125 382 666 138
126 15 340 538
127 615 286 535
128 70 833 704
129 616 923 251
130 31 136 828
131 402 155 545
132 703 312 725
133 374 186 612
133 212 538 913
134 894 746 474
135 815 730 367
136 379 458 329
137 125 151 980
138 37 132 433
139 131 722 987
140 513 484 805
141 282 62 663
142 145 309 439
143 667 922 842
144 226 465 798
145 242 218 840
145 802 210 915
146 193 930 894
147 217 336 79
148 588 889 608
148 122 26 869
149 179 837 36
150 127 148 677
151 329 817 881
152 332 585 748
153 494 502 896
154 224 478 648
155 190 369 881
156 310 235 17
156 297 898 695
157 610 309 39
158 623 121 14
159 4 145 983
160 673 958 408
161 391 123 553
162 99 996 976
162 417 655 620
163 128 185 306
164 378 503 310
165 141 646 645
166 304 649 260
167 434 557 786
168 615 200 795
169 296 50 328
170 538 562 75
171 769 269 265
172 816 186 115
173 755 393 270
174 457 456 929
175 93 451 155
176 641 557 274
176 169 905 785
177 571 286 399
178 845 119 384
179 829 181 129
180 160 975 365
181 368 50 531
182 301 250 81
183 109 153 729
183 713 377 481
184 339 887 437
185 849 77 816
186 55 535 507
187 126 647 948
188 431 657 401
189 422 810 911
190 387 701 452
191 53 216 985
192 753 578 286
193 130 343 555
193 645 472 627
194 689 470 394
194 138 103 416
195 284 813 345
196 367 797 695
197 22 50 961
198 426 694 568
199 202 992 892
199 389 317 686
200 208 338 234
201 765 118 559
201 26 162 679
202 461 100 776
203 549 905 590
204 646 201 931
205 47 783 815
206 759 920 488
207 515 351 95
207 472 985 734
208 199 645 51
209 275 540 389
210 578 868 506
210 814 272 316
211 580 437 149
212 86 367 338
213 722 403 757
214 25 207 157
215 831 857 646
216 532 915 382
217 685 358 666
217 741 805 199
218 730 684 717
219 548 237 998
220 267 500 339
221 432 685 690
222 148 151 859
223 519 683 403
224 783 55 303
224 559 384 318
225 500 501 286
226 499 148 310
227 604 451 727
228 625 441 406
229 601 544 443
230 727 501 177
231 627 264 280
232 618 758 352
233 444 894 507
234 553 502 783
234 439 559 506
235 419 71 998
236 593 803 918
237 595 244 252
238 586 527 483
239 874 166 904
240 92 705 524
241 222 608 918
242 580 430 637
243 469 402 283
244 161 609 570
245 21 920 825
246 592 254 464
247 883 868 251
248 327 994 647
249 295 414 535
250 101 681 551
251 541 6 650
252 543 993 13
253 170 429 168
254 326 121 524
255 720 234 297
256 743 59 809
257 115 728 33
258 20 984 817
259 293 692 514
260 716 468 520
261 139 819 977
262 27 77 545
263 247 408 864
264 536 712 520
264 683 283 670
265 211 874 189
266 660 953 422
267 820 92 262
268 655 603 401
268 888 239 38
269 631 17 311
270 162 307 821
271 775 178 487
272 635 298 466
273 163 69 944
273 414 706 54
273 129 168 278
274 244 458 331
274 711 496 98
275 758 100 74
276 255 19 358
277 256 703 985
278 401 884 305
279 857 922 644
280 550 692 806
281 165 745 550
282 204 989 401
283 57 343 590
284 482 996 210
285 643 31 700
286 525 586 266
287 504 994 947
288 728 757 794
289 562 488 741
290 662 564 637
291 666 358 831
292 764 928 262
293 416 889 717
294 92 363 909
295 270 276 781
296 239 755 351
297 634 55 739
298 659 601 388
299 700 433 711
300 87 792 802
301 488 400 918
302 843 44 373
302 245 688 965
303 463 296 295
304 773 160 504
305 67 468 712
306 737 835 776
307 810 790 169
308 29 327 344
309 429 2 657
310 395 16 717
311 844 911 427
311 336 804 816
312 491 404 688
313 230 37 547
314 779 533 213
315 806 901 952
316 608 599 456
317 735 211 929
318 448 526 852
319 763 822 561
320 819 103 880
321 273 274 739
322 102 320 210
322 754 193 944
323 174 19 540
324 665 753 469
325 196 220 152
326 274 975 528
326 77 726 953
327 805 702 725
328 651 575 67
329 897 735 539
329 176 390 171
330 529 586 236
331 366 482 719
332 510 75 521
333 797 407 127
334 594 88 724
334 699 136 783
335 534 661 616
335 744 478 449
336 405 550 508
336 648 455 193
337 95 636 369
338 696 390 265
339 736 690 689
340 59 305 199
341 745 633 46
341 156 232 724
342 287 581 320
343 147 734 802
344 788 219 665
345 690 706 272
346 567 193 538
347 807 295 227
348 616 569 991
349 323 155 145
350 300 159 941
351 133 435 417
352 353 216 344
353 326 973 259
354 183 69 155
355 526 517 128
356 840 138 950
357 100 261 89
358 74 398 176
359 633 494 881
360 63 133 465
361 104 786 86
362 731 693 41
362 668 239 924
363 606 710 942
364 723 121 872
365 114 264 134
366 544 935 505
367 680 521 471
368 178 887 927
369 335 151 739
370 518 17 979
371 271 839 757
372 583 176 87
373 33 69 603
374 260 475 359
375 508 159 197
376 620 591 568
377 640 304 280
378 804 911 641
379 865 128 869
380 842 459 532
381 110 14 84
382 565 795 884
383 886 463 545
384 340 312 82
385 620 246 968
386 205 176 561
387 808 61 903
388 152 357 105
388 584 286 271
389 477 751 131
389 885 283 757
390 83 192 388
391 697 9 307
392 828 398 705
393 404 358 764
394 399 82 681
395 90 56 881
396 351 594 296
397 785 981 232
398 502 164 265
399 770 444 663
400 155 492 764
401 156 446 837
401 17 351 536
402 879 498 206
403 51 72 210
404 456 314 951
405 684 385 561
405 335 135 917
406 364 718 287
407 198 354 826
408 503 625 821
408 355 995 772
409 521 969 463
410 89 217 914
411 273 695 821
412 844 790 615
413 30 107 322
414 413 260 263
414 363 317 425
415 507 823 258
416 552 422 571
417 32 885 305
418 458 557 66
419 527 278 350
420 522 795 410
421 887 839 470
422 877 659 220
423 614 719 884
423 626 988 687
424 80 35 679
425 892 759 838
426 243 119 926
427 629 623 434
428 333 379 643
429 280 907 406
430 389 532 958
431 209 314 184
432 233 543 35
432 199 565 157
433 461 494 460
433 480 45 382
434 61 709 441
435 884 446 590
436 292 966 50
437 219 614 476
438 528 961 936
439 236 750 701
440 678 501 659
441 837 423 456
442 760 110 841
443 286 639 408
444 498 348 86
445 11 580 908
446 660 814 771
447 249 194 376
448 597 360 473
449 108 934 503
450 200 559 74
451 40 85 322
452 276 709 930
453 10 536 118
454 709 972 545
455 268 398 748
456 592 734 387
457 882 604 440
458 229 631 661
459 462 495 888
460 747 320 4
461 846 660 11
461 166 280 585
461 729 240 804
462 878 886 34
463 162 115 261
464 362 585 672
465 848 974 615
466 81 806 459
467 796 84 94
468 890 281 646
469 252 907 827
469 537 55 807
470 272 850 441
471 621 73 593
472 681 229 277
473 762 131 839
474 900 379 720
475 400 5 256
476 478 561 643
476 860 928 331
477 555 183 810
478 474 267 17
479 441 194 2
480 811 253 670
480 101 900 929
481 134 199 560
482 851 793 971
483 313 141 639
484 585 419 599
485 611 996 835
486 825 737 38
487 664 810 660
488 73 709 713
489 708 680 505
489 460 749 475
490 192 990 575
491 609 624 239
492 809 691 936
492 294 385 919
493 778 894 921
494 492 925 185
495 590 265 442
496 172 708 300
497 227 484 68
498 489 273 123
499 408 781 615
500 644 545 714
501 561 737 534
502 834 54 613
503 325 336 336
503 50 149 100
504 118 368 621
505 136 816 441
506 511 871 689
507 733 50 133
508 525 757 646
509 746 523 806
510 501 180 331
511 465 161 388
511 734 963 61
512 731 85 851
513 371 302 386
514 314 955 345
515 607 988 170
516 807 177 62
517 7 168 715
518 171 290 188
519 573 850 581
520 624 247 288
521 354 775 241
521 780 601 668
522 62 702 288
523 151 557 452
524 622 465 16
525 452 629 497
525 896 30 255
526 476 26 530
527 324 874 184
528 682 543 652
529 545 177 205
530 706 398 256
530 602 316 594
531 44 325 751
532 356 196 490
533 788 632 747
534 466 451 78
535 875 68 299
536 268 748 514
537 329 403 41
538 66 297 163
539 871 721 421
540 68 723 2
541 177 432 133
542 238 85 611
543 640 866 128
543 861 427 783
544 786 900 900
545 180 736 124
546 653 673 213
547 801 196 424
548 497 385 509
549 893 999 733
550 266 383 1000
551 397 43 81
552 201 796 820
553 605 686 391
554 676 166 512
555 144 719 917
556 195 754 94
557 793 407 220
558 719 734 963
559 390 52 929
560 140 151 620
561 84 514 501
562 277 900 805
562 650 42 529
563 639 924 707
564 749 708 1000
565 642 189 859
566 691 271 373
567 381 165 690
568 473 764 855
569 613 519 73
570 343 402 367
571 485 193 747
572 575 497 849
573 867 472 193
574 264 539 984
575 117 966 428
576 490 641 335
577 768 408 123
578 818 417 949
579 563 335 103
579 216 671 813
580 6 421 214
580 432 224 803
581 283 70 488
582 334 176 772
583 263 336 103
584 259 808 751
585 880 997 489
586 800 602 171
587 899 284 613
588 250 547 600
589 234 324 624
590 424 853 868
591 715 600 83
592 855 911 120
592 123 556 564
593 826 343 795
594 407 463 789
595 643 234 521
596 677 373 41
597 847 966 225
597 215 696 167
598 798 491 957
599 121 187 73
600 240 894 440
601 872 523 289
602 542 34 717
603 193 873 999
604 467 699 708
605 521 384 640
606 396 548 545
607 852 604 785
608 787 543 696
609 576 578 237
610 817 507 596
611 213 919 783
611 533 27 522
612 823 913 923
613 436 523 769
614 868 519 693
615 468 32 316
615 146 922 670
616 503 343 958
616 484 433 455
617 82 282 732
617 197 244 539
618 447 389 33
619 350 639 530
620 446 971 578
620 756 67 282
621 377 640 796
622 214 685 395
622 167 211 755
623 176 392 859
624 317 624 758
625 859 312 953
626 65 306 849
627 822 637 703
628 637 332 466
629 360 271 254
630 835 926 976
631 285 722 433
632 316 949 291
633 237 379 362
634 392 74 65
635 69 274 171
636 789 260 23
637 412 538 603
638 702 373 692
639 224 255 609
640 5 902 648
640 579 364 117
641 574 907 574
641 189 807 310
642 516 847 59
643 487 291 444
643 437 140 41
644 344 374 193
645 790 69 76
646 264 664 959
647 94 895 783
648 48 46 845
649 232 398 559
650 750 76 90
651 871 230 98
652 430 627 22
653 274 481 341
654 873 891 700
655 112 782 221
656 309 916 635
657 54 243 704
658 751 750 60
659 686 734 225
659 409 919 41
660 107 73 425
660 464 439 683
661 767 119 859
662 358 988 847
663 730 51 810
664 291 54 875
665 850 631 843
666 345 151 481
667 838 56 640
667 827 92 694
668 241 786 743
669 28 975 808
670 442 941 528
671 158 535 914
672 320 214 147
673 824 576 500
674 481 528 249
675 596 570 974
676 471 628 937
677 732 936 637
678 531 477 950
679 752 469 334
680 206 313 48
681 383 428 306
682 113 334 235
683 398 507 327
684 365 624 219
685 772 598 325
686 372 88 293
687 671 873 500
688 479 813 459
689 135 626 767
690 450 436 845
691 657 644 301
692 895 114 2
693 862 695 845
694 23 470 296
695 876 820 230
696 693 625 967
697 674 866 864
698 168 13 324
699 617 228 601
700 509 339 369
701 201 124 177
702 679 677 569
703 393 357 455
704 70 257 185
705 445 345 373
706 632 277 70
707 406 656 22
708 281 127 59
709 564 824 348
710 248 794 647
711 455 102 394
712 530 493 582
713 597 410 905
714 2 729 953
715 71 743 959
716 661 435 801
716 539 768 590
717 223 672 993
718 251 508 964
719 349 475 559
720 453 940 815
721 658 160 286
722 506 381 28
723 512 845 426
724 587 458 880
725 598 239 504
726 334 383 782
727 42 978 153
728 714 72 0
729 568 915 907
730 298 111 127
730 738 836 71
731 652 379 836
731 98 572 296
732 375 97 929
733 547 38 420
734 663 41 842
735 124 909 271
736 451 248 742
737 554 853 594
738 225 581 243
739 493 907 276
740 802 8 505
741 311 456 434
742 341 685 677
743 572 491 189
744 207 387 957
745 675 40 207
746 411 535 408
747 459 869 566
748 43 942 48
749 52 618 452
750 523 644 413
751 8 481 981
752 569 590 921
753 612 240 643
754 194 322 59
755 376 571 511
756 794 874 784
757 41 698 742
758 117 818 396
759 669 844 337
760 881 423 937
761 49 806 179
762 599 68 264
763 228 374 668
764 207 361 413
765 712 417 469
766 495 874 234
767 210 956 512
767 492 394 661
768 562 396 189
769 761 772 23
770 369 129 944
771 647 541 528
771 810 498 847
772 483 112 169
773 361 323 552
774 346 181 884
775 783 920 903
776 318 657 301
777 357 684 749
778 384 746 983
779 812 301 952
780 748 967 42
781 302 61 368
782 771 362 201
783 636 603 223
783 611 827 418
784 566 886 45
785 863 269 497
785 257 347 899
786 308 775 260
787 410 490 389
788 322 884 770
788 35 78 360
789 520 879 273
790 725 277 896
791 718 701 921
792 776 837 873
793 322 493 157
794 279 741 232
795 649 681 910
796 116 149 4
797 423 344 644
798 891 614 634
799 659 70 154
800 133 281 364
801 546 59 650
802 841 591 76
802 864 805 638
803 9 287 90
804 288 742 771
805 103 748 346
806 757 979 506
807 312 240 981
807 414 364 14
807 799 655 598
808 38 812 21
809 145 492 848
810 638 293 257
810 577 938 258
810 75 169 694
811 821 616 403
812 791 575 152
813 630 64 477
814 311 695 110
815 79 143 959
816 88 239 506
817 388 844 913
818 305 789 107
819 724 719 164
820 514 205 353
821 36 85 665
822 839 461 393
823 511 80 511
824 336 385 20
825 589 386 516
826 832 294 716
826 321 12 814
827 359 969 738
828 59 760 470
829 330 678 398
830 405 508 814
831 496 784 519
832 24 226 903
833 3 412 447
834 347 780 560
835 774 566 692
836 740 720 88
837 435 761 392
838 721 936 311
839 12 631 601
840 830 315 304
841 707 982 53
842 771 880 763
843 386 834 817
844 132 256 339
844 421 322 181
845 581 410 536
846 717 944 36
847 440 755 14
847 142 422 291
848 617 871 450
849 119 25 530
850 433 520 385
850 742 214 721
851 401 179 9
852 836 900 694
853 148 509 45
854 385 393 407
855 688 51 801
856 795 968 828
857 784 648 498
858 18 958 230
859 475 816 934
860 870 894 662
861 449 91 642
861 143 370 694
862 194 679 50
863 91 302 456
864 433 472 420
865 582 211 698
865 331 326 490
866 394 643 688
867 14 718 124
868 337 235 829
869 269 241 671
870 869 571 288
871 853 230 396
871 672 780 761
872 210 802 371
872 373 235 608
873 60 749 789
874 187 852 251
875 692 349 781
876 792 426 916
877 517 871 867
878 418 161 157
879 535 847 284
880 182 549 312
881 415 35 567
882 454 254 80
883 64 479 917
884 159 494 261
885 39 470 833
886 111 811 112
887 76 259 455
888 470 308 867
889 218 254 678
890 557 493 301
891 710 175 895
892 106 270 708
893 342 275 194
894 698 192 258
895 667 864 746
895 872 816 202
896 302 440 565
897 850 464 702
898 78 390 141
899 540 150 960
900 262 816 518
