100
500 1000
1 460 0 526
1 3 0 153
2 250 0 632
3 71 0 601
3 229 0 512
3 27 0 495
4 335 0 116
4 477 0 767
5 14 0 400
5 448 0 66
6 24 0 563
7 478 0 360
7 293 0 152
7 476 0 366
8 296 0 838
8 393 0 581
8 329 0 28
9 437 0 746
10 122 0 406
10 465 0 780
11 52 0 153
11 242 0 300
12 500 0 654
13 343 0 398
14 186 0 31
14 369 0 872
15 289 0 501
16 495 0 401
16 481 0 108
17 244 0 918
17 228 0 530
18 119 0 986
18 228 0 370
19 475 0 210
20 412 0 714
20 275 0 925
20 342 0 123
20 61 0 33
21 178 0 718
22 424 0 446
22 460 0 749
23 133 0 669
24 355 0 486
24 98 0 957
24 73 0 901
24 132 0 544
25 317 0 285
25 65 0 841
25 263 0 723
26 90 0 673
26 462 0 621
27 481 0 981
27 498 0 788
27 467 0 380
27 35 0 415
28 51 0 983
28 140 0 597
28 111 0 792
28 238 0 647
28 294 0 63
29 399 0 306
29 395 0 84
30 387 0 651
30 203 0 820
30 139 0 322
31 156 0 170
31 87 0 267
32 232 0 229
33 447 0 933
33 356 0 631
34 262 0 794
34 320 0 657
34 478 0 97
34 348 0 389
35 126 0 279
35 361 0 822
35 342 0 314
36 185 0 129
36 208 0 516
36 116 0 97
37 280 0 917
37 93 0 933
38 5 0 112
39 401 0 629
39 98 0 458
39 379 0 565
39 138 0 344
40 367 0 408
41 318 0 872
41 29 0 883
41 17 0 747
41 85 0 139
42 293 0 633
42 127 0 467
43 327 0 526
43 195 0 257
44 37 0 181
44 403 0 393
44 100 0 129
45 309 0 119
46 352 0 654
47 284 0 522
48 192 0 679
48 30 0 303
49 107 0 291
49 299 0 584
50 447 0 349
50 342 0 179
50 288 0 174
50 205 0 823
51 100 0 23
52 32 0 921
52 368 0 286
53 322 0 618
53 417 0 446
53 3 0 731
54 246 0 204
54 3 0 868
55 35 0 957
56 311 0 36
57 59 0 477
58 259 0 769
58 176 0 490
59 271 0 566
59 351 0 866
59 283 0 662
60 14 0 68
60 281 0 215
60 59 0 745
60 245 0 392
61 382 0 350
61 300 0 541
61 251 0 852
62 160 0 170
63 141 0 921
63 426 0 2
64 170 0 990
65 485 0 216
65 123 0 24
65 269 0 100
65 20 0 463
66 155 0 637
66 397 0 507
67 232 0 795
68 248 0 100
68 490 0 730
69 139 0 184
69 147 0 999
70 350 0 874
71 162 0 10
71 219 0 397
72 295 0 65
72 460 0 792
72 22 0 129
73 130 0 83
73 393 0 953
74 288 0 56
75 335 0 751
75 53 0 225
75 187 0 872
76 474 0 595
76 20 0 722
77 469 0 224
78 296 0 643
79 343 0 607
79 422 0 54
80 491 0 408
80 343 0 321
81 194 0 152
81 448 0 50
82 333 0 972
82 172 0 360
83 145 0 425
83 315 0 377
83 195 0 753
83 164 0 183
84 357 0 833
85 217 0 507
86 169 0 598
86 229 0 464
87 27 0 698
87 446 0 350
88 97 0 23
88 303 0 207
89 268 0 645
89 195 0 707
90 343 0 639
90 369 0 332
91 386 0 637
92 27 0 990
92 109 0 405
93 239 0 104
94 41 0 330
95 46 0 125
95 126 0 275
96 496 0 838
97 364 0 708
98 28 0 980
98 354 0 788
98 237 0 357
99 253 0 875
100 357 0 701
100 359 0 235
100 405 0 327
101 357 0 260
102 73 0 467
102 69 0 431
103 48 0 727
104 171 0 380
105 476 0 327
106 450 0 551
107 400 0 572
107 488 0 919
107 430 0 392
107 95 0 92
108 56 0 954
108 131 0 900
109 181 0 423
109 130 0 513
110 36 0 635
111 438 0 577
111 311 0 306
112 92 0 380
112 340 0 818
113 210 0 818
113 209 0 884
113 160 0 58
114 410 0 956
115 364 0 406
115 181 0 95
115 308 0 443
116 253 0 370
116 91 0 165
116 352 0 664
116 26 0 577
117 290 0 804
117 258 0 580
118 206 0 203
119 439 0 377
120 162 0 701
120 332 0 456
121 71 0 711
121 164 0 364
122 53 0 878
123 117 0 919
124 49 0 185
125 286 0 353
125 310 0 551
126 66 0 444
126 227 0 305
127 455 0 156
128 189 0 763
128 372 0 495
128 33 0 150
129 203 0 795
130 309 0 919
130 326 0 433
130 177 0 642
130 304 0 306
131 459 0 462
131 468 0 206
131 470 0 288
131 433 0 371
131 375 0 205
132 336 0 562
133 86 0 381
133 95 0 764
133 234 0 619
134 72 0 489
135 86 0 663
136 250 0 753
136 25 0 436
137 428 0 864
138 67 0 2
139 423 0 471
139 221 0 849
139 474 0 286
139 146 0 913
140 494 0 815
140 300 0 660
141 312 0 861
141 177 0 926
142 58 0 924
143 210 0 834
144 449 0 809
145 385 0 222
146 277 0 848
146 350 0 870
146 235 0 997
147 285 0 463
147 222 0 24
148 264 0 453
148 128 0 473
149 120 0 425
149 154 0 8
150 398 0 155
151 427 0 442
151 375 0 573
151 232 0 581
152 425 0 315
152 358 0 416
153 381 0 327
153 359 0 337
153 373 0 318
154 439 0 828
154 368 0 74
155 307 0 203
155 239 0 857
156 68 0 346
156 223 0 512
156 473 0 713
157 487 0 486
158 19 0 117
159 293 0 169
159 305 0 215
160 416 0 173
160 140 0 75
160 190 0 947
160 54 0 94
161 207 0 300
161 133 0 854
162 168 0 120
162 192 0 338
162 296 0 272
163 185 0 544
163 343 0 353
164 196 0 954
164 263 0 465
165 487 0 789
166 464 0 143
167 418 0 353
168 129 0 654
168 305 0 824
169 366 0 694
170 72 0 540
171 355 0 907
171 24 0 190
172 63 0 305
172 317 0 527
172 139 0 511
173 24 0 681
174 191 0 188
175 441 0 287
175 292 0 42
175 371 0 987
176 175 0 43
177 380 0 231
177 116 0 715
178 452 0 768
178 77 0 261
179 148 0 210
180 382 0 233
181 288 0 135
181 190 0 443
182 358 0 57
182 65 0 109
183 171 0 77
184 31 0 773
184 26 0 15
185 454 0 487
185 30 0 978
186 451 0 595
186 318 0 966
187 397 0 391
187 255 0 717
187 160 0 676
188 484 0 295
189 356 0 232
189 347 0 345
190 418 0 510
190 306 0 435
191 25 0 431
191 88 0 893
191 366 0 664
192 116 0 972
192 414 0 677
192 483 0 130
193 251 0 463
193 298 0 791
194 151 0 599
195 455 0 222
195 499 0 867
195 22 0 644
195 279 0 853
195 146 0 517
195 495 0 313
196 259 0 821
196 395 0 769
197 283 0 874
197 218 0 778
198 356 0 951
199 143 0 515
200 243 0 64
201 50 0 165
202 223 0 231
202 484 0 316
203 107 0 748
203 173 0 267
203 495 0 155
204 64 0 763
204 319 0 757
205 61 0 929
205 464 0 78
205 182 0 970
206 390 0 972
207 444 0 745
207 197 0 641
207 296 0 560
207 445 0 600
208 337 0 136
208 457 0 617
209 161 0 823
210 45 0 261
210 12 0 719
210 424 0 841
211 430 0 123
212 34 0 559
213 273 0 309
214 467 0 498
214 460 0 362
215 252 0 312
215 153 0 332
216 10 0 123
217 354 0 543
217 44 0 114
217 7 0 323
218 301 0 210
218 418 0 179
219 305 0 876
219 168 0 886
220 466 0 274
220 147 0 709
220 452 0 121
221 50 0 6
222 76 0 309
222 336 0 353
222 372 0 824
223 63 0 591
223 301 0 23
224 316 0 990
224 383 0 843
224 66 0 720
225 201 0 725
225 125 0 518
226 278 0 297
226 391 0 267
227 152 0 504
227 41 0 857
228 74 0 313
228 493 0 408
228 159 0 972
229 187 0 432
229 363 0 838
229 432 0 343
230 277 0 151
230 217 0 11
230 204 0 888
230 401 0 198
231 402 0 657
231 318 0 271
232 322 0 393
232 487 0 884
232 75 0 870
233 449 0 984
234 362 0 799
234 261 0 987
235 151 0 805
236 252 0 110
237 453 0 800
238 113 0 815
238 292 0 104
239 1 0 787
239 29 0 352
239 8 0 411
240 313 0 212
241 202 0 136
241 249 0 492
242 319 0 404
242 186 0 904
242 60 0 410
242 330 0 820
243 314 0 542
243 348 0 222
243 130 0 522
244 62 0 492
244 247 0 466
244 395 0 819
244 258 0 204
244 299 0 76
245 339 0 858
245 236 0 118
246 368 0 121
247 488 0 357
247 11 0 951
248 324 0 211
249 266 0 585
249 260 0 62
250 231 0 151
250 492 0 311
250 376 0 744
250 193 0 831
251 13 0 974
251 108 0 932
251 370 0 760
252 384 0 593
252 224 0 327
252 54 0 968
253 11 0 427
253 476 0 867
254 373 0 486
255 328 0 287
256 356 0 914
256 220 0 250
257 478 0 75
258 60 0 634
258 174 0 672
259 425 0 861
259 149 0 89
260 374 0 784
260 328 0 983
261 323 0 529
261 38 0 506
262 121 0 676
263 44 0 614
263 15 0 458
263 39 0 187
263 92 0 314
264 136 0 787
264 128 0 64
265 404 0 266
266 318 0 610
266 472 0 8
267 469 0 37
268 7 0 448
268 28 0 2
269 294 0 189
270 109 0 974
271 439 0 869
272 34 0 931
273 244 0 544
274 396 0 523
274 375 0 505
275 244 0 421
276 329 0 192
277 372 0 551
277 429 0 279
277 80 0 27
278 409 0 206
278 83 0 757
279 187 0 987
279 39 0 955
280 225 0 638
280 377 0 571
281 482 0 369
281 229 0 127
282 193 0 222
282 175 0 921
282 124 0 487
283 325 0 778
283 407 0 987
283 480 0 166
283 440 0 831
283 208 0 922
284 361 0 356
284 135 0 22
284 118 0 90
285 60 0 851
286 296 0 820
286 113 0 684
287 222 0 258
288 179 0 404
288 430 0 484
288 207 0 152
289 68 0 953
289 146 0 773
290 475 0 144
290 163 0 370
291 2 0 959
292 165 0 28
292 283 0 484
293 166 0 851
293 375 0 146
293 431 0 277
293 430 0 406
294 408 0 75
294 155 0 909
295 204 0 504
296 37 0 205
296 264 0 977
296 381 0 79
296 50 0 860
296 396 0 663
296 488 0 897
297 161 0 580
298 43 0 475
298 231 0 507
298 247 0 15
299 131 0 249
299 133 0 202
299 463 0 571
299 459 0 590
300 131 0 579
300 394 0 396
301 81 0 350
301 405 0 953
302 244 0 80
302 467 0 965
303 449 0 444
303 484 0 303
304 354 0 255
304 256 0 868
304 18 0 745
304 28 0 602
305 52 0 647
305 250 0 653
305 50 0 552
305 304 0 251
305 233 0 378
306 388 0 237
307 79 0 2
307 353 0 156
308 456 0 763
308 469 0 313
308 195 0 836
309 82 0 672
309 457 0 822
309 94 0 616
310 408 0 913
311 331 0 697
311 334 0 100
312 156 0 480
313 321 0 0
314 107 0 152
314 116 0 946
315 305 0 161
316 400 0 16
317 1 0 887
317 242 0 296
318 5 0 976
318 449 0 832
318 65 0 902
318 47 0 401
319 334 0 833
319 418 0 324
320 284 0 878
321 453 0 124
321 196 0 567
321 65 0 715
322 200 0 72
322 488 0 509
323 283 0 141
324 299 0 104
325 459 0 303
326 420 0 900
327 471 0 541
328 380 0 179
328 230 0 529
328 158 0 637
329 217 0 912
329 83 0 860
330 266 0 743
330 42 0 239
331 61 0 735
331 341 0 472
332 391 0 783
332 279 0 699
333 381 0 9
334 360 0 232
334 254 0 304
335 8 0 342
335 128 0 268
336 243 0 592
336 284 0 459
337 473 0 153
338 263 0 681
339 367 0 825
339 252 0 35
340 212 0 631
341 34 0 162
342 234 0 159
342 108 0 633
342 282 0 75
343 219 0 285
343 464 0 768
343 69 0 15
343 488 0 505
343 344 0 584
344 466 0 564
344 203 0 215
345 304 0 971
346 374 0 863
347 497 0 921
348 435 0 252
348 265 0 677
349 125 0 372
350 224 0 158
350 298 0 994
351 463 0 560
352 184 0 994
352 40 0 306
353 276 0 285
354 283 0 461
354 406 0 146
354 488 0 380
354 459 0 171
354 153 0 13
355 486 0 171
355 220 0 74
356 191 0 322
356 153 0 636
356 291 0 95
356 422 0 582
357 6 0 878
357 407 0 569
357 378 0 202
358 420 0 427
358 104 0 197
359 192 0 464
359 478 0 507
360 493 0 705
361 39 0 549
361 227 0 461
362 242 0 336
362 384 0 691
362 458 0 373
363 462 0 212
364 415 0 861
364 163 0 56
365 385 0 978
366 25 0 986
366 493 0 258
367 8 0 885
367 17 0 250
368 257 0 975
368 57 0 134
368 21 0 542
369 162 0 79
369 107 0 336
370 374 0 701
371 228 0 312
371 354 0 178
372 183 0 283
372 423 0 999
372 195 0 513
373 157 0 556
373 362 0 605
374 114 0 50
374 241 0 251
374 417 0 657
375 167 0 701
375 241 0 849
375 432 0 311
375 414 0 121
376 389 0 378
377 286 0 571
378 205 0 772
379 479 0 341
380 136 0 660
380 220 0 995
381 16 0 447
381 9 0 768
381 478 0 332
382 78 0 269
382 102 0 717
382 432 0 70
383 184 0 123
384 142 0 460
384 428 0 649
385 308 0 761
385 486 0 948
386 35 0 997
387 483 0 683
388 475 0 722
389 154 0 925
390 141 0 258
391 394 0 45
391 79 0 515
391 304 0 926
392 130 0 154
393 207 0 401
393 24 0 117
394 103 0 247
394 148 0 402
395 282 0 54
395 332 0 119
395 112 0 745
396 33 0 382
396 225 0 496
397 87 0 186
397 238 0 607
397 172 0 758
397 422 0 761
398 404 0 738
399 461 0 124
399 421 0 857
400 199 0 284
400 83 0 838
401 110 0 417
401 195 0 214
402 100 0 182
403 321 0 743
403 278 0 96
404 371 0 832
404 160 0 960
404 242 0 350
405 139 0 913
405 84 0 940
406 413 0 388
407 44 0 406
407 321 0 552
408 152 0 768
408 445 0 503
409 243 0 667
410 427 0 634
410 328 0 409
411 216 0 949
411 424 0 179
412 463 0 55
412 214 0 708
413 305 0 930
414 403 0 857
414 205 0 558
415 36 0 738
415 188 0 884
416 349 0 298
416 268 0 141
417 411 0 52
417 458 0 718
418 59 0 515
418 497 0 564
418 277 0 152
418 48 0 770
419 172 0 727
420 214 0 534
420 113 0 398
421 230 0 120
422 215 0 304
422 96 0 910
422 149 0 716
423 399 0 609
423 76 0 440
424 448 0 415
424 339 0 77
424 230 0 845
425 7 0 300
425 213 0 425
426 397 0 670
427 210 0 611
427 287 0 441
428 75 0 479
428 410 0 274
428 215 0 124
429 120 0 293
430 80 0 543
430 159 0 216
430 346 0 175
430 432 0 854
431 43 0 74
432 41 0 981
432 345 0 960
432 289 0 92
432 191 0 423
433 416 0 533
434 18 0 410
435 331 0 463
436 131 0 697
437 58 0 30
438 144 0 988
439 150 0 741
439 105 0 903
439 434 0 715
439 263 0 242
440 180 0 413
441 89 0 435
442 88 0 126
443 250 0 222
444 272 0 906
445 197 0 761
445 309 0 507
446 296 0 968
447 41 0 554
447 98 0 490
448 428 0 679
448 27 0 586
448 16 0 944
448 4 0 652
449 198 0 668
449 260 0 1
449 115 0 349
449 83 0 770
449 412 0 779
450 454 0 841
451 20 0 155
452 121 0 710
452 382 0 380
453 307 0 241
453 31 0 134
454 117 0 248
454 281 0 740
455 28 0 269
455 239 0 209
456 448 0 983
457 362 0 458
457 442 0 51
458 267 0 836
458 244 0 675
459 4 0 39
459 230 0 598
459 72 0 130
459 249 0 743
460 137 0 554
460 297 0 116
460 99 0 812
460 415 0 232
460 302 0 902
461 391 0 829
462 182 0 307
462 218 0 627
463 134 0 388
463 245 0 146
463 10 0 698
463 106 0 183
464 365 0 407
464 280 0 323
464 274 0 338
465 75 0 103
466 60 0 483
466 330 0 781
467 419 0 458
467 112 0 103
467 36 0 231
468 460 0 731
469 20 0 186
469 115 0 511
469 282 0 695
469 411 0 167
470 156 0 349
471 226 0 819
472 102 0 652
473 55 0 718
473 314 0 40
474 270 0 437
474 404 0 494
475 354 0 813
475 115 0 699
475 90 0 301
476 293 0 468
476 49 0 920
476 496 0 361
477 251 0 106
478 240 0 144
478 256 0 186
478 189 0 469
478 175 0 633
478 302 0 336
479 439 0 566
480 81 0 145
481 151 0 555
481 178 0 429
481 308 0 747
482 489 0 907
483 42 0 201
483 28 0 899
484 436 0 636
484 338 0 332
484 202 0 432
484 397 0 116
485 39 0 77
486 344 0 77
486 499 0 247
487 101 0 408
487 443 0 621
487 449 0 147
488 298 0 868
488 274 0 619
488 261 0 174
488 207 0 252
488 30 0 644
488 484 0 502
489 70 0 433
490 53 0 501
491 290 0 440
492 82 0 30
493 299 0 825
493 499 0 934
493 222 0 675
494 111 0 515
495 131 0 561
495 469 0 633
495 226 0 414
496 34 0 517
496 463 0 8
497 23 0 829
497 392 0 234
498 500 0 246
499 211 0 521
499 224 0 8
499 481 0 290
500 89 0 961
500 303 0 850
