0.0 0.0 100.0 5000.0 6000.0
53
1234 0.0 0.0 0.0 6100.0 200.0 120.0
1236 -201.0 0.0 30.0 5500.0 200.0 0.0
1237 -190.0 0.0 30.0 5500.0 200.0 0.0
1238 -201.0 0.0 30.0 5500.0 200.0 1.0
1239 -201.0 0.0 0.0 5075.0 2000.0 1200.0
1240 0.0 0.0 0.0 4999.9 100.0 100.0
1241 -101.0 0.0 180.0 5500.0 100.0 0.0
1242 101.0 0.0 180.0 5500.0 100.0 100.0
1244 -200000.0 0.0 0.0 5100.0 100.0 0.0
1245 -200000.0 1.0 0.0 5100.0 10000.0 0.0
1244 -101.0 0.0 0.0 5100.0 100.0 0.0
1245 -101.0 1.0 0.0 5100.0 10000.0 0.0
1233 -10.0 0.0 0.0 4999.9 100.0 0.0
9234 -10.0 0.0 0.0 6100.0 200.0 120.0
9236 -201.0 0.0 60.0 5500.0 200.0 0.0
9237 -190.0 0.0 60.0 5500.0 200.0 0.0
9238 -200.0 0.0 60.0 5500.0 200.0 0.0
9239 -202.0 0.0 0.0 5075.0 2000.0 1200.0
9240 10.0 10.0 0.0 4999.9 100.0 100.0
9241 -101.0 0.0 270.0 5500.0 100.0 0.0
9242 101.0 0.0 270.0 5500.0 100.0 100.0
9244 200000.0 0.0 0.0 5100.0 100.0 0.0
9245 200000.0 1.0 0.0 5100.0 10000.0 0.0
9244 101.0 0.0 0.0 5100.0 100.0 0.0
9245 101.0 1.0 0.0 5100.0 10000.0 0.0
9233 100.0 0.0 0.0 9001.0 100.0 100.0
9232 80.0 60.0 0.0 9001.0 100.0 100.0
9231 60.0 80.0 0.0 9001.0 100.0 100.0
9230 0.0 100.0 0.0 9001.0 100.0 100.0
9229 -60.0 80.0 0.0 9001.0 100.0 100.0
9228 -80.0 60.0 0.0 9001.0 100.0 100.0
9227 -100.0 0.0 0.0 9001.0 100.0 100.0
9226 -80.0 -60.0 0.0 9001.0 100.0 100.0
9225 -60.0 -80.0 0.0 9001.0 100.0 100.0
9224 0.0 -100.0 0.0 9001.0 100.0 100.0
9223 60.0 -80.0 0.0 9001.0 100.0 100.0
9222 80.0 -60.0 0.0 9001.0 100.0 100.0
8233 100.0 0.0 0.0 7001.0 100.0 99.0
8232 80.0 60.0 0.0 7001.0 100.0 99.0
8231 60.0 80.0 0.0 7001.0 100.0 99.0
8230 0.0 100.0 0.0 7001.0 100.0 99.0
8229 -60.0 80.0 0.0 7001.0 100.0 99.0
8228 -80.0 60.0 0.0 7001.0 100.0 99.0
8227 -100.0 0.0 0.0 7001.0 100.0 99.0
8226 -80.0 -60.0 0.0 7001.0 100.0 99.0
8225 -60.0 -80.0 0.0 7001.0 100.0 99.0
8224 0.0 -100.0 0.0 7001.0 100.0 99.0
8223 60.0 -80.0 0.0 7001.0 100.0 99.0
8222 80.0 -60.0 0.0 7001.0 100.0 99.0
7001 200.0 0.0 185.0 6010.0 100.0 21.3
7002 115.1 120.0 223.9 6012.1 198.0 12.3
7003 1.1 446.2 263.4 6130.0 100.0 37.5
7004 -123.1 120.0 311.1 5602.1 1098.0 23.3
