3200 1000000
354331 915003
975014 751998
329953 43912
524061 592427
258776 108581
82380 942743
982852 426710
277772 745767
699125 30460
649656 966761
729086 954404
585240 560885
66624 231694
741973 708827
277034 271621
607267 52397
831375 328795
547791 794855
640443 896675
161581 908094
145412 44628
648439 946424
224213 815498
555596 504522
618172 216268
811351 476284
959078 359955
995771 15277
272320 194828
496845 179438
39761 919188
516201 678856
254326 817561
574674 865734
132827 832707
344170 937201
576317 869447
437526 645658
696184 923075
139760 696029
164477 310194
260415 619153
237999 873432
485499 879122
942662 986416
631823 692850
548515 876620
401497 933798
721224 638330
740083 908478
909048 570591
592545 292745
531490 100043
110939 658586
607515 499937
258053 225026
650633 977288
985322 547093
15943 943295
914654 629111
380690 304978
204526 786066
816921 471094
221907 388464
892682 758386
101953 924584
770420 709630
452183 341952
764423 475704
930658 416981
50948 974762
748439 325704
565361 685386
737832 312775
328283 237114
56668 752505
43991 592978
825199 692433
880274 830472
699857 604049
587522 475156
252008 30291
975588 514980
664464 173510
177166 667359
443867 727938
709466 970234
47794 371070
532147 796045
953312 531712
259999 797538
995648 800185
69736 179517
179938 701219
315290 632941
243036 847824
685611 61506
153691 236253
321380 658316
653874 325219
277640 905640
609879 512234
275612 969723
999618 311210
815024 307403
177672 702568
743706 469451
668811 957572
148830 582323
621275 183345
90166 263953
806997 757255
643398 441169
112496 473338
201149 586989
72680 982669
393036 132428
343036 605713
984050 989007
778035 264508
328146 939031
16680 463103
704428 238991
578908 330817
302185 337849
628441 61670
978480 87024
815326 390695
40457 736323
424573 426167
415777 540086
569297 318223
518793 681954
596932 772080
642718 697571
191870 754734
918466 623675
554966 108032
35165 632849
537727 643209
288614 215103
918211 309376
526751 186241
594680 957296
450419 177356
783024 973425
433980 588909
238817 375484
406706 592279
910977 381983
590073 993738
526578 716285
711309 992722
344282 161947
890572 781397
832398 4078
596894 575369
831218 781981
26738 456477
75019 696572
898449 283991
807652 886481
31162 161829
492181 783128
914471 432321
637020 333242
505233 899551
782490 699786
800948 593105
110178 640033
129707 518416
135034 861158
981211 962461
840988 795506
921804 92733
973658 220610
959934 703372
443497 377711
995698 875554
62153 31676
880624 356111
124209 234094
684064 598726
473960 114808
313514 823164
326837 526896
961484 787480
989595 264691
493758 925039
441854 514412
840574 298164
781898 66580
396404 520851
956107 364933
799468 138919
136823 476272
845736 917981
578831 109029
877730 67147
668582 424476
875915 93335
158326 115259
790990 898061
975936 228835
109859 122625
93414 441301
475227 313251
492606 528960
181513 217925
929986 448836
598709 333282
403708 892454
725306 50674
748899 288324
334637 216354
5716 44183
202983 194489
122858 35264
658649 628411
248812 908123
870157 291298
482201 692607
17579 325552
974438 877944
481267 975489
48964 656883
530500 935221
140373 251890
833571 480018
609920 298870
234803 830095
313312 369912
944717 744952
521406 382764
537561 497632
192760 37734
110705 677324
373862 12215
422947 967094
230814 879101
16621 18638
43269 257354
221555 608034
852771 292085
13952 18315
781984 328677
373313 108457
969005 630089
629997 721342
216388 923530
584114 63997
26757 204307
658697 446907
405360 629868
224573 231217
228050 376894
675285 515568
396089 695259
638083 919256
765378 541930
13606 533186
915624 32007
705324 169150
303833 942623
781433 552262
565718 176112
657824 201849
369126 697711
535554 952900
531103 427757
427433 349104
295161 693632
748224 104548
826621 850951
541279 105338
631953 960558
186155 302171
246629 966040
963833 72749
591127 4016
859685 18938
708379 368442
591116 841534
80774 725798
216712 982491
393888 986828
400829 632400
688426 348687
581361 903853
390730 67972
551026 539129
31763 63981
472199 576298
300111 421498
304174 724325
24528 693928
111079 909997
371237 319029
208646 887269
988574 854527
834103 177293
831340 697623
469676 280324
995434 435312
589412 275742
641428 518902
317411 456126
39899 100973
243646 204900
41301 376760
810894 21553
649721 231998
952369 183030
421667 112300
790581 211323
199243 539857
754806 167916
315707 337507
36127 434091
968133 908228
339081 14775
127403 667092
530875 583839
523917 352308
731928 408038
717262 160186
424767 437541
425619 995882
923130 678664
989170 288681
905641 777729
343473 377718
801463 927987
33468 800688
847703 546656
70103 204281
704398 539903
910171 896091
880406 81755
621852 633493
565391 972783
815914 738563
330857 102192
495179 405541
341627 743577
624460 70941
660745 880955
596422 373334
241183 610096
438745 885966
315351 334807
113632 861546
188967 556482
761010 971664
476646 371774
701283 85314
940650 682040
256816 829462
57325 64168
407792 308693
866057 909651
839853 717251
914246 72046
337308 240473
548289 836657
338937 72793
665763 263745
228933 170787
119083 572490
113965 957913
879927 480122
505467 506542
323571 540333
675732 922243
901288 567260
741674 560432
653861 851122
440043 130250
157145 51730
543712 397840
736846 211261
367279 905276
955482 734009
61017 588336
975011 830966
398690 235499
771290 912961
346661 335501
749127 660330
498260 235406
588813 347582
129345 530966
540628 503667
4619 175618
11337 412081
885483 606756
458588 917275
851079 607272
302405 603238
405982 505305
359611 553350
235248 977526
318707 602886
302441 836098
808928 83520
602583 613417
645645 158063
698116 665659
535814 90385
282190 14945
623778 304553
145623 536673
275732 297037
144037 619685
307418 341784
136637 398482
561672 78497
876940 581910
44480 577133
893609 309906
417483 883031
698712 19631
290805 528889
220296 251095
237562 260813
756239 780473
593667 807809
308801 839249
891923 440013
888080 945028
671489 273748
68709 155839
187641 419078
941851 77806
408596 206434
672764 924759
586966 488529
171673 321354
58678 747302
440108 285096
639956 919891
755163 953708
81001 878453
873247 167877
683196 602681
256223 212556
187565 279675
351117 119903
105326 268403
871859 537764
63725 389103
720591 731399
365595 457353
940593 255874
962973 922089
767740 485473
749206 428069
142247 755242
200046 478164
838476 523120
708895 493309
800577 761901
952152 399819
409467 940214
806434 962062
500376 824086
514013 458447
676058 240046
628454 186652
983011 513753
482976 988262
10604 889513
978231 434146
234288 500199
784275 304850
104897 257144
180331 90535
493469 987349
651607 608905
981249 570992
233011 823823
205635 57500
436448 997480
790783 683326
813935 44892
30856 472621
377451 402886
2877 756337
763412 651576
461918 626379
81767 305201
714865 390304
445872 170419
815701 825604
589047 521051
884846 510290
191763 465725
550398 919705
881215 522093
50822 458087
499803 156053
954022 144647
59574 801408
444248 770974
804756 125067
494055 823701
106060 304557
758665 334038
73628 391967
321174 405089
51738 838683
33406 981420
180571 364919
833737 370060
47932 962167
288701 580276
622679 225354
190328 993027
867361 252254
775582 407356
22641 949936
958193 660657
13000 830101
71241 983185
865713 307207
687400 813317
480208 775692
967674 713105
953628 10938
832462 782429
628634 996587
504994 761451
868776 446143
217310 94873
992452 439412
219873 115694
980810 933741
816613 507154
493954 497722
164986 389050
162199 908087
258898 410232
571060 62917
483241 812851
141625 642969
144236 587124
153331 957301
496228 502273
345789 371141
276796 875431
796269 305202
436115 109207
546117 718609
53501 118438
711749 373566
769347 533824
148668 706779
837540 424521
672768 932713
180982 837825
612090 207347
196382 70112
748780 785543
183998 954433
75772 93349
743897 579557
265978 676751
707407 312219
236263 666559
526821 178165
515568 463163
315511 534399
761287 638807
997056 725795
567018 847147
82375 927129
529363 102876
165735 196267
411007 413306
926451 270010
257931 179880
962557 822122
473474 137207
8945 57120
339497 941748
92084 51017
632820 899043
79449 232959
397028 910516
998978 737578
412249 722815
803603 776489
107197 498764
691627 370798
681524 870674
228791 430551
197944 532044
253009 835633
493677 419658
188816 107802
749759 131283
824774 570786
92087 600477
226566 311332
39517 289859
278250 122030
364405 904582
240003 1443
770152 250151
472196 117597
111824 734584
416523 598273
537318 912810
707130 422869
562477 462146
490032 428232
931534 871483
530750 469173
871399 830387
884656 578329
998262 771139
329925 613310
672663 678129
357040 441265
164439 11462
984306 488964
318369 980009
67168 990643
685469 606197
108001 408270
112959 948701
741416 728778
218246 738195
371069 406521
381885 91160
600254 195953
162742 816648
839652 902845
844916 923083
421824 159608
725307 189879
806432 468292
636301 501851
657626 703594
833159 955593
95749 306895
874231 693256
215047 87328
432137 885148
192762 291368
929264 400838
824228 573519
807308 509502
537746 507812
863363 511978
251621 853131
210725 271597
425935 82982
689389 108350
268717 517254
557230 145341
162310 673214
690602 602542
482033 960193
11950 944662
644179 157720
347847 695603
978360 858847
573827 145092
977503 273313
854936 459753
678786 394364
334214 977037
34092 844551
748083 178811
87225 776559
877220 909699
74170 371247
922342 448708
934430 625070
333300 612680
903124 445858
634383 557961
328741 65139
589377 741149
7275 776292
626881 850909
872016 678374
399258 269236
567288 786642
505016 772705
13338 722196
663113 115687
412125 618391
451192 750513
280502 390992
68207 315349
226762 504587
765750 416973
966574 761496
256894 665719
920363 858219
603843 544188
584262 230519
264843 956390
465853 557595
105928 392399
600162 551615
698498 374492
834651 9810
374035 988246
642393 762974
596677 201779
30776 492829
232403 543419
707550 705992
644568 513027
859835 82967
229043 343370
456237 928868
522238 964868
570485 526098
193358 639788
997913 626113
640017 287961
842286 899983
941606 457289
32176 467129
534184 774847
740126 757989
689620 153549
273139 13500
782276 747222
856026 378370
557980 528682
70235 841097
96236 888389
720835 89003
711577 131432
39592 232085
296824 598640
992156 600524
662094 991731
479632 986787
252718 230226
356931 418459
63948 51529
860075 75603
960797 501685
506078 212091
48317 663844
447900 262882
742562 512565
687632 708210
347472 55210
59399 779796
136541 101066
596463 474642
31285 865537
739540 659478
914490 137247
416983 190708
249118 340746
95951 648875
736237 544545
76460 478960
840150 90104
639175 240089
87884 5213
44118 590491
110266 936971
700813 275090
670001 922966
187085 704637
596856 455344
225793 653172
392932 654924
521726 580716
825687 673583
438755 298772
618739 704642
474097 166265
388667 170461
818203 763511
148432 498617
467797 137525
763280 658380
609205 145159
846311 368988
942566 71826
7295 962065
216115 705060
765954 354868
448263 197677
319873 915745
145409 493250
77972 160546
744748 200190
325090 427972
39035 742133
670923 890178
423762 181161
262062 839980
839280 80661
541718 301420
840228 721993
815067 709165
434200 148216
383675 74741
444399 247600
216282 808444
256186 821232
798738 598894
972525 472714
305221 130820
968398 180771
843988 203295
374887 690368
205896 965886
540126 257284
742824 827257
180394 823106
635066 908519
275739 152220
26272 271590
971662 142522
96762 790842
61788 838220
921682 839117
949703 116265
466581 867691
280334 879426
71955 858966
748964 527288
576926 177128
384642 763488
847085 118979
102219 229977
928454 161552
983069 848600
675087 418804
859249 133253
599443 926328
176161 819990
645024 137177
842639 635199
316262 482050
837041 157293
872584 953560
843358 864537
609940 942417
15289 476767
550801 211500
831529 666701
856197 766278
643646 222747
154045 428374
292856 592414
934209 9060
630445 928966
963244 894849
684701 94775
44516 554300
453052 385709
950652 422496
969462 480517
217163 702595
878279 953344
110414 668893
344196 748719
52620 839789
457903 114880
66387 563736
6400 718958
477932 507823
720577 765330
264466 704607
481847 839357
651389 821212
486968 841129
353640 84513
352024 736455
373662 837214
40667 77440
887201 247000
245714 584985
781876 38832
506535 806453
437037 901685
526482 954237
533467 159636
76475 741733
547695 181142
91464 553987
505531 643665
610940 554718
326027 157201
743579 602078
401350 202774
682273 458880
266447 356584
726312 732731
340779 926386
327675 164948
102761 188690
596825 308033
221917 978167
938406 454322
759546 232199
738855 400179
674532 711817
972922 324338
517064 59176
973229 446278
877326 600497
361966 353793
714142 941584
219350 200053
471267 49307
939838 657024
220885 749086
610974 890421
121290 637240
227208 440143
776728 62775
42647 541009
856169 626530
298173 417155
680218 577653
346868 629925
641470 302000
955733 493512
625030 378581
668540 333800
527284 123655
562034 726221
874316 216931
622381 524717
448235 662110
903072 817900
863112 830762
951446 390575
443042 685895
67394 928799
552374 342197
326800 619923
375101 692519
755806 970520
26058 484784
633266 991847
387893 762854
926241 744252
504805 485416
304956 302160
705522 136525
824255 232456
408802 194468
274069 784789
42354 633465
223553 112309
300549 908226
370484 297917
357275 205763
727140 882275
851986 329212
94097 620062
828911 272311
481678 113022
165983 553991
867626 447849
484040 572691
273147 484275
195800 69185
778927 124888
309425 978451
448232 738582
930717 108
355214 704715
751608 369591
398477 652057
349830 580701
776131 886790
253991 194809
289923 11959
907435 701461
779178 421060
850849 405975
808761 8856
930475 605498
763183 595101
193913 931135
876517 218999
777492 547763
493903 770943
909668 759330
856890 712395
992727 814135
144396 971780
867575 834499
181231 546432
309179 514707
729431 997258
97552 205947
660920 424285
751446 260997
315078 748673
469907 946139
656064 609173
266223 602692
573775 798998
674688 490250
953708 839688
305165 785642
16948 306071
967920 304252
425245 255641
551509 155158
805539 660086
990529 665262
685805 3001
785945 127430
489218 623961
185177 915491
358863 939893
376722 885080
82650 511915
317444 869863
30391 858700
812708 939393
403886 92273
342000 717716
526153 446609
434132 587305
29066 455450
428606 31229
32545 426535
860313 480386
779715 886705
262901 142741
928444 13100
87298 743840
852840 962338
843759 575818
36712 539551
703502 663392
604951 757141
834982 978076
139272 976435
925794 25411
723510 379238
819712 776779
292629 448970
864842 978814
358988 670852
286885 792773
141265 34434
656751 983853
233246 796956
351590 435942
404590 321821
848713 71426
371812 571262
743806 934278
300510 90290
514979 171891
818941 980485
527844 982015
151771 521023
272900 378783
519372 453603
648293 131498
24014 740432
993464 982738
351220 316143
47072 600386
424327 551927
395329 507190
45000 827920
198100 975302
530475 945752
266062 152326
559135 647547
603009 823434
716600 902857
471324 193897
886050 40655
813280 129603
416183 213945
685316 464778
686178 365868
208678 663779
246135 720691
491894 566990
599490 283420
307087 620001
15944 752771
869652 775741
177286 694443
529608 993718
426020 657447
794251 433011
998341 656943
308756 61134
611365 359166
215094 705275
629117 461828
260109 86678
322166 239026
289733 677424
721675 289023
277727 204556
348708 40551
17787 276344
647712 958845
345928 579211
593592 466989
157695 866919
327199 244015
357538 862681
331449 589203
484433 318317
755928 710407
139673 633424
259057 481072
745987 645392
851190 530558
672191 583401
447674 507099
205417 231518
280873 409450
397802 17285
462444 253920
11601 966109
123940 88211
556320 952987
11482 920355
281793 342489
274107 663674
462234 508070
829356 301383
512741 372175
598527 753982
465203 142090
848526 543007
547525 542409
485853 342966
221256 207986
798679 558989
611229 767103
724755 528850
606742 14906
66592 268066
124880 440086
349765 894039
664830 788898
277809 591917
599214 794315
258794 693229
145308 487064
949532 844402
898812 19358
580050 502076
199062 859591
958018 35344
675011 214409
835302 120512
782032 728120
166651 125133
356478 981461
424537 864892
261622 252679
26425 111087
633212 956411
245488 285506
834693 595466
738358 916232
869424 197624
715444 68764
622375 376009
123989 671406
341164 62097
370147 450554
212667 238621
86783 212122
719968 429472
655901 577732
455668 745071
594053 671070
709701 357244
583943 318132
355987 898838
695861 216972
872298 3453
793712 625479
854081 679469
286495 401738
403870 411265
902000 269841
269397 34971
116021 215457
895684 334514
132293 290371
830010 938690
989815 431857
264662 399198
71985 274075
855096 656220
726240 810875
242795 676964
773810 683638
619654 54539
125995 672589
26046 909920
58976 441734
813204 569681
122847 841832
691198 591160
335557 765356
745545 884843
987760 601755
278255 946204
513665 934787
182421 547784
687963 4116
743788 526647
719499 353713
946265 173975
613984 783207
635668 910940
967782 313592
670360 621729
87375 586910
71553 745882
771204 577267
201627 972667
376396 388314
181815 997779
982370 982277
840167 845423
381054 427132
744587 396874
470299 385472
573801 639746
811548 127514
177746 340649
587866 964049
78136 326788
254162 748177
123618 149525
436335 70795
243413 474858
570645 896742
564047 60716
698477 565209
831536 72184
326382 404611
645876 680913
122576 607878
809504 269368
522497 449710
888919 389659
700444 213435
998068 951892
787450 95620
243845 850757
393730 413880
392811 85552
986510 334051
210940 810083
648784 125843
5664 988681
237176 560653
242541 528912
567582 171705
779255 693696
958776 821505
734705 931532
518581 61771
468316 468561
818237 867983
621942 847244
506953 483123
94200 385181
732133 73126
203919 184542
242343 398955
294063 399399
748169 141270
529766 906891
341677 159309
579189 642070
948866 929363
719165 26488
887783 824376
962393 432306
858814 929092
593519 93727
391251 356336
477989 949183
864803 715786
159718 879690
152979 550518
595262 506398
922043 525134
436727 603975
36141 467853
276866 91181
447793 905947
201296 506452
638892 835289
721265 888940
459656 493084
682975 406838
390577 216494
128111 336679
266851 47897
346413 504898
777578 420169
350303 461308
358167 542723
203661 259725
190903 943152
450307 591445
841614 520525
360957 856817
516813 788580
235130 997237
356489 664174
825749 520032
80581 348021
411443 280483
731016 607344
824736 395760
905392 556929
418483 763554
777612 184548
516879 799316
654187 145727
754223 483940
710311 910419
236916 391808
473768 979358
172340 999422
974585 886520
374973 422130
16813 273086
645114 589481
515730 906845
817428 76270
914811 435
602485 886528
671258 401741
656574 769905
738985 261410
634384 258066
531101 69019
630830 458727
519066 845539
959492 548047
341498 41620
636128 18715
703941 96756
297275 472695
16876 526175
536427 238141
626695 859523
651123 884360
38830 853161
433025 718498
472164 628508
668226 462296
493348 29337
625736 752690
669306 506040
870215 344480
166812 266481
375630 372794
134448 782484
769925 839369
552407 960470
469389 764788
506690 824768
981392 466260
520105 398082
553096 406613
609567 171688
586087 794976
46023 967685
633859 850790
670723 31978
663809 966578
80405 411849
475095 486296
507027 628400
821250 881649
512029 63150
417184 968914
393443 589447
349563 590746
272281 228720
320524 996282
42434 421826
852004 412429
2236 829078
540720 369795
663368 657829
667478 762054
403379 338182
24946 883653
125407 781495
272039 8867
318536 40951
333473 126626
356258 994713
171189 129754
428005 447659
483870 217865
971005 906852
856368 368758
102934 51540
322942 765447
616997 537303
197393 198128
468198 412562
525755 880502
780989 424297
51337 659672
872197 755929
558811 722757
615752 981372
745112 757699
205989 832800
951890 212759
163741 35644
750273 522563
243917 164868
798862 344180
467849 62127
186525 423571
141291 274452
316930 144211
458480 365182
908613 663269
498437 152949
382176 379334
142845 75342
911328 557257
787719 646960
485179 255761
351726 789409
842901 913343
463448 321116
399803 694961
309177 721442
771383 122549
121757 164226
759376 703810
374136 524658
311542 725641
353719 955834
430692 629375
768355 642852
325038 767268
371292 374900
182519 61780
421354 939950
690853 25112
393820 133314
810037 246858
963938 786558
671483 56941
831570 856928
360982 888892
655341 881882
860077 725986
67243 928840
988639 124100
579612 78943
979694 976348
418155 143503
85192 229900
46891 784262
353997 327125
66077 965939
777914 674714
515907 290093
238810 457062
950149 58042
818613 472403
96253 421507
616339 204696
338811 403546
279061 808465
349142 489266
33427 880907
398333 366174
256627 247703
930617 620116
753062 910843
361091 845596
411037 464854
904828 485283
402617 255037
986611 685316
625040 414112
405167 784085
226698 235365
360912 908403
598497 683330
661591 606832
531095 531571
345548 95158
651068 192660
394937 897949
991837 528579
78757 458912
493724 332788
991318 552730
664963 707541
319576 603041
644168 193138
106660 966852
892828 952406
962148 284829
401978 112350
890442 66914
780810 187859
910360 236282
268071 745843
6931 975394
251913 22547
20591 655884
759360 968075
766519 189465
974695 645014
32705 120050
461919 524931
260060 49073
110605 46199
543241 872921
968775 949702
858226 977138
549933 567403
822606 563877
874516 266891
909296 314977
538786 470254
45499 549880
684645 612037
672193 910397
531492 954959
498460 167197
928814 706249
903268 539484
835381 858294
20334 911526
425989 97275
263941 471512
832729 645668
781690 56767
400170 759348
419226 80713
459772 668077
152133 517283
254369 175772
969486 465953
923179 439519
775925 626107
425561 799696
319272 117780
455406 592356
349716 215397
405668 790823
55831 980307
702610 366358
767552 335095
530129 855895
168417 794704
745801 612063
164120 18760
236007 747879
400572 437106
514665 262182
645353 654632
884278 176086
985683 191729
26278 812951
466626 912394
807552 644510
755112 992777
418678 549292
2432 390717
880711 940411
388025 583828
773321 924863
896918 746525
362015 581023
839302 36945
145903 473215
137417 384315
450127 689474
461202 934932
338511 323896
892420 636428
660152 537821
471716 575431
23470 462481
931970 981952
659639 747816
265901 882931
724867 20150
958718 190880
373497 104275
165935 312257
565740 152223
940689 393325
642991 262786
159110 361721
188926 988375
537916 99722
603478 771990
552130 277974
24237 283002
918986 746570
668906 488249
991455 213153
760414 675282
425577 72211
647428 119638
410535 153810
180409 581014
978626 647322
6377 793697
997895 527484
240129 221893
645191 14924
135604 327552
367548 330181
614701 451297
572994 391056
396204 875089
550399 623908
100080 746859
230147 750724
261654 903542
502612 654232
262775 902960
625598 689016
140978 625955
696702 626907
672178 244991
591450 963198
782416 596140
551244 572143
296601 833493
674425 611423
103995 672032
654507 246513
510094 246390
822439 922838
603895 223090
605734 634565
952814 659909
7948 609909
674969 561672
901043 988361
318075 495930
139860 607838
774129 202994
463550 299578
171107 209864
866810 624202
434920 36509
206806 246568
110053 359909
513866 797611
636063 170027
535700 849185
594344 554289
227086 14282
590155 666397
926091 654041
21106 936096
833135 339185
416792 385801
144069 327726
157510 364819
910938 882983
616551 632268
325820 744039
467526 250227
89018 396707
119984 740226
128614 998152
421498 59194
590493 19114
551595 175486
358272 811145
778041 643880
893642 674076
599749 298725
950043 557015
554231 9229
611111 18843
208650 777496
989549 475516
984227 799902
164320 741928
209452 658690
685793 366411
499336 534944
724144 907129
429586 666981
438520 868196
279273 165101
644245 736235
281896 680612
292103 526870
105140 67138
282014 593115
340363 980159
253025 52064
17616 658369
624346 16031
456951 709306
413100 859648
434135 694779
568473 278181
217425 706106
909634 321905
306526 572359
345083 673496
122422 871251
617283 219014
508118 450044
522858 319642
620542 529890
116117 138898
317485 216989
135023 481981
271592 943161
948615 272492
940451 697570
615006 53018
375159 964421
935175 260167
483004 764653
520857 543899
309438 182485
876032 864982
376210 947214
897914 412418
737363 97556
994681 108839
157056 777183
468389 803569
517714 187083
639727 179429
780877 690638
946883 802296
478200 539418
941059 466785
37966 926223
912307 797698
265509 792966
371060 770598
602212 210422
716501 899756
78830 653531
421644 269207
45757 949211
474885 874509
66913 828261
503345 801649
212305 651950
175992 456713
326101 425913
744078 842337
439205 248372
54678 320897
137613 906818
68182 214551
40703 876713
767478 637775
641360 159474
622283 842693
459987 45992
820059 417153
808817 755509
449305 224084
662946 25089
236344 530670
35136 577939
699858 633992
933244 441890
15799 630376
872950 181191
682570 498706
549046 798448
671322 46697
981537 403289
375628 673286
37429 227428
154528 43096
443393 530042
780763 806701
562883 328952
616745 260827
333491 628949
552836 700469
266836 640790
805415 144362
71410 708985
714500 226774
621309 347971
947747 685762
110303 686885
968539 249695
817740 351252
436838 190113
182372 392170
915258 11645
192049 624047
287570 601344
278898 407261
658832 981271
395858 416870
994395 358643
705785 910021
870916 8044
600438 382064
249021 634144
268936 289880
882000 86819
937888 779989
491372 261262
404655 984460
245159 21016
125756 67818
566797 432277
396739 459021
797253 877768
898953 987590
975692 921696
89570 807122
729698 499481
412533 396491
420464 481476
871087 744975
336769 252909
976023 475473
158786 998477
966409 386022
499226 401994
589954 557503
961465 308700
347135 181359
43071 755001
9987 135055
445638 220065
789564 972636
327972 352760
506322 410431
785624 148760
139457 469027
111642 365866
104543 609556
469829 657748
271083 171132
854440 682232
269530 859980
9484 340123
35386 650624
31483 438244
169775 394769
711788 218154
533333 418307
931563 252719
860623 408456
635962 170250
226156 986956
504784 103234
806206 331542
386901 337248
291582 476282
21347 92666
837990 233157
85076 826770
543436 111494
888967 571198
17837 894638
637082 492238
636475 834286
345547 704037
761279 507921
189019 700210
468581 629094
330530 748242
468675 919363
26977 368634
15106 156649
947866 911847
480358 252029
589835 434269
599317 112493
946132 443466
655825 337553
954740 667424
61317 180930
851018 386757
831702 335974
258446 330385
999864 784909
300911 694011
941482 307966
407185 200282
964715 493370
156467 816545
32430 275195
757130 663163
697491 553424
695840 803555
115381 697790
434169 5746
493037 870003
531451 971885
687485 705189
2855 534817
332642 393261
669889 193372
4867 975255
472719 992142
799272 934415
397112 913998
987748 861412
851014 69636
651736 740711
523188 942269
146416 303317
762001 434315
7031 574476
291403 337159
285957 634390
777124 850207
682133 753815
329954 236551
825349 246706
336488 831103
66123 93912
227260 304097
810957 361772
641505 20272
124068 849122
998744 81593
489016 577705
510479 348325
964582 917374
555784 415636
977953 289037
657814 610517
94743 388113
240834 751641
131211 721612
721402 383544
13655 574354
855596 787620
952043 636647
537168 377001
401317 60619
52815 707220
641072 172971
153149 897883
692808 420734
312659 733547
436214 28783
796660 272713
988892 812027
814019 391991
132727 651934
441640 633995
40442 3016
596290 772026
273016 157088
370839 71599
98353 69867
615619 518667
829757 699319
570851 254264
237469 661929
327049 18472
915228 988897
924515 315234
292385 86444
649895 977521
624129 961783
676569 489759
792483 416224
267114 39762
759442 136838
604366 873085
472155 628094
51750 812436
948870 554345
794211 374852
362051 39435
208012 493985
140291 333889
718885 464747
970448 677728
681705 697390
416593 104433
812056 645917
281708 652696
614979 654862
411482 818076
831716 673001
875131 992637
523371 702622
275976 999186
452598 595345
859029 589668
558968 77697
883321 453418
680077 354593
509585 614212
718728 291070
624362 415942
477983 506786
106739 145235
521293 821810
102960 138040
433077 841420
6122 125813
438881 53767
718486 488467
845631 685691
773178 301562
703898 32294
429023 608281
298956 954956
69581 181129
647847 236803
554028 399186
415038 699285
264067 132729
986688 792201
172744 429014
15438 459254
782889 774795
556748 829507
430376 495377
648790 199889
863938 198971
349079 102720
556908 842947
248911 837672
939882 964704
304530 591342
357118 732528
284025 83011
129518 832957
438407 862887
618613 251145
489117 217473
536659 426791
310603 727297
121546 322664
255719 569905
839865 543289
5960 123012
930007 494418
480352 181330
243340 493185
824951 870697
543783 853227
750238 349990
978203 716794
272363 457154
731187 302965
842765 379753
928797 972247
957902 34459
34612 636408
282030 740596
716059 924860
633424 704308
666792 412532
657827 928869
845532 22852
241206 639334
447484 426310
928553 670211
960524 147559
813467 806977
207404 323024
178054 636502
152323 159221
218144 686724
755767 243560
949375 999376
345224 836047
863284 655322
197754 604347
743757 730587
582680 307995
539802 784601
775174 818286
262095 967655
815030 299607
129205 95253
978068 369180
608877 637298
8969 312546
605419 682735
627476 285452
302940 347322
738280 974580
298386 513599
437861 486397
499771 739457
233234 210726
664360 231601
378739 863885
620591 648067
707560 45358
541905 602564
790000 875930
908178 420452
1604 991413
25113 156497
422545 919898
597232 70436
355865 147121
524175 544957
505061 407892
371495 719903
488249 236752
951023 83473
81051 253086
389331 302231
288740 325444
20363 112033
295625 272876
860777 236901
902792 513436
4053 561597
115491 250496
471411 765548
670506 906271
964722 80774
689430 455033
196861 51444
485749 603509
178161 109509
130991 796779
427255 211977
670699 821066
469759 424342
588696 377825
891472 368303
842566 233674
288120 164811
868439 885994
871174 760105
549426 344561
802168 679856
813529 189783
335368 947712
212375 64150
661720 784086
369853 676285
571997 136508
336719 124864
415223 58325
181558 799243
171836 559341
748659 749186
533922 791978
7299 485367
70915 381183
87199 75095
631937 581607
230952 12898
478393 134255
379368 985695
750927 654455
927409 702158
396681 87428
910558 836734
145367 708590
479655 460576
143151 533364
329711 755972
494423 673232
702459 585408
793952 433452
670733 584549
369998 543004
695090 658133
965061 694973
727249 57889
28640 462507
957950 680670
86395 277739
551575 422653
667937 440662
819670 19264
473932 260821
834617 241855
885204 429730
963009 760311
558736 972791
595859 881310
210528 945981
255135 631917
346903 112571
46822 228416
739251 439273
116809 917924
435323 119064
619367 446182
989766 663030
691621 503549
386382 888471
289702 876424
108239 413692
182702 218743
872373 970377
837646 110524
658147 271010
281248 56721
528838 596971
395286 45183
456513 745952
426482 760413
984978 926741
996775 317458
673286 2998
500179 620470
337110 711031
358257 85347
353249 484406
947195 228782
141870 422219
707998 971864
480353 488028
851567 523628
783542 163609
196808 367608
113576 246197
96402 13091
705007 423549
253576 288731
218648 377669
708670 331111
284343 44586
343776 845849
93647 662177
660421 888977
863386 879689
898905 38876
173202 876645
168273 42512
34676 617251
335672 182053
904416 966622
987535 282867
865660 817309
498244 214319
969256 387685
813930 757411
684559 741261
670814 796805
751799 822545
483509 424625
101022 445934
277421 120136
267434 235645
588057 430124
32816 626053
78955 975387
204672 888238
238567 717813
404222 607281
674432 962769
553386 342387
687607 749279
96106 105524
830626 324971
382019 752206
361447 627594
967979 964535
977656 917484
108967 537974
880800 851210
681978 1392
371858 745591
220035 786818
180202 918711
79688 223244
125953 93426
778825 801612
317783 255197
509712 327008
700089 86308
946519 742643
310403 589608
423213 524415
615114 61511
428448 376576
861238 383556
290257 476686
591820 896564
118599 485380
815773 486512
873102 468616
632096 914592
76735 623764
786415 328317
400361 218221
217422 848671
785422 629503
576305 521653
963324 452835
369820 320057
9182 704691
134780 23473
988206 345317
723129 393088
378471 792224
807034 904338
984609 196819
75188 423933
812289 45219
627655 315261
661978 505981
220210 73968
603131 872614
330265 695735
467332 821513
776079 792141
24112 883700
741426 635285
541011 451595
707756 150804
709903 570477
135591 36514
343413 921468
42075 139900
132958 591767
448975 744883
201119 746295
128163 709554
694056 648338
143590 76714
276496 274050
796207 394542
445470 377871
956475 296175
941037 674769
363150 934100
938033 288936
752484 205342
363144 680758
57586 950984
396829 730706
636257 675143
417614 811747
429758 639901
660485 949887
278743 305426
329135 317456
563651 40979
83721 8298
145823 631485
715831 133089
508237 195858
370256 762002
163443 794059
387825 862545
364212 607476
537677 671084
798680 35824
64959 39795
308554 740224
61862 192290
719849 351858
747905 727577
966345 61210
133459 506678
717341 311133
924161 22917
737783 592995
401512 841937
588621 582642
605888 285026
494697 409463
96229 726554
141122 430238
708778 449200
367498 593463
161693 572849
311673 587314
798917 824009
402216 420230
650087 160433
203864 7694
210084 8238
664340 511844
204367 272875
572383 115073
581954 847547
358207 165093
932792 647921
432413 200501
264718 553285
326977 618566
664025 231024
419051 277144
137624 667653
742745 184589
661445 478607
640335 417825
900202 850483
899713 92737
209916 469582
6084 964185
889802 821163
300966 988548
2508 750782
977301 866045
989142 453954
36011 773765
720883 41153
825447 67357
789385 43318
557355 219021
330059 522869
156797 883406
123830 838739
719426 405079
523272 198705
771733 760496
319833 971633
485720 756208
23933 974579
685371 479884
514503 467191
97388 693631
335882 134632
311614 834993
851151 842848
692803 988026
727559 219643
456582 388390
169353 887491
759280 721769
652761 671821
71693 593119
633605 424969
884449 364315
542867 176141
265725 652005
283587 202980
984094 290239
116370 584478
787023 638474
462990 443565
158916 110651
389135 684479
700747 604142
725406 179411
415355 329604
764915 246347
458329 186321
146960 448062
435064 990905
197098 328485
847244 62489
756440 780610
44755 384990
375889 547262
715861 935847
346717 636733
779003 455406
622181 885295
384945 722540
208070 149562
931514 899883
864430 488878
360030 609373
127791 821735
207959 879187
896406 147984
215441 91164
691823 843601
305864 780166
887157 901789
119187 922520
743032 52431
278769 237134
898615 616432
211306 745027
948972 494919
539336 816178
279305 648815
497388 175796
720201 531068
498234 277162
736995 54050
522014 683672
700400 351328
210709 547357
678081 241105
631990 265315
965290 672332
898799 527794
693521 251516
77449 838730
126135 199909
206989 361461
637952 394753
837461 459522
138929 585432
762820 26123
875379 825092
225182 910985
717356 205384
204410 144636
820458 949692
879919 780834
222540 60913
329924 440006
376023 852644
625449 786580
208738 103532
710011 577686
133805 24771
771968 50960
538521 158164
726474 601315
560803 39930
553817 211535
182103 979647
381229 273015
921094 894401
785867 865866
738704 842874
305684 418108
749587 720159
817137 699937
62742 227582
436622 156693
435380 914254
831830 711895
988796 901202
851404 493167
143998 370419
478227 295595
132656 1631
8029 764383
45801 843957
141237 796429
962060 757721
200581 49441
301604 640933
324449 128133
242284 320786
744821 198823
60198 980006
137514 54732
558470 984519
934103 239509
249594 208093
769381 66383
636631 852701
85954 650694
589272 686263
390763 944198
845732 85717
565428 51401
756821 857101
262132 372236
642851 445467
970974 739438
62083 608204
847159 85563
999661 156213
831724 862197
289438 950123
660162 300764
893546 895293
693830 261150
726846 59190
439136 935325
664294 485973
134526 905889
917901 355226
495515 731510
252652 90971
929963 552827
541638 80241
273994 902664
956529 87679
586233 364444
32214 752640
708866 768228
476598 243222
877733 926845
743286 566405
356867 105765
223351 724615
551647 466935
658155 627806
566194 649710
753693 783566
841190 902237
536500 933956
149453 357966
584757 335604
505854 54479
871538 865244
746747 647790
89358 984313
476989 197502
566933 890104
840614 242406
496910 895990
544793 861287
980010 853376
923964 78638
266737 142566
159228 424635
972686 609813
427291 585930
125749 790441
778638 602403
228693 154843
973318 184365
642681 317994
14254 709385
907800 980551
698983 76281
729872 645468
852664 421383
552069 252400
323910 100663
944003 448963
843763 294468
474845 84960
677882 316710
879401 82525
408746 650811
110556 821423
823068 81520
538432 57529
371308 300018
294437 340145
882446 544319
740 162342
994225 690465
366405 872452
297450 622959
321843 538241
35126 859467
389497 467134
237167 715261
334824 281370
339790 252833
334155 563088
915639 271433
218128 599061
813185 400811
508573 658264
393921 618631
571292 392008
724281 968869
24255 385426
928211 270614
674803 319008
486185 959244
406374 536361
416124 777451
699199 119386
394536 896555
414608 881744
218742 216341
449911 624544
29036 97924
271167 611616
906184 343840
209956 123885
22480 372553
635628 960215
87120 901131
362953 806332
759504 977592
702787 580430
996661 881775
552748 675591
722628 193631
466687 365843
496661 908832
943851 932066
952628 596494
46516 416596
567217 585015
169521 546631
139789 569562
393574 493489
521535 114486
451701 31210
805637 727165
439612 714332
945306 494451
907210 340184
448764 972631
512572 597055
20652 180965
938402 544102
642816 931413
764298 468951
97303 4743
337691 35768
270357 977056
142948 970252
452919 970165
683554 954363
652031 89264
682724 124240
203088 313115
126272 191717
206707 332774
424356 30478
136721 254545
366350 311899
930059 585912
327034 405167
505548 935383
84543 208759
794332 457891
527037 899907
326401 817239
212786 532456
897957 767985
508985 451642
909819 477391
665327 436814
896110 999518
220463 105291
918360 891978
404269 955463
721099 874475
747032 62612
563574 802415
425856 854819
286144 596552
102028 706841
292802 985902
686339 346554
300805 318993
397578 36888
618135 342262
580013 48436
733897 41192
182207 175470
527162 21504
738729 471371
257515 769849
520232 283666
831693 348618
519538 930227
877417 408517
718764 203060
397722 612644
744830 859470
693381 506864
619695 518239
414763 999241
945382 337932
68155 520428
480630 352001
931298 697281
396924 11682
853491 985388
474327 243732
66006 974593
822483 640146
391173 24813
382521 266373
37987 324163
853611 24682
53086 498438
860953 737673
151403 259518
372049 44833
42480 137193
946932 59992
518421 87250
86649 745548
986482 1360
682685 442823
630603 443965
252047 567805
226871 27655
775984 524365
823393 346902
72816 565993
32966 211840
956427 854844
706275 89836
484135 393021
214079 901180
872958 372380
771646 585602
822642 707931
169593 901891
114864 502549
705654 531775
532057 381820
901169 10992
934378 529221
509030 860653
568765 564850
444682 444266
543952 84408
587876 527585
694236 21207
830596 993789
98047 986211
319305 273969
277917 992071
458777 602307
521311 600600
649147 880167
887014 802264
119225 829842
817524 327522
342375 358105
290741 11318
924672 570243
646589 735479
464280 622368
701666 749368
372896 554379
893724 130187
333823 177562
506896 10074
134704 225816
278726 60278
760581 789820
911223 269088
284659 625742
372789 917658
925692 481372
964563 896593
599328 46820
281395 316580
592681 309176
496020 939226
236100 461231
16420 479746
457357 394093
148084 854395
94568 487933
326462 222890
761344 743210
959755 358208
928877 985052
834318 220615
288385 228807
586865 18249
303574 908833
993172 869341
345261 331039
976459 197399
841891 14879
509718 830352
686583 56905
808775 320525
747594 410812
41546 299230
574176 542254
168940 607175
269361 20247
706972 400521
562122 32647
697831 835847
747782 823190
860019 341387
421116 136034
958514 921049
228737 661331
614227 164639
200749 914904
714702 511272
330619 932276
125311 288925
493531 818960
502380 315911
531738 987996
373309 533046
532553 792801
364963 406268
804794 382356
431209 326964
101582 360034
749408 683342
988408 409352
174560 604202
556609 134679
880378 99240
212698 283706
989258 250118
936902 558277
273054 119667
580378 652914
151882 628310
833422 266053
139311 68409
697319 329121
298005 640893
176348 757601
438087 755655
100801 622827
999898 611213
835451 866278
939085 646933
606965 991410
889507 323518
512944 713952
484946 304716
213397 487463
15064 364766
188689 991536
834158 431601
947730 13516
735779 256700
596447 380064
607525 347
294801 868585
436919 8798
301784 587750
19504 743325
955879 441130
622859 897632
801448 384231
7551 622811
837314 959918
548813 60199
93166 638001
215210 455800
136978 313314
132197 413808
882363 552427
313452 798486
100458 680362
50850 784139
155484 843981
867459 92247
548304 930532
768716 934308
825863 58219
513414 623288
799757 943606
378425 341879
15375 907931
307973 38473
87210 207220
995823 841218
794523 777990
591518 300496
40151 407134
821272 801909
772261 884732
236578 619996
574687 330915
301950 211200
88951 783097
556728 54992
309936 709968
229525 148164
414063 429277
290314 810810
725913 253507
647065 819857
788110 569700
836743 469284
119254 628165
39393 999597
129389 940477
12752 604868
57259 115799
186557 292786
389043 976
866871 721737
512986 487112
808709 171086
282235 994799
27097 852653
308474 337334
587592 634949
341023 883893
802712 30401
638010 201284
352486 705989
648179 262913
149881 293229
767502 118638
95050 997137
723725 495406
337093 174337
692353 728943
260500 346980
802134 602341
892725 575622
193553 164511
767002 891940
76122 697630
730141 709488
746046 303715
553828 432450
592786 473230
612838 994157
894313 730983
339710 485250
343477 981255
723274 513491
461374 992085
148364 691328
128762 607362
849400 383366
95409 908203
71487 849254
103901 352057
8364 630710
350175 153368
715758 90122
327403 421495
452220 269787
71419 967001
581786 84430
662131 833025
620184 169968
252790 136320
500231 979327
591345 184747
842680 409188
783727 68354
40864 889595
437687 54960
50839 180441
881470 437430
41661 40374
152801 494566
999818 422090
961414 169459
491644 24429
645150 322424
985786 165878
317077 233901
870496 325956
335777 699242
891542 970579
447151 174391
48518 49443
474889 541866
554187 130871
160476 746218
307474 220529
395871 828271
709531 990801
272096 277800
729654 179533
562584 483215
263511 6422
829289 273962
675247 628431
250644 56067
589767 753854
576697 347728
738590 676147
84035 254329
261566 106754
681818 62993
711587 110662
831611 60565
62014 448493
58820 110315
657694 250794
446985 256542
916068 313929
580392 635416
765879 907581
414973 351068
647047 784125
113006 139267
183069 980466
213333 853127
919459 408759
409466 97944
608247 775158
307885 350638
790269 310839
348359 295917
676548 843959
363823 686703
700525 103297
788670 120713
887229 271576
717618 14528
391961 563373
611853 135224
831193 329486
311254 115296
276904 289038
101303 297867
1142 216082
509806 561869
708184 505563
330781 275861
255960 175992
968791 79468
359304 144631
629694 480568
848321 684816
92512 109321
717169 788154
407879 544137
364882 414692
679843 413737
216272 180218
323042 810008
39913 364867
757882 118774
771548 689261
500524 678640
622962 701247
772138 507205
8573 999628
198640 337347
321841 41419
342660 734076
748590 794795
507168 449741
764457 598187
599179 691266
655282 257517
518918 775959
631290 448048
328156 923532
790108 494134
391466 94827
426055 859786
478870 967200
589203 187778
986846 461389
616489 259507
759989 189664
765848 165523
959871 297493
633826 927379
872576 944383
816831 552142
249114 270232
270225 479682
743199 898460
518396 635559
187807 896630
423538 100589
401067 392879
812116 38955
472756 763214
674299 91345
63445 911807
917263 910539
330852 561688
996823 215757
40456 453178
585086 249023
953528 953032
238382 683331
884615 579187
823977 541933
145315 242425
629373 209465
414074 703716
804816 363116
116179 553440
526785 834681
512374 547493
753019 354655
56523 207740
736733 521983
413053 302177
162694 672743
677968 812734
459245 467593
93720 3492
452776 248248
