200 1000000
210066 121016
934025 794896
530583 98018
255157 845291
199082 444505
117054 927819
612012 563608
913433 192363
180401 623555
301074 77145
890682 490604
643721 325501
30786 417692
147331 355759
455413 713175
504390 329735
372132 147480
839777 172284
765429 223556
332998 276345
169495 361047
50896 893156
989780 390686
865476 28386
853012 774290
80953 588502
459894 266881
43592 367407
920746 850076
126732 508694
548261 307211
483276 831655
676714 181288
219941 756258
251282 651022
418811 661176
912135 810667
935956 6819
54116 715949
814877 179794
820971 401468
129176 537735
33312 357808
57618 774929
379662 26000
740332 132035
28318 168222
64018 170162
373187 728839
580795 566304
987921 715263
806571 334449
926220 834051
75745 296376
966280 796683
146826 415440
886738 176598
260278 912677
220 445948
316830 145235
989263 744978
278579 864592
342333 124582
144338 160373
18515 350048
761342 376417
560102 236782
451180 969407
379688 34026
577065 586611
592329 90028
69211 618175
968071 551164
383159 858634
914191 348766
328871 986124
183763 62347
936147 892972
10193 599357
83834 365824
169005 617701
525034 540216
253222 655029
57588 153120
496678 383886
31691 778290
761019 487936
80597 564179
634224 666246
352730 101658
461088 869515
220172 792462
921585 799716
288581 360803
624082 562881
384978 302544
172416 499630
843680 298363
25396 855879
40945 142727
662078 234964
840613 334474
428761 819415
56852 335108
75004 89633
285451 88941
407313 890626
262597 716901
310011 723753
530880 297798
639066 288591
223427 258391
308869 583765
419504 587643
451894 96399
209158 17854
930417 338221
136061 754145
737486 817294
502816 610936
590975 88482
883779 156452
18877 914646
245453 401581
9327 788370
360075 615028
603637 411074
659209 586566
733936 412872
530475 119648
336698 915545
119004 77178
707975 438970
923274 532261
651572 133840
467512 75490
561713 486584
586259 277531
476909 5262
175300 57450
113240 316968
245939 231855
111720 890771
237302 449108
633925 374298
862088 475341
527383 798384
714244 421333
519521 198212
738732 815180
932912 66682
19470 981585
616735 555050
541309 513341
829143 105589
321783 53350
446538 288235
832830 672720
325585 948312
266540 498922
304167 226580
402514 578259
902078 444480
393092 230418
85618 828845
956280 681489
421277 295347
48825 435574
167399 726034
237450 472011
336405 361694
265759 70289
959181 253073
96221 48767
369316 586014
820861 982870
351163 894399
360456 757875
133334 289833
560099 250943
953769 287189
941752 780233
361541 411686
720035 990670
450719 857499
918900 842248
237111 951800
825409 166923
208927 27865
955319 612950
507552 137267
268619 483431
511466 850675
289511 151029
628950 174264
157012 431228
295771 486823
419400 720160
492068 171231
182047 646283
