1000 407
723518 24
561746 166
712969 440
401701 682
397 348573
134304 493
890927 473
691 752624
575579 828
420090 366
315568 199
751605 413
268013 690
317 521952
706995 961
74 452932
107886 242
755318 900
658 814987
270096 141
155597 538
624618 534
236659 274
449 347523
751040 190
737563 473
919340 723
885049 302
235 444204
785374 869
325180 953
193106 29
500 379031
662690 230
158156 284
402 238505
897909 106
535324 971
499909 881
208330 960
207763 556
642534 730
426479 563
720903 742
976491 775
352265 554
873423 809
272370 652
257133 663
287010 635
227299 697
855951 538
213167 132
745416 396
440740 226
910 589193
210681 481
287796 266
672000 655
708364 335
987159 38
217 924163
949850 574
347 373530
670 684900
308158 618
479688 568
301822 730
449783 99
147233 993
163 836592
293 867014
345173 382
632800 624
861063 698
461653 782
881147 91
886061 396
918351 326
345694 173
610286 521
824671 379
368339 422
757493 949
808 275529
753238 168
505865 609
381959 257
852 478891
279938 291
156587 924
660017 22
881890 919
384906 793
556443 639
280821 310
691008 715
245 422672
177 479675
832208 854
137984 525
337914 473
546221 419
118320 413
476765 533
586772 812
762740 1
771435 122
587 667352
464666 112
525295 269
41 699795
84 446796
40 389274
506391 494
459918 337
280728 474
948 613790
805565 429
437 678377
592560 363
580080 713
943914 79
248403 14
162281 216
212606 585
160890 102
901551 705
283943 63
666406 715
979327 898
743307 26
169964 475
576980 128
740599 141
324982 173
655143 39
83 381102
624306 508
913142 413
112991 889
195 885690
565708 616
483 406558
678147 36
273534 431
804 368170
190950 268
775 346488
530381 605
318972 896
140188 951
578 345478
527946 664
992951 644
306080 666
191 156999
942477 5
352436 464
617 837173
312853 469
369739 569
502161 824
529179 363
641 968695
339707 922
812683 181
986658 224
484080 822
144443 200
853949 110
422208 299
443052 740
911417 639
197377 524
146378 136
884560 580
707223 475
429738 316
741833 497
197700 650
328943 279
782467 264
451532 619
212680 164
430428 891
741423 614
552835 80
416 768281
975297 328
813252 114
610 608147
383302 531
455819 514
478 439053
785196 995
168572 595
824794 115
873476 111
159840 188
938578 303
639398 327
189553 643
331894 184
482682 581
531973 569
704395 782
775620 187
857 581485
656 325105
271185 964
645443 565
675161 591
865839 54
729197 951
693 828004
518194 342
952787 910
159309 490
458728 420
914747 821
967463 920
708710 798
543924 559
597431 707
115 323763
355215 17
256 318922
850584 54
311423 455
783 973182
364317 138
728491 469
609595 917
135818 640
445860 816
150534 266
390505 829
214853 608
512792 33
528792 407
171769 547
835037 997
130 740768
398195 450
905946 157
787223 203
683504 672
222592 876
111610 5
723 601423
581626 784
590760 724
379435 511
515287 642
567909 29
543875 129
199726 111
580915 453
109154 453
980583 117
779188 41
477366 617
680292 1
978326 158
802887 958
731428 193
799863 879
230 637996
243024 326
790924 16
561361 566
818795 282
856250 407
144648 918
300172 309
243118 776
146 125404
263 100124
158334 705
394191 82
381 785565
553712 110
590247 769
459005 280
457113 786
219123 936
370161 719
266693 979
843 917800
742229 541
220350 974
825188 548
569222 855
527367 513
795 615714
766959 212
36 228853
475514 425
448729 178
245 773991
951335 50
765851 401
287771 789
758 472388
737 747328
564687 576
271956 219
275589 404
535585 672
322584 614
537783 339
676 247225
675081 922
300651 486
468 692506
275957 606
920668 93
939636 534
973189 35
953243 772
168781 770
638 677424
116171 744
299724 736
364 108192
104782 252
796963 549
398002 684
808785 117
645802 356
378936 291
561204 108
188 341434
918734 694
983267 363
866846 862
149432 492
585135 378
351 952994
564212 690
448085 10
738440 334
815626 27
794492 45
649000 695
549886 128
816671 732
344 146798
720897 629
538264 607
552780 611
31 631872
976874 928
475138 91
195701 837
961082 172
120656 331
812 182086
474 547986
490 615611
325384 429
547118 631
879166 824
248814 789
47 611348
479874 565
813621 420
918901 375
302861 437
680066 654
894915 621
266265 943
424451 46
674 555591
165 364448
772627 546
103688 600
695 643363
916066 541
318881 12
917492 100
334011 62
568275 203
723153 281
862506 890
930885 784
675 659593
318155 484
649 491712
534 159083
205371 879
529 885543
964932 471
416996 918
772 985528
842066 767
65 289987
757554 656
905500 715
117734 365
599211 142
177380 912
193 622116
678 511022
238008 310
885010 590
220072 588
727130 983
661941 41
584 729495
157391 211
100877 902
259425 342
655064 33
648 580581
735528 309
349433 955
445495 810
635377 204
185307 877
681533 835
752794 550
111179 272
801520 783
431 528371
159750 876
253939 428
148348 627
759889 92
311739 341
318852 405
429579 604
353823 846
949 230355
466959 976
804271 651
285824 663
966 751332
301740 309
688269 464
966105 815
968983 287
354 601778
804108 240
672787 345
233707 555
365167 590
927075 697
592548 607
170802 517
70 765402
417 320709
873843 899
156814 297
386990 736
406 326036
114721 314
190481 222
954329 162
809160 799
365 365579
807 365560
439578 342
835906 279
991539 950
373098 848
684113 188
465017 602
292647 549
887545 781
596 582872
774024 737
961954 838
201661 935
183927 510
211451 376
679672 352
23 931632
445500 817
499101 79
613494 147
950099 572
633809 68
289479 310
929102 422
986820 817
503951 260
854574 507
124344 179
222017 471
691 159320
556017 262
625 134876
306 780069
874570 809
475910 123
209621 725
257701 718
182071 771
448776 16
540 287001
641134 809
897593 108
365672 549
793116 849
248902 964
251274 52
466549 865
431 460986
546917 715
252281 12
804913 268
178 191579
292 489494
659904 235
624 948154
867865 408
980 595543
701339 872
383450 33
615 887398
914610 948
868 505659
962932 324
853106 394
635967 385
601631 835
471635 4
252 201137
124351 907
150155 639
219416 112
983713 640
633502 125
679578 971
879592 841
751665 916
175150 667
203127 703
823 541528
899366 233
265859 802
605010 876
972190 516
415327 737
471191 96
630581 389
235741 689
989 644385
484 273892
815581 135
950132 470
842934 689
413856 600
301069 416
677 410252
217559 581
242113 338
919878 16
793893 414
990097 337
256918 194
894 651771
344068 446
285 118476
163558 37
287624 250
875235 721
108463 956
935952 512
627 704298
325021 591
682375 996
678248 840
470290 308
467 758749
136495 867
334162 341
313594 31
516906 143
616 550386
856133 598
245218 510
507993 812
557653 301
406087 80
567388 971
312374 686
893912 69
634664 984
740554 787
541624 181
794371 183
218660 687
647729 228
870 451049
578150 919
885 531873
968 296239
744855 48
644 830465
968778 238
428 382351
570467 420
320395 250
673967 921
407877 905
476 970987
717430 485
243907 406
560829 214
686462 525
574488 103
509337 223
455253 609
693667 592
16 150029
992802 391
930994 233
685742 82
318305 96
839471 207
265 292792
462057 428
631154 563
840710 824
969467 523
197 274371
962970 745
849 325356
991194 271
28 639391
863315 176
852087 185
886 115699
901188 250
122908 128
935733 368
279 377112
733957 509
882784 394
482438 864
276072 117
873172 448
642751 741
945113 273
119331 779
577904 294
419500 237
582575 154
774 100477
251792 62
421501 561
788626 643
288027 958
56 951602
586699 1000
423385 478
404099 176
183277 182
1 644502
620610 333
139 228213
525176 999
631730 237
560018 750
490848 733
290205 30
191367 154
643989 619
296503 226
487621 936
513626 350
776406 719
172777 840
737545 450
798514 325
181028 26
177 252247
239835 593
920 877245
654824 676
889704 142
761943 676
145882 772
200270 712
164768 269
664849 821
726712 963
183 241207
631255 384
214724 622
33 273732
284287 765
850 747565
593148 830
757993 814
197913 609
982 948611
662249 419
335864 852
347116 701
132877 533
138537 546
113199 54
776273 206
512683 603
321785 537
296062 909
924307 853
829342 111
412160 623
936749 222
702699 994
382 195423
222943 330
532 768162
450 914430
226610 467
986049 583
703719 959
159 744413
986210 910
685219 639
732081 271
509 857536
551790 22
621 449833
796356 816
637222 773
848520 939
629 306981
124730 490
660149 266
524 692742
552172 526
382379 5
577393 777
401721 106
289 606303
966287 215
607108 565
845283 40
731515 834
795 371367
935250 776
961 222157
829798 627
900482 198
93 524831
244254 332
726942 505
936 341572
393 847815
693039 229
511 760328
419977 461
951904 602
504739 779
544474 951
718255 238
996662 879
962 442332
879821 704
992539 768
326924 798
741328 949
769 933354
963002 640
906612 349
548545 410
422168 4
914416 560
376 309490
177971 385
423272 887
295191 202
841 307770
874208 835
148102 860
593446 895
53 915788
465232 843
287076 720
51 613145
412368 890
258668 43
821772 441
951863 152
584059 598
330233 86
243338 386
133 900855
842 355462
961961 118
363036 937
381029 570
930862 133
558420 602
300192 448
274 629257
734420 566
631278 974
353760 296
422447 364
148410 889
957242 990
729892 417
151 981993
260479 193
731427 496
269372 664
286713 641
162369 350
238579 325
603984 352
529780 387
909 768822
333156 276
874 637486
388777 684
598 883598
111899 547
274776 984
832 409799
812848 395
283804 771
131 765391
287493 900
149046 172
607424 648
393288 965
477763 31
203566 143
49 628779
675346 488
703 381750
158199 227
440579 506
920873 734
856522 734
436317 613
310338 452
884963 555
447080 233
486587 788
616403 390
220572 597
493088 821
983124 191
400066 218
461 847496
130185 885
259796 974
427222 790
586845 366
607307 211
630577 749
411266 429
631106 130
65 562438
421 989536
488384 322
978432 828
468 382068
648638 172
49 423654
409 416235
45 601458
788 969766
891738 914
546261 376
428 571045
873 839792
523 452425
914744 577
681152 795
624021 827
337 782973
219 873190
468 638377
494725 59
584020 147
838295 806
955972 463
906858 626
217365 962
210294 319
754480 267
421700 437
446245 921
306 821968
732950 919
822921 141
287871 277
204707 491
700 329481
932096 210
104362 913
527143 269
275951 194
228450 367
815436 482
839043 196
656134 29
558580 160
588964 146
736119 407
873866 83
15 666604
762589 707
313257 45
491388 516
782183 454
735493 913
331158 329
398757 214
703 717163
889317 404
383168 777
216929 139
279 804135
73 646131
508758 832
992 557087
729805 856
663786 829
752301 516
673261 412
205872 621
506371 398
704065 66
462712 306
112487 784
933317 101
744751 542
991290 660
142533 719
861951 971
584 555227
901621 349
148539 4
340510 231
116865 232
983940 826
467060 308
685633 194
958947 738
846234 278
953140 87
137457 376
680757 278
631 553930
186005 470
487990 723
784880 279
354926 817
524294 114
492429 565
68 419386
883500 719
296 505770
685117 474
731606 11
520 221179
773778 714
416 392080
765365 778
293 547915
345 147327
270630 940
509313 424
773 802059
775 237310
558892 586
644298 232
833837 785
848 830665
876436 49
840503 86
394 241133
521472 703
241 599334
374483 859
209015 588
279306 910
932732 394
372953 59
154287 127
431 529907
219666 730
218822 319
227826 433
208 785898
128004 779
987586 117
850 476418
546558 371
469497 622
