1000 898
884183 999733
37332 998909
201979 998251
399333 997804
229026 997131
46248 996981
465148 996172
921454 995855
984729 995277
221687 994706
834059 993757
314912 993262
527592 992899
524281 992337
653358 991793
697589 991109
67970 990493
60795 989700
321233 989096
683097 988104
447767 987224
806616 987056
703678 986812
791210 985877
162078 985104
821760 984335
296611 984303
207672 983974
455628 983484
37044 983197
878416 982846
811846 981936
615771 981251
626439 980994
251958 980430
237319 980229
555652 979873
454942 979340
228968 979297
374497 979034
874052 978537
862832 977666
891101 976704
755885 976242
385946 975626
770951 975009
518763 974183
159092 973231
882823 972961
48189 972199
347469 971985
397555 971754
321868 971025
442111 970231
151070 970070
322519 969390
720495 968930
678733 968817
666843 968688
938305 968286
20982 967517
365879 967288
258341 966792
222403 965898
834473 965724
275617 965666
376380 965331
508577 964453
437780 963738
605375 962785
405828 962671
27985 961848
582210 961464
452889 960844
537539 960443
400250 960066
97410 959769
570632 959532
226208 959074
49912 958135
582054 957420
507958 956808
558374 956070
29526 955341
529471 955127
264738 954767
950846 954684
40722 953796
250017 953722
4057 953384
486392 953004
259292 952902
33189 952682
375934 951715
870466 951437
555990 950569
769505 950481
168770 950221
472238 949290
377493 948405
874737 948151
246251 947757
105648 946782
304350 946504
775474 946082
836305 946065
677917 945528
971241 944666
535489 944324
814428 944006
978094 943854
547105 943657
192831 943049
499399 942387
61626 942028
316770 941998
402831 941856
377824 941190
235710 941083
923129 940989
23446 940421
293189 939929
891224 939872
292583 939091
944058 938553
71399 937715
164295 936816
665118 936527
204899 936006
513098 935303
160237 934629
799105 934501
300541 934033
297475 933826
547981 933520
553640 933148
750131 932624
649144 931977
343628 931455
721433 931161
117237 930635
360611 929928
605875 929101
309968 928168
32946 927491
986191 927258
983915 926340
251511 926222
999134 925676
185048 925058
517695 924186
457454 923431
530093 922777
952239 921963
515613 921603
584004 920677
922581 919889
627220 919648
564245 918947
512507 918078
685200 917293
293529 917179
142167 917122
602503 916534
283991 916112
453541 915592
237369 914982
662287 914710
725095 914556
902254 914359
169903 913761
697706 912849
335552 911976
466749 911259
865040 911255
48355 910939
351968 910409
895470 909460
198359 909229
566581 909190
719691 908524
331180 908206
684511 907378
718736 907187
203846 906224
767545 905431
469990 905343
450833 904974
724567 904180
420195 904099
618314 903735
142157 903520
461255 902966
603728 902088
749326 901325
601734 900794
714143 899951
690547 899169
493269 899113
147251 898374
136238 897383
984403 896755
292774 896712
138748 895939
580608 895386
354379 894951
731814 894621
576380 893747
163432 893077
15108 892828
922848 891859
412605 890879
930870 890330
128188 889844
63040 889272
382590 888887
120257 888839
278849 887931
91602 887833
651248 887018
47647 886703
414646 885993
828360 885040
70388 884824
954087 884782
142349 883787
41713 883733
355614 883120
791285 882596
29643 882307
785474 881503
990261 880946
252582 879958
921864 879298
535184 878441
965488 878348
381271 877480
415659 877010
439956 876692
155257 876310
725929 875533
310961 874719
672933 874434
389742 873727
874176 873515
401318 872543
124801 871596
929498 871546
113599 870589
56105 870485
631491 870392
441024 870280
175437 869664
869932 869472
56942 868540
194960 868093
24274 868004
285874 867924
712736 867369
700335 866463
888826 866406
818575 866317
554911 866184
441075 865899
179760 865803
607019 865687
594832 865094
371364 864423
33764 864205
454463 863823
970233 862999
707068 862262
182533 861417
49621 861405
569286 861074
130215 860493
545351 860023
526219 859330
742209 859131
497988 858882
666718 858177
847184 857412
812377 857210
17505 856846
525313 856086
533350 855848
484955 855163
378882 855022
144935 854910
359390 854872
766715 854639
636634 853806
416908 853621
753310 853416
774540 852988
109903 852936
734381 852028
897886 851735
972099 851524
669050 851112
68551 850491
732965 849945
927159 849874
932132 849616
685595 849224
922896 848430
97827 848316
555530 847898
346285 847677
49548 846993
250338 846688
379802 846049
220864 845260
563798 844842
773810 844137
867187 843815
583451 843347
24066 842571
956529 842512
35944 842150
380230 842143
967601 841851
779875 840906
571517 840831
328013 840298
417752 839340
479273 838452
61544 837563
189307 837003
490431 836172
867018 836085
557137 835922
104480 835024
372799 834909
253933 834601
813649 833751
359755 833677
846979 833468
159005 832793
168118 832768
738640 832026
533319 831523
895939 830971
967741 830703
905475 830335
171036 829615
855535 829590
918806 829267
645371 828847
316897 828024
547664 827257
587172 827164
365583 827127
974731 826140
352374 825601
561722 824978
271452 824549
79901 824186
199510 823495
649630 823090
857148 822951
341680 822158
947141 821930
225032 821053
573839 820137
725228 819376
334652 819129
476900 818704
619510 818036
377804 817156
20690 816927
83083 816093
604882 815881
368286 815778
641029 815741
639822 814750
40777 814330
513216 813884
284465 813249
665451 812339
107265 811940
417124 811361
652950 810369
173717 810314
995299 809567
126412 809228
529365 808894
329967 808384
840792 807984
907982 807411
618419 806945
319889 806762
708175 806348
251152 806224
404565 805894
394177 805324
900085 804971
997772 804160
451074 803505
435707 802971
939450 802765
284749 802365
207396 801843
545322 801468
611026 800695
392816 799924
353734 799093
448939 798348
125745 797718
814436 797064
732566 796082
994064 795894
366606 795176
4329 794868
426852 794197
404186 793285
693664 792796
738708 792433
92961 792382
603070 791638
470179 791407
57481 790899
329057 790147
735265 789810
113876 789634
58495 788675
465625 787968
132059 787071
382960 786957
333503 786251
143008 786095
160759 785477
880953 784637
642405 784412
162290 784029
252145 783655
956656 783078
448093 782906
902760 782363
650742 782225
115227 782144
311654 782115
745664 782064
114791 782035
338944 781851
914450 781018
514139 780687
423830 780592
811688 780490
643588 779790
659705 779084
484486 778576
488988 777999
661808 777584
717118 777053
288302 776972
657643 776881
999453 776438
320561 776329
700663 775334
118050 775168
728550 775099
472311 774931
133305 774711
636945 774262
244212 773668
329179 773053
612225 772054
381388 771668
804229 771611
606409 771302
782286 770349
149735 770330
627880 769580
43150 768650
230415 768162
263865 767755
41790 767328
232985 767242
723814 767181
672729 766914
521658 766748
747069 766330
50599 765407
178212 765152
628449 764769
943532 764614
517145 764151
267316 763699
96267 763131
760572 762131
595955 761139
721833 760493
402271 759504
543334 759095
638944 758738
284068 757761
887002 757509
138113 757029
777339 756185
656711 755459
326472 755215
3467 754518
317267 753767
58038 753755
434505 753268
172256 752425
527656 752179
283736 751355
46541 751226
628992 750469
599403 750235
743765 750172
687576 749660
678157 749120
948737 748995
632345 748666
404158 748295
634442 747469
359744 747057
669584 746083
771815 745157
882013 744768
105456 744561
927655 744263
391180 743997
574157 743334
595852 742833
618321 742559
10103 741665
345539 741423
192190 741085
399679 740712
773959 740678
593101 740676
68261 740665
828774 740116
729833 739564
614998 739431
719250 738529
573245 738523
998623 738303
400111 737364
701061 736391
324731 735947
648253 734960
291913 734785
218932 734640
41244 734178
512934 733981
572920 733296
828037 732656
846109 732641
47251 731974
47025 731938
154959 731393
85307 731176
660939 731069
675211 730137
57692 729605
116344 729115
303468 728754
696322 728452
884330 728184
790230 727904
707744 727770
896623 727738
616484 726828
436633 726166
726888 725435
216976 725147
260717 724314
241736 723627
376084 722967
659782 721969
136341 721515
625131 720548
564680 719870
171409 719682
182817 719570
326542 719219
546681 719073
98070 718762
971271 717952
164349 717761
348909 717439
715097 717034
91567 716165
498821 715345
23870 714384
596931 713594
267315 713049
512889 712192
55895 711931
103836 711727
206751 710775
643050 709840
982325 709650
906513 709365
325041 708541
506733 707726
324710 707592
905327 707011
150617 706700
622809 706697
418061 706257
570981 705890
893626 705075
97093 704568
715483 704262
612230 703955
7206 703834
681678 703342
543127 703313
153028 702515
292006 702136
124558 701704
931415 701663
759989 700672
272240 700100
700582 699802
476420 699062
348306 698473
32302 697845
85684 697285
988634 697244
472050 696760
935037 695825
834013 695656
428196 695477
857299 694926
190378 694478
366276 693591
803396 692918
957457 692538
405494 691946
434832 691942
865000 691501
949292 691296
620435 691146
770154 690452
569750 690173
527174 689978
818469 689533
917436 689153
620193 689133
393186 688762
65730 688527
781490 687767
557232 687526
10406 686964
621361 686838
981884 686666
309437 686303
653657 685717
422382 685222
876618 684591
927187 683617
682853 683188
235428 682844
662926 682613
117903 681729
998165 681163
531953 681148
516157 680910
37216 680225
42584 679612
536549 679049
361422 678049
635207 677387
671484 676706
854402 675871
358840 675311
541463 674947
770931 674566
40637 674282
227448 673418
95733 673235
394257 672350
916923 671749
651464 670870
563480 670252
792395 669348
961109 669282
990633 669064
252874 668497
313017 667588
403156 667565
816537 667215
827684 666347
676308 666171
20148 665711
54493 665534
790421 665188
622008 665041
520101 664508
908088 664174
415132 663244
617827 662397
864517 662205
921073 661542
241481 660934
373235 660123
477990 660068
371985 659313
353215 659039
204844 658479
251598 657922
890018 657403
994549 657203
633135 657070
364145 656104
424944 656026
766959 655711
277251 655184
761785 654351
487371 653804
844233 652829
917072 651912
308030 651025
171907 650357
674156 649779
630751 649727
173646 649180
113834 648710
309974 647841
998107 647531
738341 646834
674389 646669
795735 645982
227921 645347
221813 644530
305819 644032
209486 643393
763059 642943
756703 642053
413076 641993
950703 641184
763409 640482
779384 640465
226394 639991
844543 639986
888734 639687
719685 638933
648139 638240
370902 637420
700336 636421
828478 636250
619396 635890
798747 635214
465728 634571
730126 634062
862375 633629
795787 633604
882982 632642
100688 632102
101973 632015
897651 631723
208413 631492
420371 631000
630580 630301
267696 630015
741252 629247
976535 628540
541739 628427
817974 627897
996443 627234
535630 626806
31392 626312
255430 625344
875330 624876
267483 624252
495360 623699
892853 623061
997373 622863
343765 622435
661047 621951
95467 621696
548913 621567
760517 621424
65779 621279
119649 621161
824872 621130
736035 620728
747365 620441
571426 620040
235721 619655
792540 619599
733183 619195
364746 618315
371104 617366
237839 617145
746998 616847
715721 616531
358684 615788
25482 615011
36737 614551
193569 613845
215243 613492
503121 613168
411351 612393
690211 611529
690079 611380
78359 610547
175093 609808
709238 609284
930028 608317
802371 607921
53589 607055
793616 606669
973735 606608
830892 606546
922488 605885
693818 605321
86760 604825
983197 604004
652765 603297
390543 602696
234088 602053
84177 602039
408646 601915
537149 601851
120579 601459
795511 601358
491321 600839
937282 600148
526007 599252
76334 599115
482877 598369
374575 597802
794467 597513
161866 597478
769240 596950
222760 596590
757128 595983
600589 595891
115927 595210
660386 595179
904011 594222
895982 593394
312774 592467
388835 592262
202352 592219
220245 591836
687347 590871
758341 590352
284960 590009
708188 589786
366639 589346
615923 589088
182179 588610
913231 587899
288332 587667
746858 587510
154598 587196
644524 586544
460255 585883
401337 585440
299062 585398
866148 584882
178687 584143
598529 583895
492675 583280
801687 583024
915204 582560
214772 581991
27037 581956
877851 581297
14984 580558
189721 580280
685690 580215
526518 580077
20649 579297
651078 578583
274285 578237
703519 577594
403332 577138
623524 576836
45616 576040
69568 575704
989499 574932
900911 574881
161371 574439
417142 574172
717424 573317
30899 572750
521513 572317
617487 572148
947527 571890
655951 571454
965306 571424
185354 571375
189671 571222
75125 571096
989643 570934
826906 570250
424505 569250
625575 568343
788863 567615
625187 566995
343463 566331
615291 565401
862233 564598
467899 564264
825054 563975
490776 563713
98047 562911
109418 561917
770892 561373
946679 561130
495160 560836
976105 560693
639137 560373
312162 559864
821422 559616
933926 559335
589074 558349
848311 558256
262061 558059
485438 557062
931857 556079
345189 555274
150753 554311
870785 553846
412438 553612
146413 553564
811291 552593
340146 552075
843224 551643
635746 551230
896717 550807
214276 550679
79444 550262
667753 549547
500616 548857
40221 548287
830341 548169
443897 547893
91653 546936
199830 546621
196585 545755
229660 545568
137049 544866
40632 544677
542722 544490
872364 544234
656958 543498
292096 543152
512658 542223
86294 541959
569232 541744
100187 541328
837725 541061
776793 540270
667021 539340
571498 539232
444330 539018
219784 538298
641876 538168
276927 537360
215810 536393
108931 535761
416294 534978
882462 534676
377007 533951
964673 533151
95784 532888
105788 532525
342654 532059
675081 531641
367006 531216
969219 530753
98173 530136
801780 529263
599409 528540
731851 528210
516157 528171
522925 527648
474986 526951
36898 525961
951056 525526
420912 525126
655540 524399
825797 523902
232459 523711
295373 523710
425501 523419
483620 522474
938437 522044
186341 521993
958037 521411
313057 521284
483542 520558
989996 520394
724076 519481
427153 519138
73560 519117
355749 518275
36888 517393
968761 516653
