1000 160
13 20907
62 134329
58 267602
22 311048
65 475679
85 568396
6 651818
69 798462
76 874476
78 930168
71 986778
11 839605
72 752485
17 688101
76 501485
25 480624
43 369309
75 205604
38 158695
11 79517
65 4797
61 122991
34 212905
66 354867
83 463690
81 584428
95 659436
60 791957
92 833250
78 961257
70 961058
39 892302
32 771997
36 672798
75 519737
38 443540
19 367341
66 235728
54 163289
86 83911
26 58944
58 164618
4 223011
89 321680
66 491195
25 550115
17 618258
2 763684
58 832926
35 957500
4 926139
30 869025
13 777796
22 603233
26 592110
60 491501
45 320385
20 253445
57 135252
62 30844
97 65124
83 111656
58 210416
29 315976
67 493524
48 596786
91 648384
73 716024
70 867797
8 920406
65 997883
85 835451
4 791458
36 661586
42 510099
79 463980
73 315825
34 251499
52 120914
73 99053
58 69076
37 158963
44 270174
36 309005
46 403092
77 516101
24 645782
37 744292
72 898934
36 915204
13 989236
31 823380
69 729911
93 663713
8 562154
10 404007
6 391569
16 207188
72 163623
94 10933
24 16950
12 107040
94 290065
96 335421
99 464913
71 513201
75 641611
47 748424
23 827370
69 919518
14 912846
64 866059
57 768128
72 696809
59 537552
90 415939
58 387374
89 200475
100 199714
18 29112
66 87080
81 118027
23 227083
95 313340
66 432893
24 532246
29 611152
30 797771
18 842132
73 985989
24 991886
71 814987
3 728881
48 647788
29 565563
74 494571
45 345390
86 218118
46 149674
87 54405
42 99972
16 140380
49 283909
86 394397
77 490050
100 545469
23 632563
98 743649
91 858898
54 965061
78 928881
41 840904
9 711608
67 623896
23 576826
54 433813
71 380532
97 279429
12 135489
14 18580
69 70013
88 165253
97 256084
19 339353
74 415205
38 520954
46 638616
47 758373
44 850681
71 968082
31 917457
45 898402
41 716512
25 608356
27 568952
91 426371
88 355161
49 260432
10 110917
98 78855
20 64351
48 107905
10 299268
80 386325
19 443206
15 523243
17 627649
12 725983
20 891452
50 957550
20 968734
96 854369
69 786027
68 677715
65 546777
78 408832
53 359219
8 296971
18 196489
44 65996
99 65138
17 139989
95 246207
35 348288
20 405917
59 562167
35 648327
99 764511
80 856742
64 926241
7 940774
64 874934
1 738518
79 659663
65 546011
26 419999
58 388593
11 236997
89 155968
90 12473
25 78326
88 155378
83 208551
98 368242
93 473118
77 500303
51 660479
84 723839
12 893659
60 989759
35 971246
23 882080
13 758136
100 626159
96 591318
36 421119
79 369628
10 224980
77 197298
90 90095
88 91720
31 189873
22 271159
22 307534
46 475670
19 594000
29 604213
19 769925
81 886266
89 907782
20 973366
30 807012
74 751618
16 650033
4 510683
62 445225
65 398103
59 248443
75 128996
82 58711
43 2204
41 162646
43 282438
25 395649
8 408043
53 584575
12 671187
20 755614
42 895325
90 949917
89 928376
44 870835
24 733344
59 617856
19 553048
67 433807
95 357408
25 212676
40 181747
15 80968
48 73152
100 160141
60 278147
90 378656
79 408704
21 595179
23 624923
26 724387
5 825142
74 908565
17 983208
6 830920
7 739063
83 623439
40 534354
31 428302
87 378861
2 292741
85 177817
88 51774
97 39679
59 118223
7 266201
13 319341
40 420046
25 555117
94 698664
15 787960
61 800468
91 932362
40 930005
34 898439
15 740420
24 631675
87 594153
77 403276
9 346735
14 263775
13 147271
25 5667
85 16475
50 108830
33 240588
34 308498
70 437707
58 553931
36 684177
76 774951
75 853308
28 925283
61 994790
62 850590
93 718499
42 626605
75 580759
38 493563
36 351697
76 256633
51 144392
90 49609
78 40849
63 142371
91 274874
52 320707
18 474662
21 544272
96 631429
51 736905
54 809935
61 978093
52 979486
79 838279
49 755013
95 693461
92 527152
33 421076
14 355929
42 295849
26 179172
44 51950
18 49400
76 180439
3 233339
8 350080
9 464008
89 527221
70 655024
94 764381
85 838538
100 904452
35 917304
49 864804
24 725336
44 651535
64 596611
34 473660
78 369990
55 207883
75 150522
44 58102
88 60642
85 159703
9 224960
37 303952
98 454197
78 500699
68 639508
42 725486
65 842753
95 991370
70 984907
59 897889
46 729954
41 634081
71 522967
44 459521
60 356816
10 222247
34 174468
80 39636
73 4665
9 181165
40 258135
54 388903
90 435560
38 520461
7 618991
38 756081
73 896579
82 900877
36 912134
88 834069
2 752070
15 686843
37 571855
81 463517
35 355114
5 213551
59 143223
43 91329
69 76258
42 141710
8 213317
41 312608
89 460986
51 524386
1 658523
92 740964
68 875960
16 912997
41 905716
38 889888
58 746077
87 628757
80 578694
7 465778
76 388642
97 282942
85 114655
82 4995
13 70941
47 182933
7 252426
12 386595
96 455643
29 518937
75 663497
96 714671
67 810885
82 995922
44 958457
11 841101
45 786781
34 673108
44 509107
38 450764
25 361152
78 229434
14 181703
11 3399
28 36227
71 119949
94 209632
79 365216
23 441399
90 580251
98 659364
10 728870
46 870374
21 903682
4 950547
17 899217
85 731701
84 666277
89 574501
86 400003
94 395714
72 242962
75 157934
47 80390
88 92902
20 199652
23 267452
75 379474
89 454802
2 571837
95 603284
94 717125
13 871155
94 962889
68 919002
65 887978
96 732847
15 606399
61 527207
63 479157
55 386342
63 260385
78 199283
69 40451
40 8500
86 125176
29 287914
27 366524
57 484395
7 586746
64 696344
100 730803
100 865883
25 976262
77 956512
81 808513
45 733388
15 628005
20 558334
29 489711
57 325024
100 206472
51 141385
62 69259
21 75827
15 107886
37 288693
46 353071
93 486044
40 573020
54 620011
55 716383
97 828011
84 991780
80 937424
79 865321
54 716907
76 616321
49 500389
68 412676
45 320959
75 200503
46 118723
32 37331
38 21894
39 152853
9 203356
69 385633
2 406168
79 517236
27 639839
71 772069
34 862440
27 939318
2 911538
52 856541
33 715362
77 654537
95 513303
10 466708
61 392972
38 223332
41 196009
81 42109
30 8486
47 188391
16 295550
4 319191
80 408843
28 510172
43 699460
100 719465
41 855408
100 980570
49 982245
100 884068
93 741666
94 684414
43 524965
89 492966
31 311050
4 207313
88 112480
51 49331
90 42825
95 123207
11 263567
58 395483
49 467454
97 559292
24 686657
22 735353
97 866908
45 934678
6 975491
15 835248
47 740950
23 617960
18 541115
36 467853
7 333878
85 247210
43 128966
95 66506
9 66911
10 169827
67 258847
59 394854
71 474479
46 523009
11 685977
1 798543
93 812769
6 999902
31 923201
67 861498
91 781444
76 687450
30 597119
39 483271
73 365767
90 207909
63 126291
16 70879
34 10895
74 147283
66 226009
47 372343
84 411452
76 522823
39 653799
55 717389
42 865642
26 934795
65 914156
50 820167
90 795531
13 621268
23 501617
69 431737
6 361071
11 229312
98 186937
87 18429
14 18141
70 103608
53 294721
98 398682
16 467257
99 527408
91 638946
19 700447
82 823902
39 965700
92 915020
78 859270
47 733347
32 642459
72 535531
3 451603
54 313208
98 273253
45 132132
54 4213
84 62375
93 166846
93 298005
15 346241
10 476181
85 576458
57 627162
26 740956
61 822752
53 977145
15 947428
8 868975
92 738592
75 631906
45 589314
28 452082
44 382503
70 297673
46 170969
90 48035
95 12035
50 115034
11 280717
15 304014
52 463513
18 526317
99 689208
90 769604
91 855593
57 928194
38 916303
83 810757
15 749326
37 625124
51 564802
32 458936
27 392541
19 278440
22 156315
11 6319
96 74274
72 112588
81 276475
81 318918
89 492776
44 559386
46 679969
93 723299
49 827791
39 910756
39 916676
40 824757
7 788117
94 665639
49 577814
70 436630
53 308912
30 264266
17 100705
84 87146
81 25808
93 115966
73 203915
44 313694
6 451935
35 540733
43 636531
44 740780
52 803778
81 942956
32 923859
74 837012
7 771126
29 618586
74 581150
44 483458
63 361877
67 210561
46 172353
89 49836
62 1745
57 172098
59 245603
34 307858
92 401878
27 532043
68 641606
17 750942
6 828969
79 906546
65 949029
9 880484
27 788748
98 685880
62 549206
56 474144
29 303705
93 202632
62 187335
99 732
25 89349
37 180471
93 226467
73 395497
10 496924
6 564931
77 662444
19 701826
93 864873
19 906998
64 932255
92 856238
44 733324
52 635042
4 583317
62 402973
65 300547
22 236645
86 162526
52 90023
39 99684
21 148196
87 249797
85 381714
37 488606
89 530768
65 651441
35 713259
37 855805
48 911910
98 979839
41 884969
14 715653
86 658280
11 523307
42 410798
49 319828
53 247399
10 149350
1 22247
35 57538
100 114298
16 269502
43 354121
61 419649
23 514150
96 606779
46 750420
98 805502
1 978037
73 949565
57 853105
48 763680
49 629120
83 599297
53 455477
83 308806
57 245832
58 146907
81 56830
4 90283
1 148470
25 290619
38 309522
55 426435
4 548000
64 642154
35 748229
77 821757
85 963205
94 901963
34 821329
17 765888
30 681997
35 505340
88 451484
46 383792
97 296459
70 181684
9 35128
67 45351
97 159549
91 244484
69 342588
38 469406
49 503176
78 640408
83 781165
10 815428
73 960286
18 922773
74 821881
80 724322
35 616185
94 570106
46 447480
96 314783
59 294911
31 140065
79 97195
64 11096
38 124670
71 287388
90 398143
20 425124
74 548718
55 696282
37 712808
48 870776
23 962036
74 981409
18 849224
37 790750
67 666683
11 559763
25 480071
96 363005
15 212762
86 113899
73 71450
64 57078
11 105330
95 283615
50 386750
3 497987
21 585999
25 626237
62 736155
94 888056
31 941860
76 900367
94 815459
64 779268
96 643793
82 575609
65 451794
2 356782
6 272958
6 196151
37 57357
50 30841
22 173535
76 231586
23 394725
34 411074
74 551951
33 603817
43 742355
49 802047
33 932438
65 947930
42 845371
82 735679
18 653030
35 556152
62 433963
83 351118
73 213719
86 109827
64 22458
83 1839
96 105840
75 200566
68 377003
60 487970
83 504095
20 638977
83 715433
5 898557
100 963709
18 903508
100 879338
72 739029
67 685740
84 523702
68 404302
68 318356
70 205082
29 158887
9 21183
75 56513
73 185342
49 218468
46 355985
93 446269
74 542455
28 615841
28 729440
39 838434
22 961426
17 940046
94 844598
13 795620
23 627362
4 502099
6 439876
84 349329
51 252423
24 173557
65 44837
95 55986
86 102122
57 298225
2 355328
42 438506
80 560604
90 665022
11 702149
58 816723
7 930620
40 997133
18 801068
81 746118
90 663216
28 531562
53 437979
28 389617
84 278632
52 198841
34 58142
95 64608
89 104255
70 247963
15 319278
35 454102
38 539803
3 660073
70 752237
44 889555
53 930859
58 975029
5 808710
2 725037
6 683142
90 514381
87 420719
32 334680
7 285903
62 184953
13 66567
