19 3355
405 19
17 0.055271
13 0.055666
4 0.055619
12 0.055517
18 0.055704
15 0.055386
9 0.055683
14 0.055666
16 0.055344
7 0.055574
2 0.055370
19 0.055505
6 0.055393
3 0.055651
11 0.056171
10 0.055463
8 0.055562
5 0.055454
2008 0.000001
38 19
14 0.055393
15 0.055904
19 0.055291
8 0.055481
3 0.055303
16 0.055662
12 0.055580
18 0.055227
5 0.055148
17 0.055642
6 0.055863
13 0.055628
10 0.055669
4 0.055135
7 0.056132
1 0.055754
9 0.055600
11 0.055587
1404 0.000001
947 19
7 0.055641
19 0.055555
11 0.055614
17 0.055701
13 0.055552
8 0.055588
10 0.055339
9 0.055618
1 0.055552
4 0.055666
2 0.055434
15 0.055631
5 0.055481
6 0.055223
18 0.055548
14 0.055615
12 0.055790
16 0.055451
148 0.000001
84 19
6 0.055665
14 0.055907
19 0.055602
3 0.055303
9 0.055391
1 0.055741
12 0.055731
2 0.055515
17 0.055257
16 0.055278
5 0.055644
10 0.055780
13 0.055442
11 0.055512
15 0.055481
18 0.055597
8 0.055777
7 0.055376
1497 0.000001
760 19
12 0.055180
4 0.055473
14 0.055438
18 0.055549
17 0.055477
7 0.055601
9 0.055575
1 0.055355
3 0.055432
13 0.055710
11 0.056063
15 0.055416
19 0.055798
2 0.055644
8 0.055406
10 0.055302
6 0.055690
16 0.055890
946 0.000001
208 19
3 0.055953
7 0.055562
1 0.055402
4 0.055218
14 0.055722
8 0.055610
12 0.055212
19 0.055494
18 0.055502
16 0.055334
13 0.055518
15 0.055760
17 0.055389
2 0.055661
10 0.055856
11 0.055677
5 0.055488
9 0.055641
72 0.000001
52 19
5 0.055178
6 0.054879
16 0.055722
12 0.055946
1 0.055723
3 0.055590
10 0.055533
8 0.055623
11 0.055292
17 0.055581
15 0.055225
9 0.055856
14 0.055697
2 0.055303
19 0.055818
13 0.055650
18 0.055722
4 0.055661
1723 0.000001
283 19
12 0.055535
17 0.055382
7 0.055728
11 0.055644
14 0.055909
10 0.055525
16 0.055356
18 0.055799
2 0.055194
5 0.055558
13 0.055665
4 0.055559
9 0.055602
15 0.055271
1 0.055339
6 0.055716
19 0.055717
3 0.055500
3291 0.000001
670 19
8 0.055315
4 0.055348
13 0.055161
19 0.055441
12 0.056044
15 0.055558
2 0.055580
18 0.055778
11 0.055518
6 0.055614
16 0.055597
3 0.055435
17 0.056034
5 0.055783
14 0.055255
7 0.055850
1 0.055350
10 0.055338
1727 0.000001
556 19
8 0.055748
4 0.055548
15 0.056082
1 0.055549
18 0.055743
17 0.055583
9 0.055288
13 0.055559
19 0.055467
14 0.055396
12 0.055486
3 0.055647
6 0.055497
16 0.055440
5 0.055390
11 0.055707
7 0.055392
2 0.055477
1815 0.000001
39 19
17 0.055937
7 0.055606
19 0.055755
10 0.055405
3 0.055136
18 0.055539
2 0.055800
1 0.055376
12 0.055454
13 0.055964
9 0.055569
5 0.055857
8 0.055286
15 0.055532
6 0.055827
4 0.055689
16 0.055223
14 0.055044
2485 0.000001
996 19
17 0.055187
3 0.055620
13 0.055901
16 0.055042
19 0.055084
1 0.055148
11 0.056030
10 0.055854
9 0.055344
7 0.055957
18 0.055496
15 0.055958
4 0.055586
6 0.055441
14 0.056050
8 0.055486
5 0.055341
2 0.055474
1559 0.000001
390 19
12 0.055493
6 0.055719
19 0.055632
7 0.055294
4 0.055495
17 0.055970
2 0.055605
15 0.055035
16 0.055408
11 0.055255
10 0.055624
5 0.055169
9 0.055422
14 0.055652
18 0.055775
3 0.055585
8 0.055557
1 0.056309
773 0.000001
171 19
3 0.055859
17 0.055252
4 0.055275
5 0.055879
19 0.055579
10 0.055758
8 0.055642
11 0.055309
1 0.054881
16 0.055746
18 0.055804
9 0.055241
15 0.055374
2 0.055672
13 0.055501
6 0.055546
7 0.056052
12 0.055629
704 0.000001
347 19
11 0.055984
9 0.055770
16 0.055531
5 0.055768
8 0.055568
13 0.055720
4 0.055140
10 0.055562
19 0.055566
14 0.055621
6 0.055267
17 0.055249
2 0.055694
7 0.055517
3 0.055603
18 0.055393
12 0.055710
1 0.055336
2288 0.000001
776 19
6 0.055897
5 0.055611
18 0.055934
4 0.055664
12 0.055018
10 0.055623
13 0.055833
19 0.055751
15 0.055480
17 0.055605
2 0.055555
9 0.055492
1 0.055214
8 0.055565
14 0.055120
11 0.055149
7 0.055847
3 0.055641
1541 0.000001
751 19
19 0.055496
9 0.055577
8 0.055799
4 0.055789
11 0.055728
2 0.055778
13 0.055597
3 0.055253
5 0.055855
6 0.055574
18 0.055375
1 0.055661
7 0.055591
10 0.055528
14 0.055264
15 0.055281
16 0.055449
12 0.055404
534 0.000001
923 19
14 0.055822
7 0.055691
1 0.055352
19 0.055973
10 0.055713
16 0.055418
12 0.054715
5 0.055480
15 0.055463
8 0.055197
4 0.055616
2 0.055660
3 0.055612
11 0.055603
9 0.055810
6 0.055270
17 0.055794
13 0.055810
1563 0.000001
706 19
8 0.055311
13 0.055743
2 0.055447
6 0.055468
3 0.055418
7 0.055415
15 0.055456
12 0.055912
14 0.055592
11 0.055356
17 0.055734
1 0.055466
10 0.055532
9 0.055670
16 0.055605
5 0.055447
4 0.055968
18 0.055459
1630 0.000001
