57 34346
253 57
41 0.017989
42 0.017908
57 0.017967
47 0.017649
12 0.017845
49 0.017834
4 0.017717
36 0.017954
16 0.017866
39 0.017743
19 0.017650
13 0.017948
34 0.018146
54 0.017825
28 0.017835
20 0.017967
56 0.017881
45 0.017862
15 0.017914
30 0.018014
53 0.017741
18 0.017998
10 0.017864
5 0.017897
44 0.017879
23 0.018074
21 0.017846
31 0.017861
29 0.017771
8 0.017840
52 0.017930
9 0.017766
33 0.017744
51 0.017997
46 0.017644
25 0.017877
43 0.017849
55 0.017732
24 0.017959
40 0.017631
37 0.017887
35 0.017886
22 0.017917
27 0.017860
14 0.017927
3 0.017933
50 0.017735
2 0.017997
7 0.017650
26 0.017645
32 0.018015
11 0.017666
38 0.017809
17 0.017866
48 0.017920
6 0.017872
24074 0.000001
69 57
27 0.018019
11 0.017958
18 0.017867
57 0.017917
30 0.017961
20 0.017700
17 0.017635
36 0.017829
41 0.017863
43 0.018034
42 0.017779
50 0.018018
56 0.017753
4 0.018132
7 0.018028
53 0.017743
26 0.017853
51 0.017718
33 0.017977
35 0.017741
23 0.017831
37 0.017915
48 0.017720
12 0.017662
21 0.017833
25 0.017950
1 0.017858
46 0.017890
19 0.017820
29 0.017861
15 0.017848
39 0.017945
13 0.017740
40 0.017771
3 0.017881
31 0.017906
10 0.017781
14 0.017731
24 0.018070
45 0.018054
38 0.017792
16 0.017822
49 0.018072
55 0.017834
22 0.017966
9 0.017961
6 0.017857
52 0.017944
5 0.017954
8 0.017789
32 0.017574
54 0.017562
47 0.017903
34 0.017724
28 0.017822
44 0.017831
17225 0.000001
291 57
45 0.017838
15 0.017821
9 0.017905
48 0.017890
1 0.017657
33 0.017833
54 0.017804
14 0.017920
36 0.017746
20 0.017911
52 0.017827
12 0.017897
55 0.018017
35 0.017925
39 0.017360
37 0.017969
2 0.017921
42 0.017565
27 0.017979
8 0.017873
34 0.018115
50 0.017666
4 0.017810
28 0.017991
38 0.017949
56 0.018080
30 0.017780
51 0.017916
26 0.017837
21 0.017865
29 0.017950
46 0.017636
43 0.017841
23 0.017916
6 0.017755
5 0.017764
32 0.017929
41 0.017766
44 0.018009
18 0.017868
31 0.017685
40 0.017943
47 0.017851
19 0.018016
16 0.017677
53 0.017738
11 0.017939
57 0.017970
10 0.017969
17 0.017782
13 0.017845
7 0.017804
49 0.017863
22 0.018056
24 0.018007
25 0.017753
33037 0.000001
494 57
30 0.017920
39 0.017833
54 0.018023
10 0.017754
11 0.017864
12 0.018105
42 0.017951
1 0.018005
38 0.018010
16 0.017962
18 0.017767
14 0.018029
23 0.018014
57 0.017923
20 0.017869
26 0.017817
50 0.017621
29 0.017845
49 0.017674
44 0.017829
35 0.017770
19 0.017679
40 0.017665
31 0.017827
17 0.017604
15 0.018013
22 0.018022
5 0.017767
52 0.018002
21 0.017941
51 0.017848
56 0.017848
13 0.017732
47 0.017935
41 0.017886
36 0.018018
25 0.017938
33 0.017675
37 0.017610
46 0.017811
9 0.018143
55 0.017755
7 0.017794
27 0.017941
8 0.017648
28 0.017794
43 0.017962
45 0.017773
6 0.018048
53 0.017699
34 0.017811
48 0.017634
2 0.017805
24 0.017874
32 0.018085
3 0.017827
25657 0.000001
70 57
23 0.017901
28 0.017734
33 0.017928
46 0.018040
3 0.018055
44 0.017794
38 0.017947
12 0.017634
47 0.017848
30 0.017750
48 0.017998
22 0.017928
45 0.017762
15 0.017774
56 0.017779
10 0.017920
31 0.017918
8 0.018011
24 0.017855
2 0.017909
6 0.017618
18 0.017859
9 0.017948
16 0.017919
49 0.017765
19 0.017826
40 0.017571
54 0.017729
34 0.017952
52 0.018037
50 0.017766
51 0.017666
53 0.017871
11 0.017780
35 0.017981
39 0.017872
17 0.017871
32 0.017927
36 0.017860
21 0.018104
55 0.017599
25 0.018093
29 0.017802
41 0.017709
7 0.017835
37 0.017792
27 0.017882
43 0.017993
57 0.018045
42 0.017756
13 0.017743
1 0.017807
4 0.017941
26 0.017819
20 0.017940
14 0.017836
2667 0.000001
331 57
15 0.017886
46 0.017851
57 0.017818
28 0.017895
11 0.017893
31 0.017930
26 0.017739
52 0.017916
16 0.017831
49 0.017908
48 0.018057
38 0.017803
37 0.018027
45 0.018158
34 0.018153
2 0.017834
41 0.017875
12 0.017852
33 0.017950
54 0.017824
50 0.017858
43 0.017777
10 0.017917
9 0.018096
21 0.017914
40 0.017715
7 0.017977
22 0.017888
55 0.017530
20 0.017639
24 0.017777
51 0.017880
14 0.017777
13 0.017909
4 0.017938
32 0.017862
47 0.017943
35 0.017754
19 0.017644
17 0.017909
1 0.017810
5 0.017826
42 0.017832
39 0.017902
25 0.017864
8 0.017760
44 0.017831
36 0.017939
29 0.017855
18 0.017755
23 0.017594
56 0.017833
27 0.017802
53 0.018097
3 0.017901
30 0.017494
7376 0.000001
542 57
38 0.017964
27 0.017703
34 0.017928
6 0.017855
17 0.018024
55 0.017762
1 0.018031
37 0.017902
21 0.017763
36 0.017711
57 0.017947
35 0.017940
50 0.017968
33 0.017780
20 0.017894
14 0.017773
54 0.017909
10 0.017704
29 0.017936
11 0.017942
48 0.017855
56 0.017845
4 0.017817
9 0.017876
31 0.017831
32 0.017863
22 0.017701
24 0.017909
26 0.017641
13 0.017972
23 0.017827
15 0.017654
30 0.017723
2 0.017897
40 0.018011
25 0.017850
52 0.018006
44 0.017928
39 0.017778
3 0.017969
47 0.017968
18 0.017959
51 0.017729
45 0.017622
41 0.017793
5 0.017871
16 0.017856
8 0.017869
28 0.017863
46 0.018049
49 0.017750
19 0.017897
43 0.017757
12 0.017861
42 0.017753
53 0.018013
34184 0.000001
789 57
14 0.017922
21 0.017844
46 0.017821
9 0.017939
17 0.017903
16 0.017961
51 0.017826
42 0.017707
54 0.017793
28 0.017581
11 0.017820
48 0.017825
19 0.017951
47 0.017668
37 0.017779
2 0.017850
52 0.017740
49 0.017937
27 0.017885
4 0.017680
25 0.017628
26 0.017852
53 0.017867
33 0.017957
3 0.018057
45 0.017771
50 0.017867
5 0.017773
12 0.017900
1 0.017946
22 0.017946
35 0.017906
23 0.017781
6 0.017871
24 0.017631
18 0.017973
34 0.017725
10 0.017984
41 0.017944
29 0.017943
7 0.017866
39 0.017948
40 0.017965
13 0.017913
15 0.017859
30 0.017892
56 0.017880
38 0.018008
55 0.017807
32 0.018037
44 0.018046
57 0.017893
31 0.017982
20 0.017713
36 0.017759
43 0.017677
3334 0.000001
305 57
52 0.017917
25 0.017901
36 0.017532
38 0.017882
40 0.017887
12 0.018003
11 0.017557
29 0.017956
31 0.017737
5 0.017899
35 0.017799
56 0.017780
2 0.017793
50 0.018024
17 0.017684
43 0.017969
8 0.017900
53 0.017740
21 0.017945
24 0.017834
7 0.017727
46 0.017918
42 0.017838
44 0.017909
27 0.017927
18 0.017833
19 0.017721
4 0.017762
26 0.017815
22 0.017620
54 0.018115
6 0.017768
10 0.017794
20 0.017935
39 0.017869
16 0.017887
33 0.017751
45 0.017777
1 0.017878
3 0.017867
57 0.017981
55 0.017950
48 0.018142
51 0.017781
13 0.018090
49 0.017794
41 0.018024
30 0.017744
47 0.017767
37 0.017772
32 0.018049
23 0.017956
14 0.017835
34 0.017885
28 0.017999
15 0.017780
30970 0.000001
403 57
34 0.017958
43 0.017973
50 0.017946
30 0.017848
6 0.017761
46 0.017822
14 0.018189
11 0.017747
13 0.017751
54 0.017803
28 0.018046
47 0.017812
19 0.017902
15 0.017727
40 0.017851
22 0.018075
23 0.017998
57 0.017892
33 0.017525
32 0.018011
4 0.017831
49 0.017960
45 0.017906
38 0.017737
20 0.017876
48 0.017703
25 0.017952
55 0.017947
7 0.017859
24 0.017904
52 0.017869
41 0.018031
3 0.017781
8 0.017830
44 0.017993
31 0.017854
53 0.017839
56 0.017895
37 0.017714
2 0.017779
17 0.017878
42 0.017858
29 0.017883
21 0.017717
26 0.017942
39 0.018068
9 0.017718
18 0.017860
12 0.017575
35 0.017928
51 0.017732
36 0.017836
5 0.017923
16 0.017693
27 0.017709
1 0.017782
8506 0.000001
970 57
52 0.017986
21 0.017899
30 0.017900
37 0.017912
18 0.017814
45 0.017862
42 0.017895
17 0.018002
12 0.017709
3 0.017833
36 0.017957
32 0.017973
22 0.017781
44 0.017574
55 0.017853
51 0.017841
13 0.018008
15 0.017782
53 0.017834
28 0.017717
33 0.018077
50 0.017827
8 0.018147
31 0.017751
35 0.017892
1 0.017894
4 0.017762
46 0.017790
56 0.017981
39 0.018009
57 0.017879
34 0.017996
10 0.017610
27 0.017796
24 0.017807
48 0.017733
40 0.017751
9 0.017895
19 0.017701
49 0.017844
41 0.018064
6 0.017868
7 0.017811
38 0.017889
20 0.017851
26 0.017975
5 0.017803
16 0.017585
43 0.017862
47 0.017956
14 0.017888
29 0.018056
54 0.017789
25 0.017876
23 0.017733
2 0.017719
157 0.000001
934 57
1 0.017697
19 0.017743
27 0.018012
40 0.017924
34 0.017750
28 0.017819
53 0.017938
9 0.017703
30 0.017861
16 0.018069
37 0.017911
7 0.017794
18 0.017835
6 0.017920
55 0.017960
56 0.018047
36 0.017997
29 0.017824
41 0.017701
33 0.018007
17 0.017835
23 0.018036
38 0.017873
2 0.017799
14 0.017780
45 0.017946
3 0.017763
25 0.017656
20 0.017920
57 0.017650
5 0.018016
13 0.017873
8 0.017936
42 0.017752
47 0.017898
39 0.017842
50 0.017631
26 0.017980
43 0.017868
10 0.017827
54 0.018003
32 0.017864
51 0.017771
48 0.017914
4 0.018028
52 0.017909
11 0.017587
24 0.017975
49 0.017743
31 0.017820
15 0.017947
35 0.017889
21 0.017949
46 0.017762
22 0.017715
44 0.017730
3433 0.000001
991 57
12 0.017761
34 0.018042
7 0.017775
23 0.018077
41 0.017915
4 0.017770
3 0.017720
17 0.017724
5 0.017827
14 0.017803
16 0.017881
56 0.017890
11 0.018042
39 0.018031
45 0.017817
32 0.017762
1 0.017973
15 0.017983
47 0.017762
43 0.017813
6 0.017993
28 0.018144
48 0.018131
10 0.017824
33 0.017835
52 0.017682
38 0.017837
46 0.017836
26 0.018060
57 0.017667
22 0.017740
27 0.017969
40 0.018038
25 0.017830
36 0.017931
49 0.017845
21 0.017749
20 0.017754
53 0.017989
51 0.017926
8 0.017903
42 0.017647
31 0.017708
19 0.017744
30 0.017617
2 0.017674
24 0.017890
44 0.017771
18 0.017671
54 0.018006
29 0.018104
9 0.017808
37 0.017667
55 0.017981
35 0.017707
50 0.017953
19859 0.000001
77 57
13 0.018060
51 0.017838
32 0.017799
2 0.018092
16 0.017927
35 0.017913
22 0.017817
54 0.017908
52 0.017637
55 0.017765
29 0.018092
38 0.017876
6 0.017833
48 0.017979
40 0.017918
34 0.018013
26 0.017676
31 0.017879
7 0.018024
41 0.017777
27 0.017956
50 0.017954
9 0.017824
49 0.017798
39 0.017846
42 0.017701
36 0.017838
20 0.017733
10 0.017810
1 0.017901
17 0.017906
23 0.017605
53 0.017899
37 0.017821
46 0.017676
28 0.017751
12 0.017916
44 0.017919
3 0.017945
5 0.017872
56 0.017988
11 0.017987
45 0.017798
18 0.017882
25 0.017855
47 0.017613
21 0.017634
8 0.018000
33 0.017989
57 0.017890
30 0.017645
4 0.017956
43 0.017686
19 0.017738
15 0.017952
24 0.017892
11520 0.000001
384 57
29 0.017703
14 0.017816
13 0.017699
4 0.017886
52 0.017761
35 0.017877
23 0.018055
46 0.017798
55 0.017980
48 0.017857
1 0.017791
12 0.017755
3 0.018072
56 0.017975
33 0.017674
26 0.017870
16 0.017922
41 0.017733
39 0.017901
20 0.018040
6 0.017851
47 0.017962
18 0.017959
36 0.017793
50 0.017961
43 0.017826
2 0.017839
19 0.017765
28 0.017627
57 0.017572
8 0.017992
17 0.017976
37 0.017860
27 0.017847
42 0.018010
51 0.017851
44 0.017780
32 0.017921
54 0.017871
30 0.017875
40 0.017784
24 0.017983
38 0.017737
45 0.017808
10 0.017957
7 0.017816
21 0.017722
34 0.017862
9 0.017870
49 0.017965
31 0.018013
53 0.017860
22 0.017904
25 0.017950
5 0.017637
11 0.017828
22154 0.000001
305 57
11 0.018016
13 0.018092
27 0.017905
42 0.017837
26 0.018032
23 0.017775
44 0.017891
30 0.018011
34 0.017906
29 0.017929
21 0.018175
20 0.018104
53 0.017739
14 0.017921
51 0.017938
7 0.017737
17 0.017839
25 0.017496
8 0.017959
50 0.017770
47 0.017884
24 0.017788
54 0.017846
18 0.017815
6 0.017948
48 0.017679
10 0.017750
22 0.017957
4 0.017903
57 0.017827
38 0.017834
45 0.017800
19 0.017891
36 0.017996
35 0.017824
32 0.017696
39 0.017779
43 0.017881
46 0.017651
28 0.017635
3 0.017651
12 0.017948
2 0.017800
49 0.017898
15 0.017841
33 0.017729
40 0.017863
37 0.017851
31 0.017737
41 0.017872
56 0.017715
1 0.017775
55 0.017887
52 0.017941
9 0.017888
5 0.018147
4083 0.000001
270 57
50 0.017682
55 0.017933
16 0.017568
33 0.017958
10 0.017884
36 0.017817
57 0.017837
26 0.017726
19 0.017776
3 0.017624
51 0.017632
32 0.017848
1 0.018006
46 0.017922
23 0.018118
24 0.017826
49 0.018087
4 0.018066
40 0.017756
56 0.017835
22 0.017996
2 0.017825
38 0.017912
11 0.017922
47 0.017832
29 0.017880
37 0.017966
45 0.017789
14 0.017782
31 0.017946
52 0.017937
9 0.017879
6 0.017772
54 0.017731
44 0.018005
28 0.017846
21 0.017624
12 0.017846
8 0.017768
15 0.017926
34 0.017900
20 0.017795
30 0.017941
5 0.017940
18 0.017785
43 0.017722
42 0.017770
35 0.017721
48 0.017942
25 0.018058
13 0.018054
39 0.017899
41 0.017833
27 0.017754
53 0.017800
7 0.018000
4606 0.000001
225 57
55 0.017981
35 0.017864
56 0.018030
23 0.017790
46 0.017971
28 0.017848
22 0.018112
57 0.017964
33 0.017916
16 0.017745
14 0.018090
47 0.018119
9 0.017993
51 0.017893
7 0.018094
12 0.017982
45 0.017546
38 0.017914
30 0.017929
21 0.017727
5 0.017966
40 0.017990
8 0.017796
42 0.017648
39 0.018029
13 0.017975
43 0.017808
32 0.017885
49 0.017904
15 0.017794
54 0.017550
52 0.018053
10 0.017917
53 0.017881
6 0.017729
31 0.017866
17 0.017588
41 0.017815
2 0.017949
20 0.017918
3 0.017828
34 0.017692
11 0.017662
44 0.017636
1 0.017878
36 0.017826
37 0.017694
27 0.017742
19 0.017750
29 0.017885
25 0.017779
4 0.018043
26 0.017753
50 0.017750
48 0.017795
24 0.017717
32628 0.000001
881 57
3 0.017840
15 0.017927
43 0.017834
10 0.017894
55 0.017997
40 0.017759
38 0.017709
17 0.017730
53 0.017875
35 0.018064
1 0.017786
20 0.017878
45 0.017766
21 0.018008
25 0.017875
24 0.018038
16 0.017899
13 0.017873
36 0.017771
33 0.017835
37 0.017724
41 0.018031
23 0.017997
50 0.017863
12 0.017772
34 0.017942
32 0.017857
27 0.017714
7 0.017809
39 0.017889
31 0.017766
8 0.017544
42 0.017990
6 0.017740
29 0.017696
28 0.017931
18 0.017672
52 0.017777
48 0.017683
49 0.017878
4 0.017873
44 0.017732
56 0.018039
5 0.017854
14 0.018015
51 0.017748
57 0.018050
30 0.018047
11 0.017659
9 0.017813
26 0.017962
2 0.017905
47 0.017970
54 0.017845
22 0.017989
46 0.017865
23247 0.000001
478 57
9 0.017883
54 0.017761
29 0.017785
21 0.017692
3 0.017515
18 0.017934
52 0.018001
37 0.017655
8 0.017968
45 0.018020
19 0.017792
26 0.018026
46 0.017882
11 0.017988
38 0.017787
28 0.017883
6 0.017888
55 0.017783
53 0.017680
42 0.017820
49 0.017825
43 0.017653
31 0.018188
50 0.017884
24 0.017740
15 0.017945
5 0.017873
39 0.017934
32 0.017846
10 0.017980
35 0.017549
51 0.017932
34 0.017756
40 0.017849
7 0.018136
16 0.017929
48 0.017918
33 0.017837
17 0.017863
13 0.017883
41 0.017818
36 0.017746
14 0.017907
4 0.017794
2 0.018105
47 0.017842
30 0.017786
44 0.017862
1 0.017904
12 0.017873
25 0.017920
57 0.017842
23 0.017897
56 0.017749
22 0.017903
27 0.017788
9701 0.000001
808 57
57 0.017647
40 0.017979
27 0.017846
42 0.017891
19 0.018005
53 0.018242
11 0.017711
22 0.017847
55 0.017810
29 0.017823
20 0.017899
31 0.017731
18 0.017717
47 0.017858
16 0.017864
33 0.017788
50 0.017581
56 0.017954
25 0.017854
45 0.017695
35 0.017855
39 0.017811
8 0.017929
30 0.017809
15 0.017911
26 0.017908
6 0.017957
34 0.017947
5 0.018037
28 0.017636
43 0.017900
24 0.017835
23 0.018077
10 0.017828
44 0.017662
17 0.017751
37 0.017728
38 0.017630
9 0.017883
51 0.017700
48 0.017879
12 0.017770
13 0.017934
7 0.018056
1 0.017776
32 0.017867
54 0.017970
52 0.018096
2 0.018217
4 0.017807
36 0.017772
46 0.017867
3 0.017736
41 0.017941
49 0.017811
14 0.017964
18387 0.000001
743 57
51 0.017921
28 0.017822
7 0.017631
43 0.017874
39 0.018080
37 0.017954
13 0.017819
19 0.017937
33 0.017668
31 0.017810
17 0.017712
25 0.017785
5 0.017707
26 0.017824
52 0.017822
40 0.017879
34 0.017946
30 0.017965
12 0.018075
57 0.018025
23 0.018000
8 0.017922
10 0.017738
16 0.017881
45 0.017921
24 0.017943
50 0.017896
46 0.017803
41 0.017770
38 0.017759
48 0.017813
4 0.018027
47 0.017850
42 0.017894
29 0.017695
32 0.017724
15 0.017982
14 0.017935
2 0.017913
27 0.017911
35 0.017860
3 0.017864
53 0.017885
36 0.017774
21 0.017810
54 0.017902
44 0.017945
6 0.017730
9 0.017811
11 0.017757
56 0.018081
18 0.017807
49 0.017835
20 0.017720
55 0.017883
1 0.017702
25405 0.000001
251 57
35 0.017700
10 0.017882
41 0.017817
24 0.017650
1 0.018134
45 0.017721
32 0.017823
21 0.017864
50 0.017889
48 0.017817
29 0.017739
17 0.017967
30 0.017925
39 0.017816
14 0.017879
43 0.017599
47 0.018050
34 0.017826
36 0.017961
55 0.017892
46 0.018014
26 0.017961
12 0.018017
37 0.017900
4 0.017828
15 0.017759
51 0.017825
5 0.017886
53 0.017579
25 0.017797
13 0.017905
19 0.017772
6 0.017839
44 0.017849
28 0.017948
57 0.017832
20 0.017818
49 0.017952
7 0.017934
40 0.018005
38 0.017808
8 0.017768
42 0.017725
16 0.017929
9 0.017929
56 0.018040
2 0.017850
3 0.018069
11 0.017794
31 0.018099
27 0.018028
52 0.017769
54 0.017556
22 0.017763
33 0.017663
18 0.017838
11202 0.000001
636 57
43 0.017632
27 0.018024
38 0.017731
17 0.017799
36 0.017843
44 0.018127
9 0.017962
21 0.018081
10 0.017798
1 0.017649
40 0.017889
37 0.017698
6 0.017927
54 0.017622
16 0.017845
7 0.017883
56 0.017873
35 0.017890
22 0.017944
25 0.017823
12 0.018005
20 0.017700
53 0.017805
51 0.017948
19 0.017933
42 0.018000
30 0.017830
47 0.017746
41 0.017796
29 0.018003
26 0.017851
8 0.017610
2 0.017995
15 0.017748
33 0.017833
14 0.017958
46 0.018127
32 0.017877
57 0.017807
18 0.017783
3 0.017806
50 0.017838
13 0.017910
5 0.017903
28 0.017696
48 0.017799
45 0.017692
11 0.017859
31 0.018020
52 0.017897
39 0.017801
49 0.018046
55 0.017630
23 0.017872
4 0.017972
34 0.017863
29659 0.000001
27 57
20 0.017793
16 0.017920
30 0.018030
10 0.017730
38 0.017668
15 0.017850
5 0.017696
9 0.017876
13 0.017715
48 0.017886
54 0.018010
50 0.018043
12 0.018116
44 0.017993
51 0.017909
41 0.017693
57 0.018000
42 0.017761
53 0.017901
3 0.017668
17 0.017981
40 0.017773
21 0.017840
18 0.017971
32 0.017924
6 0.017694
4 0.017680
22 0.017775
2 0.017903
19 0.017717
26 0.017918
14 0.017866
47 0.017772
37 0.017953
8 0.017909
43 0.018068
33 0.017693
29 0.017796
45 0.017653
11 0.017773
23 0.017932
27 0.017802
28 0.017753
56 0.017992
39 0.017981
24 0.017883
46 0.017818
31 0.017848
1 0.017934
52 0.018009
36 0.017764
35 0.017800
34 0.017739
7 0.017819
55 0.017988
49 0.018020
8777 0.000001
959 57
56 0.017874
33 0.018009
2 0.017657
40 0.017837
14 0.017816
55 0.017848
25 0.017878
18 0.017764
21 0.017764
9 0.018014
36 0.017955
48 0.017902
1 0.017631
41 0.017886
10 0.018014
31 0.017916
38 0.017832
22 0.017744
53 0.017858
50 0.017936
6 0.017920
24 0.017706
45 0.017982
32 0.017945
23 0.017668
57 0.017761
15 0.017744
19 0.017842
30 0.018044
54 0.017882
8 0.017705
39 0.017772
17 0.018056
11 0.017910
34 0.017770
42 0.017938
7 0.017978
35 0.017970
49 0.017734
29 0.017734
28 0.017919
3 0.017819
44 0.017982
27 0.017713
37 0.017899
5 0.017693
43 0.017686
12 0.017991
16 0.017846
13 0.017768
51 0.017908
46 0.017825
52 0.017818
4 0.018022
47 0.018085
20 0.017829
7284 0.000001
519 57
31 0.017823
3 0.017659
9 0.017681
43 0.017822
1 0.017800
36 0.017988
34 0.018101
15 0.017814
26 0.017891
54 0.017939
28 0.018052
22 0.017976
38 0.017892
45 0.017946
6 0.017943
57 0.017792
39 0.018027
51 0.017791
48 0.017730
40 0.017939
30 0.017935
52 0.017835
8 0.017854
20 0.017851
44 0.017859
37 0.017849
32 0.017914
53 0.017722
23 0.017903
35 0.017734
41 0.018029
18 0.018041
14 0.017824
33 0.017960
19 0.017787
55 0.017920
12 0.017910
25 0.017818
56 0.017820
11 0.017834
10 0.017908
7 0.017805
50 0.017915
21 0.017841
42 0.017842
47 0.017812
46 0.017728
4 0.017783
2 0.017677
49 0.017828
17 0.017918
13 0.017771
29 0.017702
16 0.017907
5 0.017607
24 0.017950
29258 0.000001
109 57
15 0.018022
50 0.017955
57 0.017691
55 0.017927
8 0.017956
18 0.017696
51 0.017758
53 0.017740
47 0.017933
41 0.017689
25 0.018112
46 0.017882
22 0.017625
6 0.017948
43 0.017900
7 0.017789
37 0.017751
24 0.017836
1 0.017906
11 0.017711
10 0.018019
48 0.017981
12 0.017960
54 0.017661
31 0.017714
26 0.017788
30 0.017789
29 0.018151
23 0.017681
32 0.017921
40 0.017651
49 0.018174
2 0.017993
4 0.018045
52 0.017905
14 0.017773
5 0.017963
44 0.017985
56 0.017858
16 0.017874
9 0.017624
19 0.017920
42 0.017742
21 0.017797
34 0.018009
17 0.017857
36 0.017983
39 0.018115
33 0.017915
20 0.017655
45 0.017949
13 0.017784
27 0.017692
3 0.017705
38 0.017773
35 0.017766
31042 0.000001
872 57
32 0.017810
49 0.017842
44 0.017701
55 0.017781
7 0.017752
21 0.017833
30 0.017935
50 0.017846
41 0.018145
24 0.017852
51 0.018113
15 0.017988
42 0.017907
10 0.017853
31 0.017674
28 0.018137
22 0.018089
56 0.017686
13 0.017965
33 0.017640
3 0.017794
23 0.018012
25 0.017977
35 0.017608
11 0.017634
26 0.017851
20 0.017880
57 0.017820
12 0.017739
54 0.017674
38 0.017725
45 0.017718
1 0.017917
52 0.018008
39 0.017910
48 0.017834
53 0.017868
47 0.017832
14 0.017976
37 0.018107
4 0.017780
6 0.017754
18 0.017714
9 0.017830
8 0.017921
36 0.017796
5 0.017745
19 0.018008
16 0.017632
40 0.017877
17 0.017722
46 0.018119
43 0.018001
34 0.017996
2 0.018038
27 0.017633
26253 0.000001
224 57
25 0.017855
5 0.017887
38 0.017873
39 0.017826
52 0.017972
48 0.018094
54 0.017719
18 0.018020
50 0.017864
8 0.017966
9 0.017865
23 0.017762
29 0.017861
3 0.017829
1 0.017724
22 0.017860
28 0.017967
12 0.018085
53 0.017741
40 0.017896
45 0.017706
20 0.017684
13 0.017985
37 0.017796
6 0.017735
19 0.017814
36 0.017935
7 0.017882
31 0.017837
47 0.017692
2 0.017957
55 0.017789
49 0.017838
46 0.017664
44 0.017889
56 0.017892
51 0.017704
15 0.017809
16 0.017966
42 0.017912
32 0.017778
24 0.017824
57 0.018024
10 0.017990
41 0.017985
14 0.017976
35 0.017749
27 0.017662
21 0.017906
4 0.017905
43 0.017773
11 0.017626
34 0.017825
17 0.018023
33 0.017834
26 0.017967
31662 0.000001
54 57
1 0.017972
5 0.017680
19 0.017932
38 0.017939
34 0.018031
24 0.017979
57 0.018103
39 0.017961
14 0.017722
56 0.017728
40 0.017924
12 0.017916
13 0.017808
52 0.017807
11 0.017596
18 0.017995
29 0.017742
47 0.017975
55 0.017896
16 0.017865
35 0.017702
54 0.017735
48 0.017872
45 0.017802
23 0.017922
6 0.017790
27 0.017682
20 0.018039
3 0.017954
2 0.018061
26 0.018094
51 0.018070
10 0.018010
46 0.017901
4 0.017843
28 0.017787
37 0.017939
17 0.017739
25 0.017840
53 0.017803
22 0.017693
15 0.018077
36 0.017707
8 0.017716
42 0.017900
43 0.017852
50 0.017759
30 0.017729
49 0.017922
32 0.017818
7 0.018028
9 0.017742
21 0.017649
44 0.017738
33 0.017818
41 0.017695
29640 0.000001
184 57
38 0.017901
25 0.017644
34 0.017873
28 0.017842
13 0.017936
47 0.017980
35 0.017930
39 0.017622
57 0.017720
40 0.017858
56 0.017913
29 0.017878
55 0.017992
15 0.017769
4 0.017768
16 0.017975
52 0.017895
36 0.017853
23 0.017901
33 0.017781
53 0.018037
49 0.018057
26 0.017847
21 0.017686
3 0.017817
37 0.017995
30 0.017678
17 0.017951
10 0.017668
46 0.017891
22 0.017849
41 0.017950
11 0.017993
12 0.018029
1 0.017897
44 0.017922
54 0.017660
51 0.017718
18 0.017810
9 0.017800
6 0.017726
24 0.017800
20 0.017779
48 0.017770
45 0.017937
19 0.017932
2 0.017743
27 0.017755
43 0.017823
50 0.017818
14 0.018012
31 0.017848
42 0.017904
7 0.017733
8 0.018005
5 0.018128
26580 0.000001
48 57
41 0.017995
24 0.017793
11 0.017795
46 0.017934
31 0.017978
55 0.017729
4 0.017955
37 0.017901
19 0.017659
7 0.017706
25 0.017731
51 0.017671
34 0.017930
32 0.017992
30 0.017757
6 0.017771
28 0.017996
20 0.017911
44 0.017939
18 0.017973
29 0.017922
43 0.018024
8 0.017736
9 0.017795
22 0.017796
14 0.017941
53 0.017836
49 0.018037
42 0.017537
45 0.017837
54 0.017825
10 0.017883
17 0.017770
12 0.017786
38 0.017642
13 0.017852
40 0.017783
21 0.017939
15 0.018039
47 0.017771
3 0.017907
27 0.017985
2 0.018053
52 0.017882
50 0.017962
23 0.017711
48 0.017972
36 0.017910
16 0.018067
1 0.017892
5 0.017926
35 0.017757
26 0.017831
56 0.017835
39 0.017658
57 0.017784
1400 0.000001
268 57
36 0.018111
22 0.017764
21 0.017773
28 0.017812
20 0.017815
14 0.017717
26 0.017802
45 0.017931
5 0.017834
39 0.017775
44 0.017709
8 0.018134
52 0.017816
42 0.017838
29 0.017973
17 0.018073
1 0.017661
27 0.017978
53 0.017926
25 0.017867
31 0.017825
33 0.017692
57 0.018088
47 0.017732
49 0.018096
55 0.017806
2 0.017887
9 0.017991
7 0.018000
35 0.017751
11 0.017659
16 0.017786
24 0.017738
12 0.017805
43 0.017848
15 0.017669
37 0.017903
3 0.017859
40 0.017947
13 0.017608
41 0.017828
48 0.017961
56 0.017816
32 0.017740
6 0.017716
4 0.017956
54 0.017871
38 0.017699
46 0.017719
19 0.017928
23 0.018070
10 0.017831
30 0.017890
18 0.018238
50 0.017681
51 0.018056
14328 0.000001
862 57
46 0.017937
9 0.017783
34 0.017825
54 0.017828
39 0.017710
10 0.017994
30 0.018046
13 0.017795
38 0.017519
31 0.017748
47 0.017964
14 0.017822
18 0.017819
4 0.017951
17 0.017917
5 0.017834
6 0.017924
7 0.017729
45 0.018039
26 0.017791
49 0.017891
53 0.018044
16 0.017777
21 0.017952
23 0.017776
41 0.017964
48 0.017863
20 0.017845
28 0.017829
57 0.017945
44 0.017919
15 0.017983
55 0.017765
36 0.017970
8 0.017645
25 0.018046
27 0.017740
33 0.017674
37 0.017744
1 0.017965
22 0.018121
51 0.017780
32 0.017826
52 0.017710
3 0.018071
50 0.017653
19 0.017869
2 0.017602
42 0.018013
43 0.018028
12 0.017767
40 0.017955
24 0.017932
56 0.017784
29 0.017709
11 0.017867
4310 0.000001
701 57
20 0.017968
7 0.018019
3 0.017703
47 0.017747
29 0.018004
49 0.017919
4 0.017787
46 0.018004
40 0.017971
16 0.017791
44 0.018151
31 0.017897
43 0.017658
9 0.017774
50 0.017691
30 0.017795
1 0.017788
14 0.017769
33 0.017715
51 0.017902
21 0.017829
54 0.017858
28 0.017912
55 0.017872
13 0.017805
42 0.017654
24 0.017959
8 0.017737
2 0.017743
41 0.017976
18 0.018119
6 0.017671
11 0.017748
45 0.018065
39 0.017630
53 0.018024
25 0.017972
37 0.017898
32 0.017950
19 0.017919
27 0.017986
56 0.017666
48 0.017861
5 0.017878
22 0.018112
17 0.017752
57 0.017799
26 0.017955
15 0.017774
23 0.017903
35 0.017911
12 0.017830
38 0.017764
34 0.017841
52 0.017767
10 0.017806
12471 0.000001
777 57
18 0.017645
52 0.017772
13 0.017833
22 0.017804
1 0.017804
56 0.017815
38 0.017805
40 0.017885
7 0.017971
35 0.017841
51 0.018046
16 0.017821
17 0.017839
2 0.017718
21 0.017646
14 0.017819
5 0.017748
44 0.018002
10 0.017691
36 0.017636
23 0.017906
27 0.017887
46 0.017922
39 0.017741
15 0.018056
48 0.017945
53 0.017644
57 0.018086
11 0.017977
19 0.017918
8 0.017880
55 0.017747
26 0.017878
25 0.017987
29 0.018219
4 0.017905
54 0.017845
41 0.017933
24 0.017909
47 0.018100
6 0.017860
31 0.017752
34 0.017719
3 0.017916
32 0.017799
12 0.017993
43 0.017768
28 0.017910
33 0.017938
20 0.017721
9 0.017917
50 0.017891
42 0.017796
45 0.017727
30 0.017879
49 0.017787
27754 0.000001
602 57
37 0.017932
24 0.017958
50 0.017973
45 0.017995
3 0.018069
49 0.017971
51 0.017889
16 0.017941
11 0.017689
31 0.017835
46 0.017918
30 0.017855
33 0.017977
12 0.017937
53 0.017831
34 0.017853
41 0.017937
48 0.017907
35 0.017712
20 0.017869
9 0.017631
40 0.017807
10 0.017613
1 0.017606
2 0.017862
26 0.018106
6 0.017730
17 0.017814
54 0.017956
56 0.017796
13 0.018108
52 0.018059
29 0.017853
39 0.017703
57 0.017846
36 0.018005
19 0.017830
14 0.017710
27 0.017793
44 0.017925
15 0.017904
18 0.017724
28 0.017914
42 0.017734
55 0.017868
23 0.017639
47 0.018022
25 0.017816
7 0.017759
22 0.017845
43 0.017950
32 0.017756
21 0.017669
5 0.017878
8 0.017880
4 0.017840
7772 0.000001
944 57
40 0.017843
43 0.017853
25 0.017644
29 0.017703
46 0.018047
34 0.017869
53 0.017788
24 0.017816
21 0.017856
12 0.017829
2 0.018051
37 0.017738
7 0.017747
3 0.017823
14 0.017866
26 0.017704
18 0.017719
4 0.017909
55 0.017898
35 0.017953
8 0.018050
1 0.017900
15 0.017832
30 0.018023
6 0.017954
49 0.017594
9 0.017812
57 0.018015
44 0.017856
36 0.017796
11 0.018012
20 0.017905
42 0.017860
31 0.017999
45 0.017826
13 0.017737
10 0.017864
33 0.017907
50 0.017860
19 0.017815
52 0.018026
51 0.017802
17 0.017892
27 0.017825
56 0.017667
54 0.017709
32 0.017758
16 0.017785
47 0.017747
28 0.018030
22 0.017809
48 0.018096
5 0.017756
38 0.017943
41 0.017916
23 0.017965
23526 0.000001
996 57
57 0.017873
3 0.017752
5 0.017983
17 0.017969
8 0.017890
7 0.018052
13 0.017974
38 0.017812
27 0.017894
46 0.017887
12 0.018004
10 0.017684
48 0.017841
43 0.017868
26 0.017848
36 0.017764
54 0.017655
53 0.017814
31 0.018013
6 0.017828
35 0.018041
14 0.017864
33 0.017772
15 0.017596
23 0.017905
4 0.017890
28 0.017745
21 0.017819
41 0.017381
42 0.017859
20 0.017894
45 0.018029
49 0.017835
47 0.018126
32 0.017865
55 0.017965
18 0.017838
19 0.017674
39 0.017905
52 0.017976
50 0.017900
1 0.017685
2 0.017731
44 0.017761
29 0.018036
9 0.017795
22 0.017765
34 0.017897
16 0.017950
37 0.017894
56 0.017690
30 0.017988
11 0.017947
51 0.017817
24 0.017835
25 0.017924
32689 0.000001
692 57
32 0.017861
36 0.017953
4 0.017965
18 0.017835
48 0.018129
30 0.017938
44 0.017930
5 0.017759
9 0.017961
22 0.017745
19 0.017657
1 0.017741
23 0.017772
54 0.017839
34 0.017691
11 0.017927
3 0.017722
17 0.017782
12 0.017862
27 0.018050
47 0.017898
6 0.017790
40 0.018187
38 0.017919
7 0.017759
57 0.017880
8 0.017952
16 0.018032
33 0.017723
51 0.017702
49 0.017916
45 0.017896
42 0.017923
20 0.017963
29 0.017910
13 0.017821
46 0.017845
37 0.017785
53 0.017756
35 0.017837
43 0.017842
28 0.017934
50 0.017892
39 0.017900
24 0.017724
56 0.018113
52 0.017877
15 0.017662
31 0.017802
2 0.017783
55 0.017759
14 0.017666
26 0.017911
10 0.017934
21 0.017731
25 0.017856
25310 0.000001
706 57
54 0.017921
56 0.017889
53 0.018264
37 0.017759
12 0.017987
22 0.017857
18 0.017762
33 0.017892
11 0.017609
13 0.017896
30 0.017701
41 0.017901
24 0.018009
44 0.017735
39 0.017757
48 0.017927
10 0.017803
57 0.017779
14 0.017916
50 0.017877
16 0.017884
1 0.017994
21 0.017977
29 0.017981
52 0.017692
47 0.017840
55 0.017904
27 0.017898
8 0.017754
20 0.017831
15 0.017977
46 0.017759
26 0.017897
5 0.017880
28 0.017727
31 0.017776
25 0.017652
4 0.017787
34 0.017854
38 0.017809
32 0.017884
49 0.017885
17 0.017702
51 0.018042
23 0.017677
36 0.017926
19 0.018031
6 0.017760
7 0.018174
3 0.017810
45 0.017743
35 0.017815
9 0.017958
2 0.017858
43 0.017727
40 0.017893
25471 0.000001
533 57
46 0.017847
36 0.017965
53 0.017812
50 0.017755
32 0.017973
30 0.017792
12 0.017952
10 0.017953
8 0.017587
6 0.017928
49 0.017763
13 0.017810
27 0.017891
48 0.017845
51 0.017871
20 0.018026
47 0.017964
4 0.018076
38 0.017846
2 0.018079
26 0.017800
15 0.017893
39 0.017744
23 0.017624
44 0.017812
1 0.017852
56 0.018147
34 0.018104
3 0.017697
5 0.017730
31 0.017895
45 0.018028
22 0.018058
29 0.017749
52 0.017799
35 0.017694
16 0.017824
42 0.017916
19 0.018005
55 0.017899
57 0.018067
17 0.017686
25 0.017960
28 0.017799
11 0.017876
37 0.018083
18 0.017853
24 0.017728
14 0.017785
21 0.017779
9 0.017735
33 0.017602
7 0.017857
41 0.017741
40 0.017670
54 0.017773
25841 0.000001
13 57
55 0.017727
47 0.017938
45 0.017714
46 0.017795
15 0.017867
14 0.018092
34 0.017896
54 0.017939
5 0.018059
23 0.017827
31 0.018138
16 0.017779
12 0.017918
26 0.018019
39 0.017885
42 0.017974
28 0.017846
27 0.017821
4 0.017742
56 0.017784
41 0.018007
19 0.017721
25 0.017872
11 0.017751
36 0.018028
17 0.017908
43 0.017851
8 0.017923
33 0.017891
3 0.017922
30 0.017608
2 0.018028
20 0.017625
13 0.017681
6 0.017607
38 0.017901
52 0.017840
7 0.017856
51 0.017913
22 0.017902
37 0.017954
40 0.017975
24 0.017881
50 0.017840
32 0.017840
48 0.017720
29 0.017703
21 0.017723
10 0.017691
53 0.017963
9 0.017992
35 0.017810
1 0.017766
49 0.017681
57 0.018091
18 0.017774
18210 0.000001
298 57
24 0.017774
4 0.017827
13 0.017974
50 0.017553
6 0.017846
42 0.017874
14 0.018044
8 0.017823
5 0.018011
54 0.017888
53 0.017817
31 0.017956
55 0.017884
3 0.017861
32 0.017704
34 0.017785
56 0.017763
44 0.018000
1 0.017837
49 0.017831
10 0.018021
21 0.017842
48 0.017890
26 0.017779
22 0.018048
30 0.017931
16 0.017867
25 0.017847
41 0.017792
33 0.017797
2 0.017692
19 0.017830
7 0.017882
23 0.017814
18 0.017903
43 0.017853
27 0.017871
38 0.017856
17 0.017858
52 0.017929
9 0.017725
36 0.017784
11 0.017805
40 0.017939
46 0.017692
15 0.017883
57 0.017999
28 0.017817
47 0.017832
20 0.017816
51 0.017833
37 0.017921
29 0.017882
39 0.017922
35 0.017795
12 0.018000
32063 0.000001
196 57
7 0.017637
30 0.017745
2 0.017999
10 0.017909
54 0.017777
5 0.017661
6 0.017755
56 0.017962
38 0.017770
47 0.017775
29 0.017862
48 0.017923
27 0.018020
15 0.017968
24 0.017702
31 0.017765
49 0.017792
34 0.017922
33 0.017682
8 0.017764
21 0.017898
50 0.017943
43 0.017975
36 0.017714
11 0.017984
18 0.017897
19 0.017822
41 0.017894
12 0.017783
22 0.017874
51 0.017723
42 0.017977
4 0.018030
16 0.018159
44 0.017892
32 0.017789
52 0.017708
9 0.017801
37 0.018047
57 0.017799
3 0.017723
40 0.017793
39 0.017884
35 0.017857
13 0.017864
23 0.017775
1 0.017991
14 0.018065
28 0.018002
53 0.017733
20 0.017818
25 0.017925
26 0.018036
17 0.017918
45 0.017696
55 0.017820
16138 0.000001
907 57
57 0.017570
33 0.017994
22 0.018018
36 0.017997
11 0.017928
21 0.017874
39 0.017759
34 0.017755
45 0.018001
17 0.017833
12 0.017698
38 0.017974
48 0.018299
51 0.017908
54 0.017760
53 0.017950
31 0.017634
15 0.017708
29 0.017768
52 0.017709
28 0.017663
20 0.017710
26 0.017917
42 0.017956
5 0.017977
1 0.017855
23 0.017846
6 0.017746
43 0.017689
10 0.017797
32 0.018079
40 0.018014
14 0.017769
3 0.017787
41 0.017743
2 0.018203
16 0.017954
49 0.017663
35 0.017744
55 0.017568
25 0.018092
18 0.017908
56 0.017947
7 0.017716
19 0.017905
13 0.017965
4 0.017935
27 0.017864
9 0.018044
44 0.017942
46 0.017975
50 0.017656
24 0.017619
37 0.017981
8 0.017765
30 0.017868
30235 0.000001
248 57
45 0.017779
33 0.018017
23 0.017903
54 0.017872
3 0.017756
13 0.017728
51 0.017915
8 0.017978
10 0.017860
12 0.017782
40 0.017832
30 0.017950
56 0.017924
36 0.017846
44 0.017881
38 0.017568
21 0.017696
43 0.017958
31 0.017878
20 0.017891
22 0.017916
5 0.017723
2 0.017928
18 0.017653
55 0.017911
27 0.017685
25 0.017668
1 0.017674
53 0.017976
17 0.017808
32 0.017862
15 0.018118
16 0.017826
28 0.017786
6 0.017969
50 0.017821
7 0.017850
26 0.017893
57 0.017726
39 0.017929
49 0.018126
52 0.017799
47 0.017683
19 0.017954
24 0.017880
46 0.017957
4 0.017914
34 0.018010
9 0.017736
11 0.017922
29 0.017907
41 0.017840
35 0.017767
14 0.018076
42 0.017898
37 0.017794
12101 0.000001
209 57
22 0.018098
42 0.017680
30 0.017930
8 0.017819
57 0.017927
33 0.017805
32 0.017935
26 0.017757
5 0.017867
21 0.017987
34 0.017783
31 0.017825
40 0.017757
37 0.018112
53 0.017887
3 0.018019
25 0.017854
24 0.017621
50 0.017724
43 0.017878
52 0.017929
54 0.017731
23 0.017828
16 0.017804
45 0.017901
39 0.017693
38 0.017839
41 0.017841
48 0.018019
29 0.017720
1 0.017943
4 0.017807
28 0.017735
46 0.017899
11 0.018048
12 0.017865
17 0.017714
27 0.018147
56 0.017893
15 0.017938
36 0.017626
14 0.017751
51 0.017968
44 0.018021
20 0.017930
18 0.017713
2 0.017807
55 0.017909
6 0.017900
7 0.018143
13 0.017879
47 0.017767
19 0.017653
35 0.017861
9 0.017672
10 0.017840
15332 0.000001
712 57
38 0.017780
16 0.017894
2 0.018010
7 0.017848
56 0.017899
51 0.017942
12 0.017903
41 0.018066
30 0.018011
57 0.017855
8 0.017810
28 0.017927
44 0.017875
13 0.017776
25 0.017769
45 0.017739
29 0.017708
6 0.017894
40 0.017768
35 0.017883
26 0.017806
19 0.017875
46 0.017821
4 0.017734
3 0.017834
1 0.017833
5 0.017920
17 0.017971
11 0.018024
20 0.017955
15 0.017809
47 0.017782
9 0.017948
34 0.017682
23 0.017668
43 0.017825
18 0.017563
21 0.017953
27 0.017938
31 0.017969
39 0.017918
22 0.017951
36 0.017930
49 0.017749
32 0.018006
10 0.017640
33 0.017918
48 0.017824
54 0.017822
53 0.017815
37 0.017889
24 0.017838
14 0.017902
42 0.017880
52 0.017775
55 0.017875
28765 0.000001
636 57
27 0.017812
17 0.017884
30 0.017923
22 0.017768
57 0.017849
44 0.017652
48 0.017956
13 0.017796
33 0.017913
52 0.018060
1 0.017769
5 0.017796
43 0.017776
36 0.017784
49 0.017811
24 0.017862
42 0.017813
56 0.017711
55 0.018016
3 0.017890
6 0.017663
37 0.017779
7 0.017637
45 0.018106
11 0.017843
53 0.017818
35 0.017819
10 0.017887
46 0.017730
14 0.017629
8 0.017696
54 0.017844
26 0.018024
19 0.017944
41 0.017790
28 0.017804
29 0.018024
31 0.018096
50 0.018011
21 0.017911
15 0.017738
18 0.017813
39 0.017843
32 0.018094
16 0.018052
38 0.017978
4 0.017803
23 0.017831
34 0.017812
2 0.017744
9 0.017854
47 0.017765
20 0.017833
12 0.018132
25 0.018124
40 0.017687
24720 0.000001
44 57
10 0.017701
30 0.017909
25 0.017606
46 0.017852
36 0.017838
31 0.017909
20 0.017843
13 0.017831
2 0.017902
3 0.017752
15 0.017792
19 0.017923
39 0.017558
26 0.017951
37 0.017636
1 0.017959
8 0.017742
23 0.017835
27 0.018039
29 0.017639
28 0.018027
24 0.017737
9 0.018110
18 0.017779
11 0.017919
44 0.017820
14 0.017841
35 0.017786
21 0.017944
50 0.017946
43 0.018000
41 0.017884
54 0.017985
4 0.017998
33 0.018006
51 0.017728
38 0.017930
32 0.017957
16 0.017923
56 0.017926
55 0.017973
12 0.017937
34 0.017972
7 0.017976
53 0.017613
48 0.017860
49 0.017792
40 0.017805
47 0.017835
6 0.017817
5 0.017828
42 0.017927
45 0.017908
22 0.017690
57 0.017752
17 0.017851
6604 0.000001
154 57
4 0.017976
54 0.017811
31 0.017896
13 0.018003
14 0.017837
21 0.017716
19 0.017736
55 0.017712
48 0.017804
44 0.018033
6 0.017777
29 0.017623
15 0.017955
23 0.018030
24 0.018177
35 0.017776
40 0.017748
52 0.017829
32 0.017827
22 0.017901
25 0.017810
17 0.017851
16 0.018030
38 0.017861
12 0.017819
7 0.017805
45 0.017850
10 0.017890
30 0.017957
20 0.017967
27 0.017876
56 0.017751
41 0.017892
49 0.017802
50 0.017848
46 0.017823
9 0.017710
28 0.017931
11 0.017531
36 0.017809
47 0.017868
1 0.017831
8 0.017900
26 0.017914
2 0.017963
3 0.017907
43 0.017738
37 0.017980
57 0.017749
5 0.017893
51 0.017981
18 0.017854
39 0.017880
34 0.017545
42 0.017897
33 0.018119
32544 0.000001
918 57
19 0.018171
49 0.017782
23 0.017771
35 0.017855
47 0.017884
11 0.017905
38 0.017893
25 0.018008
18 0.017697
51 0.017790
20 0.018040
21 0.017615
8 0.017931
31 0.017791
39 0.017677
44 0.017942
3 0.018087
27 0.017819
1 0.017576
15 0.017726
57 0.017845
34 0.017960
55 0.017719
10 0.017996
56 0.017784
37 0.017943
40 0.017934
17 0.018054
4 0.017913
50 0.017799
22 0.017655
24 0.017789
28 0.017720
36 0.017836
48 0.017888
9 0.018009
33 0.018028
30 0.017860
7 0.018061
14 0.017762
5 0.017728
45 0.017881
6 0.018017
42 0.017943
52 0.017799
12 0.017981
46 0.018173
43 0.017614
16 0.017814
13 0.017918
29 0.017782
2 0.017846
26 0.017679
41 0.017763
53 0.017822
32 0.017724
9019 0.000001
222 57
51 0.017733
28 0.018141
57 0.017904
54 0.018014
29 0.017791
1 0.017846
6 0.017853
22 0.017729
40 0.017733
17 0.017558
47 0.017783
23 0.018058
37 0.017878
36 0.017974
26 0.017829
41 0.017848
11 0.017883
20 0.017893
30 0.017746
27 0.017836
14 0.017888
3 0.017840
21 0.017807
7 0.017847
35 0.017797
46 0.017889
18 0.017871
16 0.017943
8 0.017909
25 0.017810
10 0.018065
9 0.017819
48 0.018022
44 0.017848
56 0.017821
24 0.017650
2 0.017760
43 0.018103
34 0.017823
50 0.017637
42 0.017802
19 0.017805
33 0.017858
52 0.017802
15 0.017896
53 0.017963
5 0.017899
49 0.017841
13 0.018119
39 0.017911
4 0.017951
31 0.017783
38 0.017756
12 0.017593
32 0.017690
45 0.018151
11288 0.000001
707 57
29 0.017874
3 0.017760
33 0.018152
57 0.018002
47 0.017941
50 0.017968
7 0.018077
55 0.017781
39 0.017784
43 0.018201
31 0.017854
49 0.017833
2 0.017853
52 0.017801
45 0.017664
1 0.017805
24 0.017846
4 0.017629
22 0.017751
26 0.018115
28 0.017738
19 0.017917
35 0.017836
51 0.017832
21 0.018065
25 0.017908
13 0.017663
5 0.017802
36 0.017761
53 0.017804
48 0.017745
42 0.018034
34 0.017575
11 0.017824
30 0.017786
15 0.017525
40 0.017901
27 0.017835
44 0.017705
6 0.017763
23 0.017981
37 0.017795
46 0.017942
32 0.017849
9 0.017872
8 0.017984
10 0.018124
41 0.017894
14 0.017892
18 0.017891
54 0.017840
12 0.017870
17 0.018004
20 0.017727
38 0.017833
16 0.017791
13853 0.000001
382 57
52 0.017860
19 0.017653
28 0.017899
20 0.017867
54 0.017901
24 0.017930
16 0.017741
38 0.017756
35 0.017870
10 0.017854
34 0.017534
47 0.017689
48 0.017734
31 0.017963
30 0.018167
53 0.017799
27 0.017886
55 0.017887
45 0.017662
17 0.018059
14 0.017815
2 0.017852
22 0.017936
25 0.017803
7 0.018021
29 0.017894
1 0.018095
42 0.017735
37 0.017789
56 0.017985
13 0.018048
18 0.017994
49 0.017866
51 0.017760
5 0.018060
15 0.017946
12 0.017980
21 0.017823
39 0.017832
11 0.017898
44 0.017862
33 0.017966
26 0.017771
6 0.018009
41 0.017883
46 0.017864
50 0.017444
32 0.017915
9 0.017743
23 0.017857
4 0.017865
43 0.017805
8 0.017838
40 0.017592
36 0.017776
3 0.017966
31898 0.000001
