2 4065
343 650
577 0.001549
2940 0.001511
609 0.001533
3538 0.001577
2750 0.001513
3389 0.001597
1603 0.001525
2936 0.001550
1519 0.001566
1608 0.001545
3778 0.001534
2034 0.001537
3377 0.001609
3646 0.001522
2573 0.001534
3944 0.001546
3610 0.001547
2854 0.001499
2239 0.001546
1686 0.001515
1107 0.001464
3422 0.001575
561 0.001620
1400 0.001493
2955 0.001513
340 0.001541
2508 0.001543
2040 0.001411
3737 0.001510
1813 0.001591
2659 0.001581
4046 0.001552
2119 0.001491
3060 0.001564
85 0.001501
1559 0.001623
775 0.001473
78 0.001546
2551 0.001583
1618 0.001566
2468 0.001543
2857 0.001557
3730 0.001511
930 0.001539
3064 0.001475
2358 0.001526
2869 0.001534
1000 0.001465
3721 0.001541
2799 0.001494
1285 0.001635
1676 0.001533
3735 0.001535
3938 0.001538
264 0.001520
2601 0.001500
1188 0.001545
608 0.001488
729 0.001546
3803 0.001566
2073 0.001506
675 0.001503
3140 0.001593
2626 0.001534
504 0.001537
3913 0.001593
3059 0.001574
1884 0.001570
673 0.001573
3994 0.001568
227 0.001590
33 0.001501
2961 0.001524
1968 0.001546
3957 0.001503
1508 0.001595
1567 0.001550
408 0.001553
801 0.001554
2132 0.001614
786 0.001547
234 0.001588
1428 0.001498
3074 0.001487
1348 0.001538
370 0.001588
2503 0.001575
581 0.001599
3641 0.001490
3344 0.001463
637 0.001501
1344 0.001547
3254 0.001531
431 0.001552
1212 0.001482
3703 0.001546
947 0.001579
3231 0.001567
1887 0.001546
279 0.001551
97 0.001574
1605 0.001538
2533 0.001518
3584 0.001515
3961 0.001577
3356 0.001549
1158 0.001517
20 0.001539
1702 0.001539
3616 0.001495
2665 0.001523
1194 0.001551
1364 0.001517
1997 0.001504
3743 0.001525
1059 0.001508
1468 0.001569
1871 0.001485
1523 0.001595
982 0.001576
114 0.001497
37 0.001607
2734 0.001597
3717 0.001573
3313 0.001472
3211 0.001532
3767 0.001534
3263 0.001503
2269 0.001605
1346 0.001509
3464 0.001474
1257 0.001512
2552 0.001551
1520 0.001538
2167 0.001609
2368 0.001520
2494 0.001613
671 0.001568
2929 0.001571
1641 0.001531
1528 0.001564
1341 0.001513
2691 0.001506
2340 0.001559
2173 0.001500
99 0.001541
1708 0.001604
3962 0.001529
2537 0.001487
1771 0.001534
988 0.001565
3440 0.001535
2487 0.001578
878 0.001481
3503 0.001598
3918 0.001494
509 0.001541
3011 0.001535
1319 0.001535
128 0.001486
3443 0.001543
2790 0.001627
1584 0.001602
2147 0.001528
2619 0.001557
2126 0.001487
716 0.001564
2285 0.001564
1924 0.001494
512 0.001615
3058 0.001569
2880 0.001478
1795 0.001595
2649 0.001560
1104 0.001503
2395 0.001621
494 0.001498
2729 0.001493
398 0.001478
843 0.001612
1043 0.001624
2525 0.001564
4010 0.001489
1334 0.001546
1140 0.001611
2150 0.001578
466 0.001563
3081 0.001562
2824 0.001497
3687 0.001595
3073 0.001454
656 0.001514
17 0.001541
22 0.001610
3705 0.001464
2787 0.001541
2991 0.001513
1092 0.001584
1299 0.001572
1761 0.001485
3459 0.001527
2791 0.001558
3830 0.001514
2966 0.001525
983 0.001527
1738 0.001581
960 0.001422
3912 0.001542
1672 0.001589
602 0.001488
3226 0.001554
1571 0.001576
2092 0.001496
321 0.001547
787 0.001505
3410 0.001514
1872 0.001500
3209 0.001614
59 0.001528
158 0.001530
24 0.001479
3339 0.001545
1304 0.001562
1136 0.001554
3839 0.001527
3354 0.001550
1237 0.001551
2329 0.001600
3769 0.001611
3394 0.001534
3176 0.001487
1171 0.001486
3357 0.001601
2730 0.001533
1552 0.001603
2403 0.001514
3416 0.001457
2932 0.001499
1685 0.001475
303 0.001560
1388 0.001534
946 0.001477
2413 0.001538
2493 0.001518
3972 0.001536
1297 0.001584
2982 0.001570
1159 0.001597
2581 0.001507
3575 0.001467
2207 0.001646
1790 0.001497
485 0.001596
997 0.001476
2499 0.001593
2103 0.001513
1651 0.001474
2253 0.001517
299 0.001539
2052 0.001538
3630 0.001508
755 0.001470
941 0.001516
389 0.001581
2406 0.001603
3225 0.001614
1099 0.001553
1392 0.001496
743 0.001529
3395 0.001600
3750 0.001472
616 0.001544
1451 0.001563
2365 0.001482
2451 0.001547
322 0.001537
3739 0.001492
192 0.001585
1352 0.001547
1985 0.001533
2355 0.001574
781 0.001506
4059 0.001528
3907 0.001569
3049 0.001589
1035 0.001564
3782 0.001538
3186 0.001550
338 0.001514
1383 0.001486
2463 0.001518
3120 0.001528
785 0.001578
3029 0.001586
21 0.001570
876 0.001496
346 0.001564
3132 0.001532
2958 0.001574
3260 0.001532
317 0.001548
3141 0.001501
3899 0.001538
2971 0.001469
3158 0.001566
3855 0.001578
335 0.001534
2841 0.001495
759 0.001538
3710 0.001593
3967 0.001500
320 0.001516
2652 0.001595
1624 0.001600
3419 0.001604
3492 0.001550
1442 0.001510
2643 0.001589
3792 0.001550
2679 0.001498
3430 0.001522
3917 0.001557
2993 0.001542
3003 0.001610
1560 0.001537
877 0.001509
3556 0.001519
2928 0.001578
893 0.001463
2564 0.001576
1762 0.001529
2554 0.001574
3455 0.001550
1609 0.001490
3580 0.001542
3180 0.001566
2817 0.001586
2122 0.001482
1803 0.001504
2362 0.001475
3675 0.001547
1818 0.001480
3297 0.001527
2268 0.001553
2839 0.001498
2959 0.001499
3932 0.001510
3904 0.001567
3303 0.001511
3810 0.001500
3006 0.001509
1412 0.001567
3992 0.001585
2374 0.001514
462 0.001538
14 0.001541
3190 0.001505
31 0.001530
907 0.001540
145 0.001473
3801 0.001640
2405 0.001507
3487 0.001566
3983 0.001466
1314 0.001482
713 0.001544
1310 0.001552
3170 0.001500
2917 0.001505
1189 0.001555
3298 0.001460
2327 0.001595
740 0.001502
69 0.001632
1207 0.001547
1419 0.001520
3597 0.001549
976 0.001588
1766 0.001483
290 0.001578
2968 0.001544
683 0.001555
2699 0.001473
2336 0.001561
3628 0.001529
2538 0.001450
2250 0.001488
1632 0.001559
1260 0.001470
1291 0.001561
2152 0.001538
1232 0.001525
1730 0.001457
3822 0.001553
2495 0.001521
1128 0.001573
534 0.001545
4050 0.001528
3432 0.001497
2039 0.001589
1969 0.001568
2101 0.001503
4024 0.001504
2012 0.001512
2379 0.001511
1444 0.001521
2259 0.001589
2823 0.001563
1587 0.001551
2957 0.001539
3599 0.001538
2185 0.001487
1057 0.001515
554 0.001548
3335 0.001553
2482 0.001531
1799 0.001546
196 0.001542
2628 0.001516
3708 0.001569
2216 0.001537
1855 0.001571
1684 0.001561
1420 0.001550
2908 0.001560
1408 0.001479
1119 0.001489
1135 0.001555
2464 0.001521
1029 0.001531
111 0.001548
2472 0.001630
411 0.001568
2276 0.001574
3541 0.001489
9 0.001489
1515 0.001490
3153 0.001538
3693 0.001535
1473 0.001519
573 0.001525
1047 0.001532
1320 0.001519
2743 0.001520
2544 0.001520
844 0.001530
2641 0.001495
2213 0.001539
650 0.001530
3955 0.001566
974 0.001562
3437 0.001501
219 0.001546
3589 0.001620
1125 0.001544
3169 0.001594
3106 0.001490
294 0.001587
3196 0.001552
3454 0.001549
3174 0.001550
3719 0.001611
752 0.001539
55 0.001510
3299 0.001609
2969 0.001547
3865 0.001573
3560 0.001536
3426 0.001509
920 0.001523
1033 0.001563
3734 0.001530
2514 0.001577
2475 0.001529
2583 0.001395
2810 0.001524
204 0.001582
1195 0.001528
3887 0.001474
1446 0.001498
2308 0.001528
3365 0.001513
1986 0.001491
3601 0.001494
828 0.001511
1044 0.001499
3237 0.001541
3676 0.001552
3809 0.001597
2008 0.001494
891 0.001579
741 0.001532
459 0.001527
120 0.001545
2607 0.001545
160 0.001477
3368 0.001533
1574 0.001502
404 0.001496
2180 0.001580
3726 0.001614
3832 0.001464
2997 0.001579
1774 0.001585
3528 0.001585
1325 0.001570
3016 0.001555
1380 0.001511
3671 0.001544
3112 0.001538
1854 0.001499
821 0.001558
147 0.001655
2582 0.001629
93 0.001582
2488 0.001578
1209 0.001485
2219 0.001514
1088 0.001498
3974 0.001559
3943 0.001550
1288 0.001557
2890 0.001570
2726 0.001493
2835 0.001553
455 0.001551
2438 0.001548
3573 0.001518
1977 0.001599
2909 0.001526
2337 0.001478
1894 0.001518
1502 0.001569
3451 0.001496
2941 0.001488
2001 0.001541
3489 0.001487
3276 0.001533
3658 0.001469
3825 0.001519
2974 0.001551
3290 0.001444
748 0.001619
2266 0.001537
922 0.001545
681 0.001562
973 0.001564
3264 0.001524
4064 0.001590
297 0.001486
2875 0.001526
203 0.001523
734 0.001610
2856 0.001461
1824 0.001623
441 0.001533
1450 0.001507
1387 0.001529
3337 0.001554
194 0.001543
1105 0.001538
1610 0.001507
3265 0.001550
1828 0.001517
1955 0.001514
288 0.001528
4058 0.001544
39 0.001567
2017 0.001637
2625 0.001549
1052 0.001585
1843 0.001464
3530 0.001589
149 0.001555
1654 0.001551
50 0.001534
657 0.001568
1993 0.001573
3889 0.001552
1878 0.001552
540 0.001528
3885 0.001560
3404 0.001527
556 0.001505
3923 0.001523
2220 0.001596
298 0.001511
1908 0.001542
2633 0.001514
2151 0.001538
3525 0.001519
3928 0.001543
2189 0.001540
3911 0.001592
722 0.001532
502 0.001494
3651 0.001469
2800 0.001521
2998 0.001579
3273 0.001468
2497 0.001549
2143 0.001601
239 0.001547
2148 0.001551
36 0.001570
2262 0.001528
3650 0.001557
1633 0.001535
265 0.001545
3253 0.001562
3722 0.001536
2714 0.001574
2672 0.001561
3968 0.001535
1087 0.001535
1622 0.001597
1754 0.001487
660 0.001615
1835 0.001537
1623 0.001621
547 0.001522
1240 0.001563
2435 0.001577
3728 0.001615
643 0.001528
3042 0.001503
1781 0.001525
823 0.001491
1990 0.001530
560 0.001544
825 0.001557
2224 0.001504
2632 0.001603
2611 0.001583
4037 0.001500
1576 0.001481
1403 0.001462
3914 0.001532
4041 0.001531
191 0.001515
2289 0.001553
63 0.001557
3001 0.001517
1665 0.001481
1932 0.001511
1389 0.001611
416 0.001498
1585 0.001514
396 0.001482
4062 0.001525
36 653
2725 0.001473
2976 0.001523
213 0.001555
1845 0.001594
3850 0.001571
3587 0.001530
3279 0.001516
191 0.001505
1480 0.001535
2274 0.001463
3675 0.001477
1879 0.001520
795 0.001504
3309 0.001578
3858 0.001500
577 0.001571
1029 0.001503
1816 0.001502
2446 0.001593
1602 0.001531
1212 0.001520
771 0.001522
3631 0.001470
1322 0.001577
3329 0.001594
948 0.001470
3321 0.001515
2094 0.001541
1286 0.001501
1110 0.001469
1158 0.001528
1118 0.001552
1090 0.001528
3744 0.001507
875 0.001469
1728 0.001569
1801 0.001553
1644 0.001620
3428 0.001541
2889 0.001540
3181 0.001508
1584 0.001555
3563 0.001538
3931 0.001585
3470 0.001617
3613 0.001573
2188 0.001480
367 0.001527
78 0.001529
1258 0.001548
1201 0.001498
1990 0.001530
1287 0.001545
136 0.001547
659 0.001512
3764 0.001547
3853 0.001554
3798 0.001484
2995 0.001478
669 0.001551
1340 0.001542
524 0.001598
3442 0.001526
3803 0.001508
35 0.001557
3716 0.001620
416 0.001533
469 0.001540
3327 0.001545
3210 0.001564
3499 0.001547
372 0.001565
1154 0.001543
3580 0.001558
3869 0.001542
3059 0.001504
3347 0.001460
226 0.001561
2843 0.001564
3702 0.001472
3486 0.001489
3977 0.001530
2576 0.001564
3983 0.001545
2105 0.001537
331 0.001488
1426 0.001568
3141 0.001544
1499 0.001561
573 0.001537
1353 0.001515
4055 0.001504
2943 0.001556
894 0.001470
3122 0.001562
3694 0.001518
1998 0.001504
2175 0.001566
163 0.001464
336 0.001530
3310 0.001526
641 0.001502
3392 0.001507
2866 0.001578
1701 0.001532
3900 0.001481
2416 0.001530
2461 0.001471
901 0.001487
2552 0.001558
151 0.001500
403 0.001554
1725 0.001483
545 0.001602
3023 0.001580
589 0.001547
342 0.001570
437 0.001493
2517 0.001524
2210 0.001509
2791 0.001526
1031 0.001488
2514 0.001479
1941 0.001496
3546 0.001556
708 0.001534
1533 0.001495
2655 0.001552
2404 0.001574
1622 0.001541
1077 0.001494
3390 0.001466
3484 0.001546
3839 0.001520
1262 0.001454
1280 0.001534
3382 0.001551
1706 0.001514
2827 0.001618
1260 0.001523
4024 0.001493
3511 0.001585
786 0.001500
2700 0.001535
3705 0.001594
179 0.001547
2557 0.001595
65 0.001486
2486 0.001594
1304 0.001454
2540 0.001569
1202 0.001468
2600 0.001480
2066 0.001518
3045 0.001562
74 0.001539
1065 0.001579
1019 0.001549
530 0.001467
3139 0.001526
266 0.001515
2705 0.001524
919 0.001508
3252 0.001514
825 0.001519
2587 0.001576
1134 0.001521
3260 0.001527
16 0.001532
1067 0.001500
2683 0.001498
299 0.001522
2268 0.001427
667 0.001571
3208 0.001547
1647 0.001596
452 0.001538
1360 0.001544
2206 0.001494
3285 0.001553
2448 0.001509
3177 0.001554
1259 0.001515
3288 0.001635
2121 0.001515
1368 0.001556
1864 0.001525
2549 0.001578
1276 0.001523
1637 0.001524
3204 0.001485
750 0.001536
3856 0.001560
2410 0.001585
3036 0.001545
1770 0.001539
1140 0.001505
2336 0.001520
2408 0.001596
3594 0.001503
3375 0.001491
1708 0.001529
1665 0.001555
3418 0.001523
3355 0.001513
2009 0.001594
2134 0.001508
3502 0.001562
1129 0.001534
3522 0.001536
41 0.001597
546 0.001555
889 0.001585
1166 0.001560
2551 0.001541
963 0.001552
3674 0.001557
2550 0.001532
1204 0.001525
2451 0.001546
1209 0.001511
3795 0.001524
358 0.001475
567 0.001531
2946 0.001557
3135 0.001569
435 0.001536
4044 0.001537
1783 0.001483
899 0.001502
501 0.001565
1568 0.001497
3072 0.001478
3078 0.001490
1591 0.001522
3524 0.001526
3185 0.001515
52 0.001508
1617 0.001560
2885 0.001554
741 0.001519
472 0.001519
3819 0.001518
3381 0.001497
188 0.001560
2397 0.001591
790 0.001528
2003 0.001611
1837 0.001548
898 0.001491
3827 0.001493
190 0.001541
3646 0.001616
2899 0.001494
14 0.001510
1853 0.001498
3810 0.001475
1630 0.001483
44 0.001544
2952 0.001568
2215 0.001521
1235 0.001598
2533 0.001554
945 0.001539
254 0.001497
2933 0.001520
534 0.001567
970 0.001535
419 0.001500
4064 0.001532
1170 0.001522
492 0.001540
2903 0.001538
1521 0.001471
3718 0.001430
3920 0.001525
196 0.001521
3767 0.001589
1275 0.001496
2062 0.001595
393 0.001501
671 0.001492
1045 0.001592
4029 0.001583
3066 0.001551
1250 0.001495
2002 0.001531
3182 0.001509
3239 0.001598
3792 0.001496
1375 0.001540
3974 0.001525
789 0.001512
3813 0.001591
1751 0.001527
3298 0.001487
1742 0.001579
1691 0.001552
2738 0.001516
1435 0.001517
1012 0.001536
2176 0.001562
4050 0.001526
2753 0.001561
1714 0.001584
1494 0.001505
3959 0.001522
1663 0.001466
3149 0.001532
3395 0.001529
3047 0.001598
3873 0.001515
3447 0.001537
430 0.001534
3922 0.001587
3188 0.001523
1802 0.001512
3479 0.001568
296 0.001575
3653 0.001548
1827 0.001557
3287 0.001549
242 0.001535
2809 0.001532
3564 0.001492
934 0.001507
2044 0.001550
2579 0.001528
2581 0.001514
1273 0.001601
3257 0.001533
1646 0.001479
408 0.001536
1050 0.001574
2300 0.001531
3222 0.001456
1263 0.001594
4002 0.001500
2238 0.001539
2248 0.001537
2092 0.001477
3633 0.001509
164 0.001591
772 0.001527
1126 0.001536
1410 0.001558
1997 0.001493
3953 0.001541
1619 0.001543
590 0.001517
391 0.001579
338 0.001495
3500 0.001573
1862 0.001562
2994 0.001532
3363 0.001502
2384 0.001493
1351 0.001614
3377 0.001535
512 0.001536
2756 0.001487
781 0.001507
3048 0.001504
2955 0.001594
735 0.001489
2615 0.001454
1249 0.001472
3081 0.001569
187 0.001533
1707 0.001529
665 0.001537
1150 0.001548
3118 0.001520
1927 0.001478
2980 0.001537
3258 0.001526
3154 0.001581
3844 0.001521
1471 0.001509
418 0.001639
2558 0.001520
1168 0.001514
1268 0.001492
3531 0.001552
2483 0.001549
1393 0.001468
323 0.001516
2636 0.001530
1162 0.001522
3924 0.001504
2641 0.001515
1955 0.001487
2908 0.001510
761 0.001449
1858 0.001459
1442 0.001484
1372 0.001448
2106 0.001557
24 0.001548
3283 0.001534
1979 0.001546
272 0.001563
2270 0.001540
3391 0.001515
2467 0.001580
3413 0.001549
2750 0.001555
1298 0.001557
3313 0.001515
2749 0.001561
2512 0.001546
931 0.001527
382 0.001534
3980 0.001454
1083 0.001528
3216 0.001514
2426 0.001554
3432 0.001555
1933 0.001454
480 0.001508
1830 0.001503
739 0.001502
1937 0.001564
3942 0.001524
672 0.001528
3425 0.001540
620 0.001580
1242 0.001526
521 0.001435
2805 0.001513
2639 0.001550
1339 0.001561
3989 0.001555
1928 0.001574
2604 0.001495
2766 0.001552
729 0.001484
1540 0.001501
4046 0.001556
1959 0.001529
120 0.001491
1219 0.001537
1370 0.001559
3826 0.001529
1018 0.001542
2595 0.001514
2031 0.001491
694 0.001539
1400 0.001577
3515 0.001544
1526 0.001489
2936 0.001502
332 0.001581
3692 0.001539
3476 0.001622
441 0.001582
3022 0.001577
1579 0.001496
1044 0.001534
3941 0.001595
2194 0.001583
2227 0.001547
1746 0.001539
1227 0.001446
397 0.001540
1932 0.001545
1726 0.001551
2067 0.001579
951 0.001528
2173 0.001519
551 0.001548
303 0.001494
1614 0.001542
780 0.001550
1289 0.001579
2145 0.001462
519 0.001557
1603 0.001518
3914 0.001545
839 0.001551
1574 0.001561
1793 0.001558
2392 0.001508
1359 0.001580
994 0.001543
3360 0.001538
1894 0.001577
2034 0.001445
1329 0.001553
1716 0.001553
2453 0.001467
1254 0.001564
1409 0.001563
2130 0.001548
571 0.001512
3650 0.001569
532 0.001551
1788 0.001557
3124 0.001557
3787 0.001542
2040 0.001475
3049 0.001516
3405 0.001559
1039 0.001467
2778 0.001570
3385 0.001568
1514 0.001567
3683 0.001610
2848 0.001536
1451 0.001556
422 0.001571
2841 0.001503
3145 0.001560
2771 0.001500
1578 0.001459
1334 0.001487
3975 0.001609
725 0.001536
3053 0.001537
1336 0.001538
1282 0.001555
2788 0.001478
3463 0.001523
2328 0.001534
1344 0.001540
2289 0.001500
1294 0.001573
1877 0.001546
676 0.001585
2586 0.001643
3164 0.001593
3168 0.001578
3707 0.001557
862 0.001534
414 0.001549
1274 0.001497
1243 0.001510
3626 0.001504
2997 0.001586
1629 0.001511
1935 0.001518
1764 0.001523
3797 0.001533
11 0.001505
3180 0.001532
689 0.001497
2407 0.001549
1183 0.001586
3003 0.001527
1116 0.001499
2564 0.001558
561 0.001556
3190 0.001507
1627 0.001527
1999 0.001504
649 0.001522
2154 0.001551
1724 0.001563
1431 0.001481
2341 0.001542
2829 0.001458
2937 0.001469
1916 0.001538
2305 0.001594
566 0.001508
2071 0.001515
227 0.001473
2951 0.001576
890 0.001463
647 0.001577
3938 0.001542
2018 0.001503
3179 0.001532
1598 0.001534
902 0.001499
3708 0.001525
2982 0.001542
952 0.001589
3219 0.001499
3061 0.001601
2260 0.001512
604 0.001516
2764 0.001522
1811 0.001550
329 0.001585
843 0.001475
1737 0.001558
1098 0.001591
1317 0.001499
1703 0.001548
2591 0.001587
627 0.001539
2696 0.001516
459 0.001527
2114 0.001494
3474 0.001543
82 0.001472
143 0.001540
3113 0.001485
238 0.001570
2498 0.001500
2748 0.001412
2389 0.001576
239 0.001575
2568 0.001516
2590 0.001529
1938 0.001501
4054 0.001506
1847 0.001541
1556 0.001533
200 0.001588
2494 0.001566
588 0.001576
1842 0.001506
3300 0.001491
3768 0.001575
436 0.001601
4042 0.001491
3505 0.001572
550 0.001526
2659 0.001534
2128 0.001535
1086 0.001544
1674 0.001458
1355 0.001517
1341 0.001527
1829 0.001535
1428 0.001577
3820 0.001497
366 0.001556
1589 0.001513
3517 0.001562
2273 0.001520
2346 0.001577
709 0.001447
1378 0.001516
3717 0.001517
1338 0.001521
3840 0.001536
1441 0.001451
2027 0.001531
3622 0.001515
1787 0.001434
3244 0.001525
199 0.001512
1727 0.001542
2200 0.001477
350 0.001492
4060 0.001539
4008 0.001534
2670 0.001491
1641 0.001469
2386 0.001518
