88 25247
882 88
40 0.011632
44 0.011356
57 0.011536
70 0.011643
16 0.011590
84 0.011473
71 0.011442
33 0.011420
56 0.011376
86 0.011491
6 0.011430
81 0.011501
65 0.011481
21 0.011548
22 0.011571
45 0.011484
76 0.011538
78 0.011592
25 0.011582
77 0.011544
30 0.011646
61 0.011355
48 0.011560
34 0.011641
67 0.011693
80 0.011397
3 0.011408
74 0.011452
12 0.011426
75 0.011203
69 0.011529
5 0.011550
58 0.011406
49 0.011418
28 0.011484
46 0.011464
68 0.011466
18 0.011481
31 0.011346
24 0.011642
37 0.011558
39 0.011560
26 0.011344
17 0.011406
59 0.011512
8 0.011440
29 0.011568
63 0.011498
64 0.011328
83 0.011559
32 0.011489
15 0.011571
41 0.011475
13 0.011728
4 0.011758
47 0.011473
7 0.011505
27 0.011545
2 0.011430
88 0.011467
60 0.011459
72 0.011383
38 0.011420
23 0.011578
43 0.011671
66 0.011362
62 0.011589
79 0.011506
54 0.011642
50 0.011521
9 0.011546
42 0.011585
36 0.011535
87 0.011345
11 0.011502
53 0.011381
73 0.011428
10 0.011452
19 0.011481
55 0.011459
82 0.011543
20 0.011517
14 0.011417
51 0.011467
85 0.011352
52 0.011549
35 0.011298
24282 0.000001
594 88
75 0.011693
57 0.011480
12 0.011532
65 0.011547
88 0.011511
59 0.011596
68 0.011604
67 0.011490
52 0.011683
46 0.011389
13 0.011491
35 0.011398
20 0.011498
10 0.011483
56 0.011349
84 0.011444
25 0.011680
77 0.011623
7 0.011534
39 0.011490
3 0.011639
23 0.011550
73 0.011283
27 0.011537
55 0.011299
78 0.011250
34 0.011577
30 0.011470
41 0.011597
83 0.011458
66 0.011565
43 0.011578
53 0.011512
80 0.011391
71 0.011334
14 0.011437
42 0.011525
17 0.011594
32 0.011344
16 0.011367
18 0.011489
54 0.011527
69 0.011443
64 0.011418
76 0.011517
4 0.011607
62 0.011484
38 0.011538
50 0.011515
36 0.011518
31 0.011410
60 0.011466
48 0.011492
81 0.011363
21 0.011401
51 0.011532
22 0.011429
63 0.011389
49 0.011557
44 0.011518
86 0.011582
6 0.011598
11 0.011343
72 0.011439
40 0.011474
24 0.011523
33 0.011519
8 0.011477
37 0.011517
82 0.011471
47 0.011453
26 0.011608
45 0.011406
58 0.011589
19 0.011606
29 0.011404
70 0.011692
5 0.011639
1 0.011489
15 0.011401
74 0.011432
9 0.011460
87 0.011448
28 0.011628
85 0.011349
79 0.011514
61 0.011503
16966 0.000001
921 88
59 0.011689
22 0.011444
20 0.011461
87 0.011472
28 0.011702
23 0.011503
6 0.011303
19 0.011546
81 0.011450
10 0.011515
1 0.011506
41 0.011519
64 0.011472
37 0.011692
39 0.011424
46 0.011379
73 0.011320
40 0.011374
82 0.011653
9 0.011489
45 0.011401
15 0.011370
63 0.011571
33 0.011551
36 0.011464
52 0.011531
84 0.011594
77 0.011502
8 0.011430
13 0.011454
58 0.011496
29 0.011593
76 0.011588
16 0.011508
50 0.011526
43 0.011417
34 0.011478
12 0.011583
27 0.011389
54 0.011374
86 0.011538
2 0.011570
56 0.011464
57 0.011459
11 0.011439
60 0.011480
88 0.011581
83 0.011461
65 0.011600
68 0.011487
78 0.011457
61 0.011537
66 0.011534
74 0.011645
62 0.011524
67 0.011270
30 0.011513
5 0.011532
75 0.011391
48 0.011464
17 0.011403
18 0.011559
21 0.011522
31 0.011583
32 0.011572
71 0.011537
49 0.011635
4 0.011478
42 0.011481
14 0.011511
47 0.011575
85 0.011394
7 0.011531
55 0.011730
69 0.011549
26 0.011459
38 0.011495
44 0.011560
70 0.011491
35 0.011429
80 0.011441
53 0.011357
79 0.011445
51 0.011344
72 0.011425
24 0.011429
25 0.011385
24566 0.000001
897 88
55 0.011395
18 0.011572
38 0.011503
7 0.011345
35 0.011650
13 0.011300
10 0.011408
31 0.011613
86 0.011449
15 0.011569
61 0.011632
46 0.011537
65 0.011403
59 0.011393
8 0.011538
12 0.011411
34 0.011387
69 0.011564
70 0.011424
30 0.011474
52 0.011374
62 0.011661
39 0.011401
50 0.011494
56 0.011424
85 0.011578
24 0.011479
67 0.011418
53 0.011749
71 0.011367
81 0.011602
63 0.011295
47 0.011462
78 0.011553
75 0.011692
37 0.011536
80 0.011439
23 0.011339
33 0.011316
84 0.011290
28 0.011416
64 0.011545
40 0.011410
77 0.011549
54 0.011620
6 0.011443
76 0.011602
22 0.011448
3 0.011521
68 0.011643
48 0.011437
45 0.011465
57 0.011419
41 0.011590
58 0.011439
82 0.011461
74 0.011437
51 0.011432
21 0.011475
9 0.011414
32 0.011576
14 0.011491
87 0.011385
20 0.011604
5 0.011468
26 0.011388
66 0.011524
1 0.011643
2 0.011363
25 0.011555
42 0.011534
83 0.011403
27 0.011412
43 0.011653
11 0.011580
73 0.011582
72 0.011457
16 0.011626
29 0.011682
19 0.011568
17 0.011516
36 0.011574
44 0.011754
88 0.011490
79 0.011555
49 0.011457
60 0.011357
10424 0.000001
601 88
3 0.011589
76 0.011608
73 0.011494
12 0.011656
11 0.011542
87 0.011657
41 0.011471
7 0.011491
58 0.011648
26 0.011444
35 0.011431
81 0.011459
69 0.011391
64 0.011407
30 0.011585
36 0.011351
59 0.011368
60 0.011542
20 0.011398
25 0.011555
52 0.011517
10 0.011467
24 0.011448
75 0.011336
65 0.011536
38 0.011529
70 0.011400
67 0.011624
51 0.011446
19 0.011475
71 0.011531
84 0.011334
78 0.011403
77 0.011422
6 0.011396
72 0.011484
46 0.011592
22 0.011494
48 0.011429
40 0.011514
80 0.011631
21 0.011433
17 0.011409
44 0.011418
27 0.011455
61 0.011507
28 0.011539
86 0.011371
68 0.011584
4 0.011492
15 0.011491
29 0.011441
33 0.011598
74 0.011326
50 0.011536
37 0.011354
62 0.011647
32 0.011442
55 0.011360
13 0.011639
16 0.011308
42 0.011693
2 0.011497
82 0.011594
1 0.011778
85 0.011635
56 0.011592
63 0.011458
57 0.011594
88 0.011540
66 0.011471
45 0.011596
8 0.011387
31 0.011513
83 0.011666
23 0.011479
49 0.011405
34 0.011452
9 0.011338
79 0.011502
43 0.011455
53 0.011330
18 0.011703
47 0.011592
39 0.011454
14 0.011422
54 0.011408
12113 0.000001
114 88
69 0.011612
64 0.011502
8 0.011525
7 0.011523
37 0.011437
80 0.011562
47 0.011526
29 0.011462
44 0.011501
88 0.011406
9 0.011435
85 0.011426
62 0.011463
35 0.011535
74 0.011354
27 0.011373
52 0.011669
75 0.011602
54 0.011604
26 0.011434
82 0.011371
14 0.011591
50 0.011648
11 0.011435
86 0.011493
40 0.011647
19 0.011382
21 0.011508
12 0.011552
83 0.011542
67 0.011565
59 0.011575
20 0.011480
78 0.011528
41 0.011475
49 0.011566
58 0.011431
43 0.011617
16 0.011490
17 0.011450
25 0.011614
81 0.011494
68 0.011701
38 0.011595
60 0.011351
34 0.011550
13 0.011385
66 0.011535
77 0.011398
1 0.011686
73 0.011556
39 0.011571
36 0.011424
63 0.011607
51 0.011392
33 0.011477
48 0.011401
79 0.011363
22 0.011466
70 0.011549
72 0.011772
76 0.011550
15 0.011388
5 0.011382
4 0.011238
28 0.011371
87 0.011501
65 0.011503
55 0.011486
32 0.011429
45 0.011398
30 0.011420
56 0.011503
10 0.011534
71 0.011322
46 0.011621
61 0.011462
42 0.011628
31 0.011428
24 0.011484
18 0.011420
57 0.011453
23 0.011401
3 0.011395
53 0.011569
84 0.011304
2 0.011625
15927 0.000001
210 88
49 0.011365
60 0.011439
70 0.011410
19 0.011609
21 0.011493
1 0.011568
55 0.011644
76 0.011354
69 0.011714
82 0.011352
17 0.011468
59 0.011607
57 0.011600
80 0.011477
87 0.011526
12 0.011607
36 0.011595
54 0.011664
58 0.011493
5 0.011406
34 0.011519
75 0.011466
46 0.011509
48 0.011607
33 0.011586
30 0.011431
8 0.011445
28 0.011456
64 0.011454
74 0.011200
42 0.011364
24 0.011530
63 0.011654
78 0.011563
67 0.011412
2 0.011460
18 0.011389
13 0.011514
16 0.011400
81 0.011301
61 0.011349
9 0.011490
26 0.011473
71 0.011450
41 0.011607
32 0.011557
50 0.011407
88 0.011615
68 0.011510
77 0.011730
51 0.011413
65 0.011360
22 0.011364
45 0.011527
14 0.011515
37 0.011607
31 0.011388
79 0.011519
29 0.011470
23 0.011593
43 0.011417
73 0.011430
25 0.011611
62 0.011564
56 0.011515
4 0.011474
38 0.011576
66 0.011499
10 0.011501
35 0.011523
85 0.011483
39 0.011459
52 0.011543
53 0.011637
40 0.011556
3 0.011352
20 0.011510
72 0.011512
84 0.011302
86 0.011529
47 0.011609
15 0.011425
11 0.011363
6 0.011388
44 0.011405
27 0.011585
83 0.011636
587 0.000001
266 88
62 0.011523
31 0.011478
30 0.011420
72 0.011420
88 0.011408
78 0.011460
32 0.011605
70 0.011783
34 0.011483
68 0.011635
46 0.011577
48 0.011279
54 0.011587
58 0.011526
59 0.011574
2 0.011384
19 0.011554
20 0.011576
49 0.011584
36 0.011671
56 0.011460
76 0.011581
74 0.011260
37 0.011499
64 0.011648
67 0.011570
23 0.011323
87 0.011472
43 0.011583
73 0.011465
55 0.011530
80 0.011585
83 0.011317
28 0.011473
42 0.011401
26 0.011444
60 0.011728
9 0.011323
66 0.011390
10 0.011468
21 0.011727
11 0.011275
24 0.011557
84 0.011370
50 0.011555
53 0.011428
27 0.011486
4 0.011487
17 0.011473
51 0.011646
38 0.011473
41 0.011405
69 0.011438
61 0.011579
44 0.011506
25 0.011379
40 0.011509
77 0.011554
65 0.011553
57 0.011397
39 0.011627
75 0.011405
18 0.011344
22 0.011557
7 0.011471
71 0.011383
79 0.011567
85 0.011441
5 0.011469
81 0.011476
3 0.011411
16 0.011708
45 0.011616
1 0.011530
82 0.011360
52 0.011486
14 0.011355
35 0.011665
12 0.011572
29 0.011483
15 0.011561
6 0.011082
86 0.011566
13 0.011532
47 0.011334
33 0.011647
63 0.011507
21164 0.000001
595 88
33 0.011426
79 0.011694
57 0.011474
18 0.011475
62 0.011331
20 0.011509
74 0.011482
16 0.011501
12 0.011507
39 0.011601
19 0.011485
86 0.011434
54 0.011536
43 0.011548
49 0.011418
63 0.011449
24 0.011561
71 0.011449
40 0.011474
22 0.011480
31 0.011440
66 0.011464
34 0.011479
65 0.011398
10 0.011645
53 0.011533
88 0.011531
37 0.011443
69 0.011475
76 0.011454
29 0.011575
3 0.011462
21 0.011418
75 0.011552
48 0.011472
11 0.011631
52 0.011486
15 0.011499
60 0.011419
2 0.011517
50 0.011396
78 0.011467
30 0.011489
42 0.011237
27 0.011566
72 0.011472
26 0.011550
83 0.011614
56 0.011434
51 0.011429
28 0.011295
8 0.011523
23 0.011453
38 0.011567
47 0.011513
61 0.011468
32 0.011623
35 0.011429
58 0.011459
13 0.011533
85 0.011475
73 0.011680
70 0.011612
68 0.011415
87 0.011445
59 0.011700
17 0.011682
84 0.011562
46 0.011516
1 0.011558
67 0.011385
81 0.011472
82 0.011474
36 0.011734
64 0.011532
5 0.011494
77 0.011374
80 0.011426
55 0.011498
25 0.011600
41 0.011525
7 0.011422
45 0.011478
4 0.011364
6 0.011475
44 0.011396
14 0.011461
5081 0.000001
820 88
88 0.011529
2 0.011633
8 0.011385
82 0.011421
75 0.011337
50 0.011356
9 0.011469
4 0.011466
35 0.011694
61 0.011395
72 0.011576
57 0.011473
44 0.011358
3 0.011586
20 0.011388
76 0.011483
52 0.011547
1 0.011660
68 0.011364
29 0.011618
74 0.011662
39 0.011621
56 0.011612
81 0.011416
11 0.011543
15 0.011536
59 0.011684
24 0.011530
33 0.011526
6 0.011645
5 0.011461
19 0.011549
25 0.011550
28 0.011573
7 0.011531
78 0.011426
22 0.011628
13 0.011489
62 0.011618
45 0.011386
41 0.011513
36 0.011608
77 0.011392
48 0.011606
58 0.011424
86 0.011460
12 0.011434
60 0.011515
30 0.011449
55 0.011507
83 0.011458
63 0.011393
40 0.011447
14 0.011438
73 0.011542
17 0.011479
66 0.011466
71 0.011482
38 0.011326
70 0.011449
46 0.011606
43 0.011511
23 0.011390
69 0.011405
37 0.011481
53 0.011273
47 0.011336
64 0.011296
16 0.011374
32 0.011421
21 0.011664
67 0.011394
27 0.011379
31 0.011525
84 0.011573
79 0.011575
65 0.011582
18 0.011619
42 0.011401
34 0.011673
51 0.011486
85 0.011617
80 0.011508
26 0.011424
87 0.011452
54 0.011414
49 0.011508
7194 0.000001
36 88
72 0.011272
75 0.011402
62 0.011296
7 0.011562
18 0.011658
81 0.011446
60 0.011408
71 0.011634
85 0.011508
1 0.011408
37 0.011751
70 0.011645
15 0.011483
88 0.011501
22 0.011383
45 0.011428
68 0.011341
53 0.011370
13 0.011351
35 0.011417
2 0.011462
76 0.011561
43 0.011465
79 0.011480
20 0.011623
86 0.011540
44 0.011583
19 0.011572
65 0.011680
16 0.011515
67 0.011599
80 0.011351
24 0.011500
21 0.011381
8 0.011526
33 0.011495
42 0.011623
5 0.011592
40 0.011408
38 0.011447
49 0.011644
34 0.011408
30 0.011467
41 0.011609
32 0.011288
50 0.011667
47 0.011630
17 0.011578
14 0.011483
26 0.011371
48 0.011463
3 0.011372
73 0.011668
69 0.011428
54 0.011511
29 0.011483
58 0.011522
56 0.011542
64 0.011618
52 0.011353
63 0.011347
4 0.011413
61 0.011496
57 0.011638
55 0.011431
31 0.011373
74 0.011501
9 0.011439
10 0.011679
28 0.011393
25 0.011543
77 0.011393
27 0.011496
83 0.011527
51 0.011528
36 0.011370
59 0.011390
82 0.011535
6 0.011748
23 0.011642
84 0.011497
12 0.011344
78 0.011515
87 0.011505
66 0.011371
46 0.011574
39 0.011539
11817 0.000001
69 88
21 0.011346
76 0.011357
35 0.011411
78 0.011522
20 0.011446
23 0.011667
9 0.011516
57 0.011314
29 0.011524
28 0.011573
52 0.011501
25 0.011592
17 0.011366
67 0.011579
83 0.011479
42 0.011513
19 0.011602
16 0.011395
59 0.011615
61 0.011508
73 0.011352
32 0.011524
75 0.011393
69 0.011407
11 0.011390
65 0.011564
36 0.011373
37 0.011476
27 0.011550
80 0.011507
34 0.011323
47 0.011413
79 0.011702
55 0.011518
84 0.011425
3 0.011378
15 0.011361
44 0.011461
86 0.011448
39 0.011595
31 0.011603
71 0.011309
66 0.011484
40 0.011541
51 0.011604
41 0.011527
49 0.011521
6 0.011583
82 0.011441
58 0.011554
68 0.011569
30 0.011335
7 0.011434
56 0.011409
72 0.011650
60 0.011546
54 0.011581
53 0.011530
26 0.011491
43 0.011218
13 0.011419
4 0.011439
87 0.011575
70 0.011637
62 0.011588
64 0.011705
45 0.011628
8 0.011509
10 0.011422
46 0.011600
77 0.011484
22 0.011479
81 0.011547
33 0.011231
50 0.011258
48 0.011428
74 0.011537
2 0.011605
63 0.011537
85 0.011491
5 0.011665
88 0.011715
14 0.011449
24 0.011615
1 0.011317
18 0.011581
38 0.011622
3527 0.000001
398 88
44 0.011306
83 0.011473
32 0.011538
11 0.011555
53 0.011350
61 0.011503
57 0.011576
45 0.011663
17 0.011572
74 0.011575
43 0.011497
35 0.011591
65 0.011514
48 0.011525
4 0.011430
20 0.011365
5 0.011372
38 0.011692
66 0.011471
56 0.011414
19 0.011546
8 0.011661
47 0.011664
82 0.011381
86 0.011588
33 0.011464
81 0.011561
36 0.011355
31 0.011353
64 0.011660
67 0.011617
25 0.011547
49 0.011453
88 0.011386
16 0.011465
22 0.011509
30 0.011363
39 0.011776
68 0.011509
78 0.011403
1 0.011701
79 0.011704
59 0.011551
21 0.011274
75 0.011519
60 0.011570
84 0.011449
9 0.011361
73 0.011443
55 0.011442
63 0.011309
51 0.011591
52 0.011334
3 0.011323
62 0.011512
15 0.011409
28 0.011456
37 0.011497
26 0.011457
24 0.011588
76 0.011493
6 0.011574
71 0.011689
10 0.011543
29 0.011509
85 0.011474
34 0.011363
50 0.011173
80 0.011464
18 0.011387
58 0.011476
72 0.011557
12 0.011580
70 0.011499
77 0.011362
23 0.011777
87 0.011514
14 0.011833
54 0.011499
69 0.011487
27 0.011435
2 0.011298
42 0.011653
40 0.011431
46 0.011448
7 0.011510
41 0.011238
5922 0.000001
240 88
39 0.011486
60 0.011526
85 0.011563
13 0.011461
77 0.011525
12 0.011546
19 0.011505
27 0.011529
40 0.011366
74 0.011442
37 0.011360
43 0.011645
52 0.011337
7 0.011457
65 0.011657
16 0.011546
1 0.011421
75 0.011445
76 0.011446
28 0.011569
20 0.011467
80 0.011425
88 0.011430
47 0.011656
3 0.011513
79 0.011551
63 0.011550
68 0.011585
35 0.011347
70 0.011509
30 0.011648
25 0.011359
29 0.011371
55 0.011389
61 0.011592
58 0.011462
56 0.011599
36 0.011386
62 0.011535
73 0.011585
66 0.011620
84 0.011344
18 0.011258
86 0.011349
53 0.011535
44 0.011502
17 0.011479
41 0.011459
54 0.011481
32 0.011363
38 0.011367
21 0.011466
26 0.011424
51 0.011424
5 0.011666
2 0.011566
72 0.011380
83 0.011680
34 0.011466
22 0.011457
10 0.011715
64 0.011529
4 0.011319
46 0.011522
23 0.011586
82 0.011760
8 0.011569
9 0.011385
31 0.011393
87 0.011607
69 0.011511
50 0.011378
71 0.011522
57 0.011534
48 0.011459
67 0.011540
45 0.011510
6 0.011439
49 0.011444
15 0.011616
81 0.011407
11 0.011426
78 0.011663
42 0.011496
24 0.011637
59 0.011475
33 0.011480
4287 0.000001
409 88
29 0.011546
14 0.011279
73 0.011351
64 0.011541
69 0.011277
8 0.011515
83 0.011506
17 0.011526
44 0.011395
86 0.011531
87 0.011471
5 0.011464
31 0.011791
62 0.011307
45 0.011433
66 0.011543
84 0.011286
10 0.011269
22 0.011359
30 0.011601
19 0.011377
18 0.011639
12 0.011273
88 0.011359
49 0.011656
57 0.011733
1 0.011770
76 0.011400
82 0.011713
41 0.011484
51 0.011497
11 0.011348
77 0.011660
33 0.011663
67 0.011476
56 0.011620
74 0.011580
43 0.011416
6 0.011403
27 0.011380
2 0.011477
7 0.011248
58 0.011505
53 0.011486
70 0.011425
32 0.011602
71 0.011452
81 0.011619
37 0.011579
35 0.011345
52 0.011588
50 0.011528
68 0.011433
23 0.011568
24 0.011637
16 0.011415
46 0.011569
38 0.011475
28 0.011704
85 0.011444
65 0.011273
21 0.011386
4 0.011677
79 0.011327
55 0.011529
13 0.011388
48 0.011639
39 0.011471
60 0.011491
59 0.011568
63 0.011400
3 0.011344
20 0.011550
72 0.011538
75 0.011725
42 0.011451
54 0.011474
78 0.011491
26 0.011513
36 0.011677
80 0.011441
40 0.011354
61 0.011480
47 0.011728
34 0.011607
25 0.011413
9 0.011527
3485 0.000001
466 88
88 0.011482
39 0.011486
44 0.011517
57 0.011505
7 0.011697
46 0.011540
32 0.011389
49 0.011412
85 0.011272
40 0.011459
30 0.011482
21 0.011569
3 0.011727
11 0.011380
52 0.011409
17 0.011497
28 0.011301
1 0.011623
13 0.011539
36 0.011494
82 0.011465
86 0.011569
68 0.011243
56 0.011679
64 0.011482
83 0.011455
53 0.011483
23 0.011496
22 0.011549
87 0.011526
72 0.011511
38 0.011291
69 0.011584
9 0.011259
61 0.011384
65 0.011558
78 0.011598
58 0.011384
42 0.011390
29 0.011533
71 0.011415
27 0.011537
31 0.011431
84 0.011588
8 0.011550
62 0.011549
81 0.011600
10 0.011473
67 0.011486
51 0.011497
48 0.011432
41 0.011672
66 0.011499
18 0.011530
26 0.011646
37 0.011456
12 0.011435
50 0.011306
47 0.011276
55 0.011468
79 0.011746
73 0.011404
59 0.011547
45 0.011369
43 0.011596
70 0.011444
24 0.011414
2 0.011509
19 0.011468
60 0.011459
35 0.011527
54 0.011343
4 0.011612
80 0.011537
76 0.011366
63 0.011759
6 0.011540
34 0.011397
74 0.011664
5 0.011435
20 0.011655
33 0.011516
75 0.011480
77 0.011532
14 0.011518
15 0.011445
25 0.011652
10177 0.000001
756 88
29 0.011538
22 0.011410
11 0.011789
18 0.011477
47 0.011433
23 0.011461
5 0.011805
43 0.011590
8 0.011560
24 0.011460
40 0.011695
41 0.011439
78 0.011498
54 0.011573
15 0.011194
59 0.011603
62 0.011404
38 0.011511
77 0.011611
76 0.011558
45 0.011454
25 0.011407
61 0.011406
85 0.011407
69 0.011443
88 0.011659
81 0.011388
26 0.011632
32 0.011591
72 0.011376
52 0.011569
48 0.011397
49 0.011611
64 0.011466
79 0.011608
10 0.011633
39 0.011701
63 0.011447
53 0.011398
83 0.011396
35 0.011595
4 0.011493
51 0.011524
84 0.011503
70 0.011615
66 0.011500
28 0.011549
65 0.011364
86 0.011638
55 0.011382
20 0.011220
19 0.011432
27 0.011569
68 0.011546
12 0.011470
1 0.011311
67 0.011506
71 0.011607
30 0.011381
60 0.011601
34 0.011305
42 0.011574
44 0.011368
80 0.011438
50 0.011629
3 0.011303
9 0.011482
33 0.011463
21 0.011480
13 0.011393
87 0.011490
16 0.011419
73 0.011287
37 0.011428
75 0.011335
74 0.011561
58 0.011250
6 0.011498
46 0.011464
36 0.011549
2 0.011523
14 0.011662
57 0.011499
82 0.011657
56 0.011601
7 0.011515
31 0.011422
6002 0.000001
134 88
75 0.011397
33 0.011448
59 0.011596
62 0.011384
48 0.011546
66 0.011267
54 0.011385
5 0.011451
86 0.011599
61 0.011523
10 0.011435
1 0.011457
44 0.011500
64 0.011500
3 0.011527
6 0.011583
29 0.011772
87 0.011452
22 0.011655
38 0.011340
7 0.011327
16 0.011455
71 0.011534
85 0.011607
36 0.011526
30 0.011491
17 0.011587
32 0.011482
25 0.011455
43 0.011605
15 0.011486
11 0.011588
2 0.011512
69 0.011667
88 0.011538
45 0.011478
34 0.011547
4 0.011488
68 0.011617
41 0.011588
28 0.011554
78 0.011388
83 0.011420
42 0.011300
8 0.011388
67 0.011433
82 0.011497
51 0.011421
35 0.011463
52 0.011508
13 0.011320
26 0.011693
47 0.011387
58 0.011468
77 0.011599
24 0.011510
57 0.011816
40 0.011450
53 0.011643
73 0.011501
63 0.011439
31 0.011320
84 0.011390
76 0.011367
55 0.011506
79 0.011604
21 0.011308
37 0.011486
72 0.011558
49 0.011634
9 0.011408
27 0.011458
60 0.011477
14 0.011409
65 0.011615
23 0.011402
46 0.011350
81 0.011457
56 0.011523
12 0.011344
80 0.011439
70 0.011568
50 0.011493
20 0.011561
74 0.011529
19 0.011614
39 0.011586
24408 0.000001
720 88
29 0.011671
20 0.011496
63 0.011316
73 0.011716
51 0.011526
17 0.011505
48 0.011268
76 0.011522
86 0.011411
71 0.011563
30 0.011497
53 0.011499
67 0.011540
27 0.011530
23 0.011318
45 0.011530
62 0.011628
75 0.011487
80 0.011523
78 0.011363
5 0.011506
43 0.011299
46 0.011535
60 0.011612
28 0.011459
14 0.011432
84 0.011583
42 0.011466
40 0.011446
6 0.011510
59 0.011573
79 0.011596
41 0.011553
3 0.011657
9 0.011504
88 0.011498
18 0.011557
57 0.011420
33 0.011403
44 0.011491
81 0.011570
37 0.011724
69 0.011531
85 0.011639
31 0.011484
39 0.011590
26 0.011607
25 0.011514
61 0.011549
4 0.011607
82 0.011479
64 0.011461
72 0.011277
15 0.011552
36 0.011599
58 0.011449
12 0.011296
8 0.011467
21 0.011468
16 0.011325
68 0.011391
49 0.011390
10 0.011496
7 0.011321
52 0.011325
38 0.011573
55 0.011550
2 0.011549
22 0.011135
11 0.011463
66 0.011488
77 0.011247
83 0.011342
24 0.011575
50 0.011459
70 0.011677
32 0.011533
1 0.011431
56 0.011546
35 0.011415
54 0.011469
74 0.011565
47 0.011443
65 0.011610
87 0.011576
13 0.011546
34 0.011687
5132 0.000001
265 88
52 0.011691
33 0.011534
78 0.011507
19 0.011461
88 0.011526
65 0.011533
28 0.011691
74 0.011671
30 0.011461
3 0.011561
86 0.011542
87 0.011568
9 0.011535
79 0.011468
39 0.011428
53 0.011458
15 0.011560
10 0.011537
5 0.011472
84 0.011550
6 0.011508
12 0.011450
75 0.011467
13 0.011544
81 0.011540
82 0.011313
44 0.011495
48 0.011559
32 0.011513
25 0.011554
66 0.011488
17 0.011384
58 0.011416
70 0.011361
42 0.011626
47 0.011541
36 0.011404
46 0.011481
64 0.011495
60 0.011416
69 0.011389
40 0.011513
55 0.011575
67 0.011483
43 0.011470
35 0.011487
2 0.011496
16 0.011660
11 0.011455
34 0.011418
73 0.011603
51 0.011462
4 0.011594
26 0.011404
45 0.011458
27 0.011516
59 0.011521
57 0.011517
38 0.011630
71 0.011497
61 0.011353
68 0.011514
18 0.011554
83 0.011418
22 0.011368
62 0.011516
50 0.011532
23 0.011528
49 0.011383
77 0.011378
76 0.011376
24 0.011314
85 0.011311
8 0.011524
63 0.011397
80 0.011488
31 0.011427
56 0.011506
7 0.011608
37 0.011475
1 0.011572
54 0.011576
21 0.011592
72 0.011366
14 0.011460
41 0.011545
29 0.011461
3920 0.000001
972 88
87 0.011644
12 0.011557
83 0.011413
31 0.011497
63 0.011686
26 0.011494
78 0.011243
10 0.011245
58 0.011457
16 0.011561
73 0.011312
70 0.011406
25 0.011306
47 0.011432
69 0.011641
44 0.011730
34 0.011586
37 0.011469
28 0.011462
54 0.011604
67 0.011443
81 0.011522
32 0.011429
23 0.011485
39 0.011602
57 0.011439
15 0.011441
18 0.011347
55 0.011335
86 0.011364
41 0.011468
2 0.011574
85 0.011481
64 0.011639
74 0.011628
46 0.011560
68 0.011473
50 0.011407
82 0.011478
53 0.011459
84 0.011576
8 0.011432
52 0.011597
9 0.011560
61 0.011615
79 0.011507
56 0.011632
20 0.011421
88 0.011510
43 0.011551
7 0.011304
48 0.011551
75 0.011532
77 0.011453
66 0.011389
59 0.011429
76 0.011452
24 0.011532
11 0.011525
5 0.011744
29 0.011253
4 0.011442
14 0.011646
71 0.011388
40 0.011480
33 0.011630
65 0.011734
13 0.011561
1 0.011417
30 0.011290
51 0.011528
27 0.011446
6 0.011501
22 0.011349
62 0.011484
35 0.011331
80 0.011576
36 0.011545
17 0.011511
3 0.011712
45 0.011531
38 0.011599
72 0.011436
49 0.011480
42 0.011656
60 0.011371
19 0.011471
571 0.000001
974 88
85 0.011586
60 0.011346
25 0.011564
87 0.011822
18 0.011478
78 0.011673
66 0.011456
45 0.011579
74 0.011564
44 0.011443
36 0.011597
58 0.011590
75 0.011401
26 0.011464
63 0.011584
52 0.011453
55 0.011554
67 0.011836
64 0.011532
11 0.011451
32 0.011628
9 0.011652
88 0.011585
16 0.011342
47 0.011526
34 0.011521
5 0.011571
53 0.011603
6 0.011392
33 0.011507
65 0.011479
4 0.011464
31 0.011347
51 0.011354
49 0.011285
10 0.011520
61 0.011419
84 0.011528
48 0.011592
35 0.011541
3 0.011717
23 0.011594
59 0.011639
81 0.011579
2 0.011486
43 0.011464
50 0.011566
37 0.011446
29 0.011520
57 0.011432
72 0.011692
80 0.011407
15 0.011506
79 0.011565
73 0.011468
54 0.011476
42 0.011365
69 0.011399
86 0.011461
62 0.011462
17 0.011321
7 0.011180
38 0.011472
12 0.011395
27 0.011311
8 0.011693
56 0.011513
21 0.011380
28 0.011618
19 0.011541
14 0.011317
82 0.011705
13 0.011294
20 0.011473
77 0.011398
41 0.011513
39 0.011510
83 0.011469
40 0.011396
30 0.011577
70 0.011353
46 0.011328
68 0.011568
76 0.011409
24 0.011242
1 0.011507
71 0.011443
16176 0.000001
448 88
88 0.011391
45 0.011539
63 0.011333
46 0.011448
43 0.011618
24 0.011633
48 0.011497
14 0.011428
72 0.011435
11 0.011468
74 0.011502
85 0.011524
84 0.011471
47 0.011337
73 0.011467
35 0.011533
54 0.011690
81 0.011402
87 0.011404
59 0.011540
77 0.011477
6 0.011455
76 0.011376
17 0.011420
69 0.011639
13 0.011434
9 0.011327
41 0.011429
64 0.011511
7 0.011508
40 0.011558
2 0.011440
39 0.011530
4 0.011371
36 0.011444
30 0.011556
38 0.011482
10 0.011531
50 0.011575
37 0.011490
49 0.011526
20 0.011672
86 0.011420
66 0.011508
53 0.011524
75 0.011359
12 0.011497
71 0.011361
1 0.011560
79 0.011389
25 0.011476
42 0.011682
67 0.011279
61 0.011487
52 0.011567
44 0.011362
5 0.011517
70 0.011559
31 0.011404
83 0.011369
27 0.011547
22 0.011554
58 0.011622
51 0.011403
15 0.011385
34 0.011504
60 0.011475
16 0.011564
62 0.011673
33 0.011565
21 0.011591
57 0.011516
55 0.011394
18 0.011534
78 0.011656
32 0.011453
56 0.011588
28 0.011664
26 0.011468
3 0.011287
80 0.011455
68 0.011705
8 0.011312
82 0.011704
19 0.011618
29 0.011475
65 0.011556
16857 0.000001
627 88
15 0.011547
79 0.011176
13 0.011661
38 0.011728
30 0.011443
62 0.011656
44 0.011598
1 0.011455
3 0.011371
45 0.011463
85 0.011538
7 0.011421
75 0.011327
68 0.011265
60 0.011624
27 0.011541
49 0.011305
58 0.011525
29 0.011454
51 0.011490
82 0.011504
64 0.011566
53 0.011500
11 0.011430
61 0.011486
74 0.011581
41 0.011418
77 0.011600
2 0.011517
81 0.011481
50 0.011570
67 0.011457
87 0.011485
21 0.011621
78 0.011439
28 0.011466
72 0.011410
70 0.011456
33 0.011620
46 0.011596
59 0.011413
48 0.011583
17 0.011404
4 0.011625
69 0.011609
86 0.011361
83 0.011458
25 0.011427
35 0.011510
31 0.011531
22 0.011319
5 0.011776
26 0.011690
57 0.011561
42 0.011592
9 0.011482
47 0.011376
56 0.011469
16 0.011511
76 0.011598
43 0.011433
10 0.011286
12 0.011705
32 0.011504
20 0.011498
55 0.011591
88 0.011633
65 0.011488
63 0.011410
14 0.011480
37 0.011517
36 0.011535
52 0.011620
23 0.011420
40 0.011425
34 0.011471
71 0.011450
18 0.011207
6 0.011391
39 0.011445
66 0.011486
80 0.011453
54 0.011319
73 0.011586
84 0.011522
8 0.011535
19 0.011503
20696 0.000001
909 88
88 0.011724
61 0.011634
47 0.011652
8 0.011345
21 0.011318
10 0.011500
28 0.011657
49 0.011779
34 0.011457
20 0.011507
71 0.011489
72 0.011486
1 0.011680
26 0.011482
82 0.011547
52 0.011422
67 0.011574
87 0.011466
60 0.011501
57 0.011450
39 0.011341
31 0.011463
2 0.011382
68 0.011512
51 0.011513
7 0.011393
30 0.011547
78 0.011487
9 0.011476
19 0.011531
27 0.011344
86 0.011468
32 0.011680
50 0.011388
64 0.011431
14 0.011567
3 0.011593
46 0.011379
6 0.011303
35 0.011536
37 0.011576
63 0.011488
16 0.011639
43 0.011503
23 0.011407
80 0.011357
84 0.011710
45 0.011367
29 0.011661
76 0.011247
40 0.011407
69 0.011554
53 0.011441
83 0.011447
55 0.011429
73 0.011565
81 0.011476
79 0.011336
41 0.011574
58 0.011599
17 0.011512
36 0.011478
74 0.011554
15 0.011585
33 0.011324
13 0.011495
12 0.011335
11 0.011457
65 0.011494
70 0.011405
42 0.011364
48 0.011615
77 0.011522
5 0.011438
18 0.011501
66 0.011565
44 0.011617
24 0.011584
54 0.011520
38 0.011362
22 0.011504
4 0.011491
75 0.011384
59 0.011667
62 0.011514
56 0.011386
85 0.011539
9635 0.000001
760 88
57 0.011408
27 0.011411
39 0.011687
59 0.011373
85 0.011579
15 0.011456
52 0.011497
31 0.011585
37 0.011467
63 0.011411
83 0.011444
79 0.011500
81 0.011418
28 0.011480
19 0.011397
50 0.011468
68 0.011631
86 0.011600
54 0.011563
42 0.011337
62 0.011430
24 0.011484
65 0.011570
88 0.011572
84 0.011417
53 0.011469
20 0.011458
7 0.011392
36 0.011305
55 0.011538
70 0.011348
11 0.011507
14 0.011539
33 0.011593
60 0.011391
69 0.011492
21 0.011515
72 0.011492
35 0.011541
13 0.011516
38 0.011468
29 0.011712
1 0.011557
3 0.011449
9 0.011753
16 0.011626
34 0.011612
87 0.011487
66 0.011257
44 0.011431
75 0.011428
32 0.011564
4 0.011331
22 0.011474
30 0.011511
46 0.011592
45 0.011616
25 0.011414
71 0.011508
18 0.011500
56 0.011430
76 0.011398
40 0.011494
2 0.011558
43 0.011549
10 0.011413
73 0.011448
8 0.011545
47 0.011704
41 0.011421
51 0.011707
67 0.011459
78 0.011528
6 0.011308
64 0.011602
23 0.011482
82 0.011525
58 0.011537
17 0.011445
49 0.011478
12 0.011586
77 0.011570
61 0.011440
5 0.011677
80 0.011478
74 0.011463
48 0.011183
20487 0.000001
459 88
73 0.011398
71 0.011476
24 0.011533
74 0.011677
50 0.011387
18 0.011535
75 0.011527
28 0.011585
17 0.011402
6 0.011389
85 0.011422
47 0.011636
82 0.011350
40 0.011354
5 0.011604
26 0.011436
25 0.011438
32 0.011313
23 0.011467
4 0.011553
53 0.011418
83 0.011494
21 0.011385
63 0.011639
70 0.011519
72 0.011768
30 0.011554
56 0.011496
54 0.011519
76 0.011463
66 0.011574
49 0.011553
9 0.011712
44 0.011429
12 0.011749
38 0.011607
11 0.011549
77 0.011548
22 0.011439
8 0.011455
59 0.011479
34 0.011595
62 0.011460
68 0.011613
69 0.011471
52 0.011446
48 0.011477
42 0.011668
78 0.011508
7 0.011453
39 0.011568
58 0.011467
81 0.011436
2 0.011415
61 0.011370
86 0.011525
31 0.011468
46 0.011540
1 0.011396
29 0.011425
10 0.011414
41 0.011499
20 0.011360
43 0.011260
80 0.011484
88 0.011466
65 0.011401
84 0.011331
36 0.011337
15 0.011574
37 0.011607
14 0.011462
51 0.011617
67 0.011483
87 0.011395
45 0.011599
79 0.011451
13 0.011533
16 0.011423
55 0.011449
57 0.011440
33 0.011629
60 0.011568
3 0.011515
64 0.011646
19 0.011492
35 0.011432
8252 0.000001
302 88
17 0.011495
41 0.011630
36 0.011434
59 0.011456
79 0.011599
40 0.011442
7 0.011626
29 0.011450
6 0.011481
62 0.011443
64 0.011309
12 0.011586
2 0.011410
50 0.011506
87 0.011442
55 0.011198
3 0.011481
51 0.011463
57 0.011619
80 0.011486
61 0.011404
23 0.011521
86 0.011535
73 0.011527
38 0.011558
30 0.011359
42 0.011247
8 0.011535
48 0.011488
45 0.011467
32 0.011709
15 0.011491
58 0.011603
83 0.011479
70 0.011359
13 0.011535
69 0.011503
16 0.011496
65 0.011615
11 0.011650
33 0.011662
63 0.011625
10 0.011513
27 0.011689
24 0.011465
56 0.011465
47 0.011377
52 0.011430
68 0.011411
44 0.011410
53 0.011351
60 0.011398
66 0.011677
39 0.011365
88 0.011356
81 0.011616
25 0.011739
4 0.011436
35 0.011499
74 0.011537
46 0.011388
67 0.011536
82 0.011576
37 0.011496
78 0.011315
9 0.011438
85 0.011742
5 0.011435
49 0.011585
71 0.011453
20 0.011428
18 0.011487
76 0.011549
72 0.011419
34 0.011515
22 0.011572
54 0.011447
26 0.011531
21 0.011726
43 0.011531
77 0.011605
14 0.011446
31 0.011490
19 0.011419
75 0.011295
1 0.011466
84 0.011451
20771 0.000001
993 88
86 0.011503
43 0.011456
13 0.011394
3 0.011510
11 0.011534
76 0.011648
69 0.011463
85 0.011410
14 0.011409
45 0.011564
55 0.011431
2 0.011588
84 0.011390
79 0.011424
59 0.011688
61 0.011721
78 0.011633
60 0.011714
10 0.011431
64 0.011439
15 0.011491
36 0.011581
34 0.011562
27 0.011512
73 0.011673
72 0.011542
33 0.011425
62 0.011392
75 0.011550
7 0.011413
52 0.011298
58 0.011390
40 0.011388
37 0.011503
88 0.011588
65 0.011373
68 0.011590
19 0.011302
54 0.011479
23 0.011334
53 0.011496
1 0.011359
17 0.011599
26 0.011521
30 0.011494
6 0.011429
48 0.011604
39 0.011664
63 0.011433
77 0.011437
81 0.011371
57 0.011484
56 0.011466
80 0.011616
8 0.011576
25 0.011328
38 0.011471
31 0.011633
41 0.011568
4 0.011533
71 0.011419
82 0.011463
35 0.011237
5 0.011375
44 0.011516
42 0.011337
20 0.011673
83 0.011441
50 0.011594
66 0.011591
70 0.011567
87 0.011572
49 0.011681
18 0.011413
51 0.011455
67 0.011290
16 0.011585
32 0.011590
47 0.011483
9 0.011396
22 0.011554
28 0.011568
74 0.011551
46 0.011541
24 0.011585
21 0.011354
12 0.011350
6769 0.000001
668 88
79 0.011453
2 0.011570
44 0.011450
84 0.011496
85 0.011330
52 0.011322
67 0.011622
71 0.011665
3 0.011456
58 0.011556
48 0.011502
62 0.011542
68 0.011484
59 0.011452
65 0.011602
6 0.011549
73 0.011552
24 0.011456
17 0.011568
14 0.011393
69 0.011511
21 0.011584
15 0.011539
45 0.011560
41 0.011636
27 0.011497
13 0.011586
80 0.011415
16 0.011434
39 0.011504
86 0.011305
57 0.011411
38 0.011553
87 0.011624
70 0.011519
88 0.011573
46 0.011332
22 0.011382
36 0.011496
66 0.011585
19 0.011605
83 0.011338
34 0.011497
49 0.011431
56 0.011323
63 0.011428
11 0.011463
76 0.011450
78 0.011446
7 0.011457
43 0.011577
35 0.011433
28 0.011627
40 0.011467
25 0.011442
33 0.011406
26 0.011418
9 0.011556
61 0.011706
12 0.011558
82 0.011447
60 0.011462
72 0.011380
53 0.011599
10 0.011577
20 0.011317
31 0.011625
77 0.011547
1 0.011344
81 0.011353
42 0.011623
74 0.011456
50 0.011387
55 0.011360
23 0.011541
54 0.011397
32 0.011658
51 0.011577
4 0.011451
37 0.011654
64 0.011451
8 0.011766
5 0.011552
47 0.011383
29 0.011453
18 0.011492
75 0.011453
19554 0.000001
943 88
71 0.011468
65 0.011510
64 0.011642
56 0.011425
77 0.011472
83 0.011638
52 0.011655
18 0.011441
72 0.011464
24 0.011400
2 0.011320
75 0.011455
43 0.011656
29 0.011328
66 0.011517
54 0.011475
87 0.011309
40 0.011449
68 0.011488
13 0.011501
3 0.011411
46 0.011377
28 0.011471
41 0.011469
35 0.011454
62 0.011663
80 0.011590
10 0.011522
17 0.011726
1 0.011464
33 0.011562
48 0.011474
76 0.011462
7 0.011622
86 0.011339
32 0.011614
4 0.011552
26 0.011545
34 0.011483
57 0.011408
11 0.011616
20 0.011497
5 0.011520
73 0.011369
79 0.011623
14 0.011507
78 0.011517
85 0.011472
6 0.011686
8 0.011413
49 0.011584
42 0.011383
53 0.011533
27 0.011385
12 0.011312
30 0.011612
47 0.011521
88 0.011356
38 0.011460
15 0.011547
16 0.011556
58 0.011333
55 0.011348
19 0.011494
84 0.011478
74 0.011631
60 0.011441
50 0.011385
81 0.011343
69 0.011481
22 0.011391
63 0.011442
39 0.011427
67 0.011521
9 0.011362
59 0.011411
70 0.011606
44 0.011542
25 0.011738
82 0.011512
61 0.011474
45 0.011457
36 0.011648
37 0.011686
21 0.011441
51 0.011582
23 0.011535
8061 0.000001
395 88
68 0.011514
51 0.011504
2 0.011507
37 0.011615
6 0.011412
29 0.011520
52 0.011458
55 0.011534
1 0.011540
9 0.011378
3 0.011551
38 0.011435
65 0.011578
62 0.011522
57 0.011592
35 0.011393
8 0.011484
85 0.011300
45 0.011498
11 0.011686
74 0.011561
28 0.011381
22 0.011221
4 0.011630
76 0.011407
17 0.011526
63 0.011583
61 0.011621
27 0.011357
40 0.011301
23 0.011640
47 0.011445
44 0.011382
31 0.011623
13 0.011349
53 0.011372
66 0.011601
87 0.011432
75 0.011564
86 0.011565
33 0.011409
42 0.011561
34 0.011667
15 0.011486
25 0.011590
39 0.011237
21 0.011628
79 0.011588
10 0.011497
49 0.011563
24 0.011235
26 0.011396
41 0.011574
67 0.011363
72 0.011511
5 0.011478
56 0.011577
46 0.011445
43 0.011813
84 0.011538
88 0.011540
48 0.011466
19 0.011547
64 0.011489
77 0.011302
30 0.011624
18 0.011530
60 0.011505
12 0.011529
70 0.011406
7 0.011650
59 0.011434
69 0.011456
71 0.011571
36 0.011590
20 0.011464
73 0.011415
83 0.011476
50 0.011545
80 0.011484
58 0.011582
78 0.011555
54 0.011421
16 0.011471
81 0.011416
82 0.011456
14 0.011337
13460 0.000001
558 88
15 0.011602
50 0.011346
52 0.011415
57 0.011688
31 0.011601
9 0.011456
24 0.011428
71 0.011700
75 0.011416
65 0.011362
28 0.011442
62 0.011536
23 0.011456
69 0.011382
87 0.011613
86 0.011530
17 0.011655
56 0.011335
39 0.011558
60 0.011481
35 0.011504
29 0.011377
16 0.011487
22 0.011616
37 0.011452
6 0.011495
88 0.011601
27 0.011526
2 0.011460
26 0.011272
18 0.011400
83 0.011356
76 0.011539
44 0.011558
43 0.011365
59 0.011533
25 0.011591
12 0.011462
8 0.011448
73 0.011560
61 0.011430
54 0.011601
34 0.011585
85 0.011587
46 0.011531
84 0.011613
67 0.011400
3 0.011530
81 0.011574
53 0.011464
72 0.011439
1 0.011411
47 0.011482
4 0.011538
63 0.011395
13 0.011690
30 0.011535
48 0.011389
7 0.011480
41 0.011361
51 0.011499
58 0.011447
77 0.011497
21 0.011563
49 0.011526
10 0.011553
36 0.011469
11 0.011283
66 0.011539
20 0.011751
45 0.011355
79 0.011653
74 0.011410
42 0.011460
55 0.011584
38 0.011439
32 0.011496
14 0.011602
70 0.011398
80 0.011591
40 0.011653
82 0.011551
5 0.011309
19 0.011438
64 0.011516
78 0.011339
68 0.011439
3421 0.000001
586 88
76 0.011353
28 0.011471
65 0.011484
14 0.011578
6 0.011540
31 0.011528
24 0.011591
7 0.011614
36 0.011478
17 0.011578
3 0.011484
35 0.011691
79 0.011637
43 0.011225
23 0.011556
48 0.011395
30 0.011511
71 0.011618
61 0.011502
8 0.011547
58 0.011490
18 0.011301
75 0.011556
67 0.011394
44 0.011589
1 0.011523
68 0.011539
45 0.011427
50 0.011293
40 0.011526
49 0.011496
33 0.011609
74 0.011526
41 0.011482
11 0.011553
4 0.011294
9 0.011459
86 0.011624
10 0.011728
72 0.011625
63 0.011514
83 0.011478
51 0.011490
46 0.011533
54 0.011461
70 0.011528
80 0.011454
77 0.011592
62 0.011474
15 0.011495
88 0.011678
39 0.011615
42 0.011318
85 0.011584
13 0.011461
12 0.011256
16 0.011502
81 0.011433
69 0.011382
38 0.011493
84 0.011456
64 0.011463
29 0.011460
78 0.011402
37 0.011373
26 0.011576
57 0.011331
21 0.011375
55 0.011569
25 0.011412
2 0.011479
52 0.011486
22 0.011566
82 0.011563
19 0.011488
66 0.011365
20 0.011436
47 0.011583
60 0.011448
27 0.011268
56 0.011380
53 0.011410
87 0.011590
32 0.011622
5 0.011551
73 0.011601
59 0.011590
14530 0.000001
590 88
54 0.011393
69 0.011497
31 0.011397
55 0.011490
61 0.011446
19 0.011381
51 0.011513
48 0.011799
64 0.011391
83 0.011441
85 0.011768
4 0.011615
11 0.011626
62 0.011371
86 0.011740
36 0.011448
57 0.011659
21 0.011490
53 0.011715
29 0.011646
60 0.011536
58 0.011572
32 0.011436
75 0.011356
87 0.011523
63 0.011280
26 0.011586
37 0.011418
74 0.011369
20 0.011492
33 0.011568
56 0.011424
59 0.011581
38 0.011381
76 0.011538
5 0.011413
10 0.011410
18 0.011383
68 0.011324
6 0.011477
12 0.011589
24 0.011483
30 0.011540
46 0.011571
16 0.011476
42 0.011352
28 0.011578
34 0.011436
25 0.011514
8 0.011719
50 0.011403
17 0.011438
7 0.011490
82 0.011421
81 0.011539
80 0.011740
41 0.011404
78 0.011238
79 0.011561
71 0.011524
15 0.011535
3 0.011405
77 0.011731
2 0.011452
23 0.011543
27 0.011346
44 0.011417
13 0.011589
43 0.011465
84 0.011396
70 0.011396
72 0.011495
47 0.011491
40 0.011323
88 0.011436
14 0.011505
45 0.011393
9 0.011359
67 0.011696
52 0.011509
49 0.011526
73 0.011578
1 0.011467
22 0.011658
65 0.011514
66 0.011264
39 0.011601
15590 0.000001
250 88
25 0.011551
73 0.011537
44 0.011572
18 0.011418
48 0.011335
9 0.011707
32 0.011339
29 0.011537
50 0.011702
45 0.011301
19 0.011379
66 0.011343
65 0.011364
33 0.011425
60 0.011423
21 0.011568
30 0.011429
58 0.011584
64 0.011405
22 0.011605
37 0.011484
26 0.011676
70 0.011639
82 0.011528
51 0.011316
14 0.011547
13 0.011527
43 0.011507
23 0.011386
69 0.011440
4 0.011410
47 0.011450
79 0.011505
31 0.011410
76 0.011542
16 0.011642
49 0.011266
74 0.011494
54 0.011548
68 0.011526
77 0.011521
63 0.011384
3 0.011388
81 0.011547
24 0.011584
38 0.011527
35 0.011417
53 0.011692
34 0.011588
46 0.011509
78 0.011480
57 0.011578
87 0.011430
10 0.011621
59 0.011434
72 0.011290
40 0.011505
6 0.011572
20 0.011541
2 0.011649
75 0.011494
61 0.011451
85 0.011472
42 0.011590
86 0.011600
41 0.011628
84 0.011500
11 0.011448
52 0.011384
17 0.011659
27 0.011626
12 0.011483
15 0.011582
7 0.011473
67 0.011478
62 0.011468
1 0.011472
88 0.011506
28 0.011277
56 0.011449
39 0.011469
83 0.011445
55 0.011464
80 0.011671
8 0.011276
71 0.011587
5 0.011423
18852 0.000001
446 88
85 0.011369
45 0.011362
27 0.011452
21 0.011517
5 0.011643
69 0.011680
76 0.011536
67 0.011367
32 0.011293
46 0.011677
47 0.011280
64 0.011551
61 0.011597
17 0.011550
65 0.011341
15 0.011390
66 0.011545
6 0.011473
24 0.011453
48 0.011411
31 0.011394
63 0.011318
16 0.011331
79 0.011454
8 0.011389
33 0.011629
41 0.011492
28 0.011415
50 0.011703
70 0.011555
60 0.011436
18 0.011381
78 0.011496
54 0.011507
40 0.011227
29 0.011373
68 0.011480
58 0.011570
20 0.011533
55 0.011378
53 0.011560
87 0.011599
9 0.011600
30 0.011625
39 0.011475
19 0.011484
86 0.011466
1 0.011528
57 0.011716
26 0.011533
88 0.011471
75 0.011527
3 0.011621
62 0.011504
72 0.011552
43 0.011413
4 0.011591
13 0.011561
44 0.011557
83 0.011375
7 0.011506
52 0.011500
22 0.011584
35 0.011325
80 0.011440
73 0.011475
36 0.011498
77 0.011427
12 0.011623
14 0.011764
82 0.011446
25 0.011491
51 0.011501
11 0.011420
49 0.011708
81 0.011591
84 0.011418
38 0.011483
2 0.011403
23 0.011532
10 0.011563
71 0.011315
74 0.011636
59 0.011620
34 0.011409
56 0.011652
42 0.011363
14924 0.000001
986 88
67 0.011366
40 0.011471
54 0.011280
14 0.011465
58 0.011364
8 0.011550
24 0.011455
41 0.011475
15 0.011486
11 0.011422
13 0.011524
44 0.011320
49 0.011502
84 0.011582
81 0.011498
33 0.011439
61 0.011455
26 0.011637
88 0.011558
59 0.011513
5 0.011575
47 0.011178
9 0.011322
22 0.011448
75 0.011640
21 0.011464
27 0.011636
63 0.011495
25 0.011462
29 0.011676
51 0.011522
74 0.011381
87 0.011392
20 0.011782
35 0.011463
12 0.011419
62 0.011381
64 0.011525
7 0.011248
3 0.011655
53 0.011750
80 0.011461
66 0.011363
72 0.011468
71 0.011405
79 0.011561
43 0.011476
19 0.011483
16 0.011656
23 0.011639
85 0.011499
45 0.011581
48 0.011381
32 0.011581
50 0.011473
34 0.011558
6 0.011620
60 0.011479
31 0.011628
28 0.011521
37 0.011514
57 0.011317
36 0.011405
78 0.011429
39 0.011415
4 0.011602
82 0.011429
10 0.011425
83 0.011500
65 0.011510
46 0.011461
76 0.011519
18 0.011503
68 0.011461
77 0.011626
30 0.011374
70 0.011636
86 0.011604
2 0.011588
52 0.011457
69 0.011599
55 0.011568
56 0.011461
73 0.011513
17 0.011554
1 0.011493
42 0.011427
11321 0.000001
414 88
61 0.011494
20 0.011447
85 0.011476
53 0.011588
78 0.011408
25 0.011532
42 0.011528
65 0.011451
23 0.011475
57 0.011508
8 0.011487
11 0.011504
49 0.011605
9 0.011441
19 0.011704
2 0.011468
55 0.011458
62 0.011395
69 0.011553
13 0.011621
26 0.011602
38 0.011493
12 0.011381
58 0.011495
46 0.011478
34 0.011557
22 0.011464
47 0.011599
70 0.011426
6 0.011699
72 0.011497
68 0.011558
64 0.011505
32 0.011314
43 0.011455
40 0.011489
18 0.011582
82 0.011563
33 0.011691
16 0.011557
54 0.011334
79 0.011558
37 0.011202
84 0.011680
73 0.011542
71 0.011353
83 0.011523
76 0.011373
31 0.011520
48 0.011451
87 0.011526
36 0.011563
50 0.011645
3 0.011495
80 0.011419
51 0.011332
35 0.011360
14 0.011493
10 0.011300
77 0.011441
4 0.011454
66 0.011358
30 0.011798
60 0.011357
75 0.011523
5 0.011593
56 0.011550
59 0.011589
21 0.011547
27 0.011521
81 0.011524
52 0.011452
7 0.011440
29 0.011385
17 0.011436
24 0.011533
41 0.011408
1 0.011375
74 0.011585
45 0.011452
44 0.011449
67 0.011517
63 0.011274
88 0.011469
15 0.011619
28 0.011658
86 0.011475
703 0.000001
619 88
33 0.011545
5 0.011432
49 0.011374
46 0.011609
39 0.011578
15 0.011497
17 0.011310
45 0.011493
44 0.011347
65 0.011352
51 0.011629
25 0.011703
9 0.011675
47 0.011364
38 0.011541
2 0.011738
67 0.011530
85 0.011419
23 0.011433
4 0.011589
64 0.011525
10 0.011508
68 0.011418
27 0.011480
28 0.011506
7 0.011436
66 0.011476
53 0.011527
52 0.011452
8 0.011454
24 0.011588
22 0.011383
77 0.011500
88 0.011433
74 0.011471
36 0.011551
78 0.011511
63 0.011558
69 0.011519
72 0.011609
26 0.011273
42 0.011530
86 0.011563
31 0.011522
59 0.011622
75 0.011587
57 0.011450
71 0.011492
56 0.011478
62 0.011469
50 0.011538
30 0.011457
87 0.011378
70 0.011386
12 0.011484
43 0.011497
13 0.011525
48 0.011473
21 0.011596
18 0.011440
14 0.011663
84 0.011447
82 0.011525
29 0.011512
58 0.011663
54 0.011255
55 0.011554
76 0.011501
34 0.011559
11 0.011531
37 0.011450
73 0.011514
19 0.011562
61 0.011646
1 0.011511
80 0.011269
20 0.011482
41 0.011343
79 0.011556
81 0.011521
60 0.011372
6 0.011500
35 0.011594
16 0.011511
3 0.011385
83 0.011380
32 0.011370
19638 0.000001
759 88
54 0.011665
11 0.011460
46 0.011345
82 0.011375
81 0.011415
17 0.011453
16 0.011324
4 0.011660
72 0.011494
42 0.011381
12 0.011664
48 0.011591
44 0.011686
58 0.011476
76 0.011230
55 0.011598
39 0.011488
22 0.011472
79 0.011417
63 0.011503
88 0.011490
62 0.011448
9 0.011526
1 0.011530
8 0.011577
65 0.011465
61 0.011538
52 0.011476
66 0.011412
3 0.011499
31 0.011332
83 0.011498
36 0.011470
14 0.011467
73 0.011703
18 0.011518
67 0.011429
38 0.011535
13 0.011578
53 0.011350
34 0.011440
6 0.011499
56 0.011542
77 0.011384
28 0.011647
71 0.011480
51 0.011450
68 0.011507
23 0.011443
30 0.011590
57 0.011534
26 0.011555
40 0.011399
29 0.011477
19 0.011667
69 0.011528
25 0.011514
80 0.011502
59 0.011439
78 0.011405
84 0.011517
45 0.011636
49 0.011450
35 0.011521
27 0.011255
86 0.011454
33 0.011583
74 0.011448
2 0.011323
24 0.011590
7 0.011539
37 0.011563
87 0.011463
32 0.011649
15 0.011250
47 0.011496
10 0.011668
43 0.011601
64 0.011621
50 0.011505
85 0.011312
5 0.011353
75 0.011584
20 0.011709
60 0.011513
70 0.011455
21 0.011401
19005 0.000001
52 88
81 0.011469
6 0.011578
32 0.011558
54 0.011476
78 0.011460
85 0.011501
82 0.011493
4 0.011410
23 0.011346
75 0.011557
21 0.011411
48 0.011551
30 0.011523
61 0.011592
88 0.011521
59 0.011453
5 0.011457
84 0.011350
1 0.011664
73 0.011513
29 0.011407
41 0.011504
38 0.011470
74 0.011469
83 0.011551
63 0.011397
62 0.011507
56 0.011570
44 0.011378
72 0.011574
70 0.011442
16 0.011584
47 0.011580
68 0.011561
49 0.011416
80 0.011553
45 0.011571
11 0.011560
12 0.011308
31 0.011398
65 0.011551
58 0.011452
27 0.011486
57 0.011438
36 0.011485
76 0.011497
15 0.011465
20 0.011577
17 0.011387
86 0.011575
26 0.011571
46 0.011488
40 0.011750
19 0.011511
77 0.011444
43 0.011525
8 0.011437
3 0.011630
50 0.011661
25 0.011475
66 0.011213
28 0.011549
22 0.011429
10 0.011302
2 0.011381
51 0.011319
37 0.011572
13 0.011478
64 0.011496
67 0.011251
87 0.011525
35 0.011575
71 0.011383
52 0.011569
69 0.011432
55 0.011643
34 0.011653
33 0.011546
9 0.011520
14 0.011417
53 0.011514
60 0.011394
24 0.011526
79 0.011376
39 0.011676
7 0.011635
18 0.011537
20585 0.000001
465 88
47 0.011457
14 0.011613
63 0.011445
56 0.011428
88 0.011240
6 0.011388
37 0.011469
10 0.011410
62 0.011460
60 0.011432
22 0.011458
61 0.011425
74 0.011342
7 0.011554
15 0.011395
82 0.011437
32 0.011582
51 0.011573
85 0.011443
13 0.011454
54 0.011550
80 0.011709
52 0.011624
33 0.011384
79 0.011431
4 0.011421
12 0.011693
72 0.011443
20 0.011542
73 0.011344
39 0.011392
83 0.011369
16 0.011533
59 0.011313
68 0.011545
11 0.011411
55 0.011364
30 0.011593
87 0.011498
28 0.011606
45 0.011427
53 0.011612
48 0.011474
3 0.011410
27 0.011721
44 0.011536
9 0.011508
86 0.011354
77 0.011541
76 0.011440
78 0.011614
58 0.011395
24 0.011470
5 0.011724
38 0.011529
75 0.011540
70 0.011505
65 0.011584
26 0.011511
21 0.011403
8 0.011372
81 0.011586
1 0.011516
50 0.011385
18 0.011573
29 0.011516
40 0.011379
67 0.011288
84 0.011600
69 0.011426
66 0.011609
41 0.011353
19 0.011602
35 0.011680
71 0.011583
36 0.011371
57 0.011480
46 0.011525
17 0.011688
23 0.011558
49 0.011438
31 0.011560
64 0.011454
42 0.011633
34 0.011645
25 0.011526
2 0.011585
16508 0.000001
142 88
23 0.011468
67 0.011620
20 0.011555
8 0.011483
81 0.011607
52 0.011518
45 0.011451
26 0.011452
30 0.011389
70 0.011618
58 0.011692
63 0.011494
34 0.011361
88 0.011681
82 0.011594
43 0.011513
38 0.011441
75 0.011597
16 0.011666
46 0.011400
35 0.011547
68 0.011504
27 0.011596
85 0.011548
50 0.011394
78 0.011374
72 0.011633
62 0.011373
79 0.011483
56 0.011486
14 0.011630
41 0.011676
5 0.011396
55 0.011495
31 0.011661
66 0.011428
71 0.011717
1 0.011514
73 0.011480
25 0.011534
54 0.011403
6 0.011607
59 0.011339
2 0.011343
24 0.011268
65 0.011410
86 0.011123
29 0.011752
13 0.011645
64 0.011374
39 0.011514
76 0.011381
48 0.011319
19 0.011547
87 0.011458
84 0.011572
51 0.011487
40 0.011504
17 0.011552
53 0.011323
28 0.011447
15 0.011476
57 0.011557
21 0.011361
11 0.011358
32 0.011287
10 0.011476
9 0.011531
61 0.011526
47 0.011513
80 0.011382
22 0.011600
33 0.011542
83 0.011631
49 0.011633
4 0.011445
18 0.011534
37 0.011462
42 0.011447
77 0.011562
60 0.011469
74 0.011443
3 0.011565
12 0.011270
69 0.011549
7 0.011518
36 0.011425
7139 0.000001
515 88
43 0.011411
56 0.011416
11 0.011630
35 0.011427
20 0.011532
6 0.011371
70 0.011315
79 0.011381
55 0.011536
8 0.011340
59 0.011556
65 0.011508
62 0.011474
9 0.011471
61 0.011406
68 0.011448
10 0.011398
83 0.011655
16 0.011456
51 0.011686
41 0.011682
88 0.011315
14 0.011412
47 0.011374
38 0.011481
57 0.011303
73 0.011445
60 0.011349
64 0.011686
46 0.011650
63 0.011639
58 0.011585
18 0.011438
48 0.011564
4 0.011424
29 0.011575
49 0.011432
37 0.011494
42 0.011487
15 0.011425
52 0.011288
5 0.011557
74 0.011540
23 0.011502
50 0.011423
82 0.011593
84 0.011556
36 0.011566
40 0.011345
66 0.011431
33 0.011531
24 0.011508
53 0.011544
87 0.011501
71 0.011450
85 0.011504
32 0.011493
30 0.011590
31 0.011454
13 0.011446
26 0.011586
27 0.011486
76 0.011453
25 0.011545
17 0.011293
22 0.011686
75 0.011544
77 0.011432
3 0.011420
2 0.011624
34 0.011475
28 0.011485
54 0.011379
19 0.011645
12 0.011470
7 0.011537
81 0.011281
21 0.011463
39 0.011491
78 0.011437
1 0.011516
80 0.011652
72 0.011508
44 0.011538
69 0.011652
86 0.011806
67 0.011596
9322 0.000001
496 88
14 0.011554
35 0.011393
41 0.011479
51 0.011570
4 0.011468
26 0.011498
70 0.011554
20 0.011623
16 0.011510
58 0.011474
31 0.011415
38 0.011427
45 0.011566
11 0.011616
66 0.011491
79 0.011506
77 0.011598
80 0.011448
69 0.011539
29 0.011439
17 0.011558
15 0.011458
67 0.011512
40 0.011292
22 0.011578
85 0.011484
5 0.011420
73 0.011757
63 0.011462
3 0.011527
84 0.011581
30 0.011612
88 0.011468
28 0.011413
60 0.011553
33 0.011499
83 0.011699
43 0.011575
53 0.011542
65 0.011461
2 0.011543
62 0.011500
18 0.011542
87 0.011455
68 0.011451
61 0.011353
56 0.011603
82 0.011428
13 0.011717
54 0.011453
49 0.011383
7 0.011395
59 0.011470
24 0.011503
48 0.011437
37 0.011353
47 0.011511
21 0.011386
75 0.011482
81 0.011713
12 0.011499
34 0.011464
1 0.011398
36 0.011459
57 0.011257
52 0.011548
44 0.011694
55 0.011462
32 0.011359
76 0.011473
86 0.011401
42 0.011555
19 0.011500
78 0.011491
25 0.011441
64 0.011552
23 0.011425
9 0.011259
72 0.011457
27 0.011551
39 0.011556
74 0.011458
8 0.011532
71 0.011359
6 0.011386
10 0.011614
50 0.011552
7418 0.000001
933 88
9 0.011553
48 0.011634
41 0.011569
69 0.011494
37 0.011600
12 0.011500
64 0.011644
78 0.011457
19 0.011589
25 0.011414
5 0.011654
27 0.011453
59 0.011602
4 0.011400
85 0.011697
30 0.011404
45 0.011599
87 0.011305
77 0.011508
68 0.011496
79 0.011466
40 0.011371
13 0.011522
31 0.011434
10 0.011432
7 0.011529
2 0.011425
58 0.011354
17 0.011431
84 0.011437
71 0.011360
63 0.011500
42 0.011389
56 0.011406
29 0.011475
23 0.011589
66 0.011478
74 0.011682
52 0.011772
26 0.011621
67 0.011488
61 0.011360
35 0.011567
24 0.011597
83 0.011531
49 0.011693
1 0.011456
22 0.011542
76 0.011567
18 0.011553
8 0.011557
54 0.011507
44 0.011478
72 0.011362
73 0.011559
46 0.011873
38 0.011444
3 0.011458
65 0.011512
32 0.011494
82 0.011455
33 0.011361
81 0.011575
11 0.011521
50 0.011295
53 0.011545
51 0.011502
70 0.011520
20 0.011396
43 0.011499
57 0.011400
16 0.011397
28 0.011422
75 0.011700
21 0.011349
34 0.011575
55 0.011598
80 0.011380
60 0.011390
36 0.011419
15 0.011369
39 0.011340
86 0.011487
6 0.011405
88 0.011452
14 0.011341
62 0.011463
24312 0.000001
811 88
7 0.011433
42 0.011559
15 0.011413
61 0.011625
5 0.011541
18 0.011343
4 0.011464
1 0.011540
32 0.011396
52 0.011456
65 0.011687
23 0.011451
88 0.011438
68 0.011697
70 0.011740
9 0.011454
29 0.011599
77 0.011545
21 0.011369
71 0.011539
57 0.011542
16 0.011376
35 0.011586
25 0.011379
81 0.011534
17 0.011736
27 0.011486
74 0.011536
80 0.011352
41 0.011491
54 0.011305
87 0.011638
2 0.011352
30 0.011412
34 0.011497
78 0.011420
10 0.011419
69 0.011586
62 0.011589
24 0.011427
64 0.011625
60 0.011614
66 0.011417
53 0.011497
22 0.011258
58 0.011536
11 0.011362
73 0.011436
49 0.011372
40 0.011539
20 0.011434
86 0.011696
13 0.011551
85 0.011686
51 0.011432
72 0.011414
46 0.011448
14 0.011556
82 0.011578
28 0.011360
67 0.011586
38 0.011466
8 0.011353
12 0.011468
37 0.011595
79 0.011378
56 0.011578
39 0.011485
36 0.011421
63 0.011536
76 0.011407
55 0.011481
45 0.011485
83 0.011522
47 0.011400
3 0.011551
44 0.011529
31 0.011449
84 0.011345
59 0.011417
50 0.011575
6 0.011454
26 0.011570
33 0.011618
19 0.011548
43 0.011464
75 0.011555
24939 0.000001
880 88
32 0.011352
68 0.011392
41 0.011459
15 0.011426
64 0.011628
40 0.011562
42 0.011383
87 0.011624
62 0.011604
67 0.011550
35 0.011486
82 0.011593
5 0.011393
46 0.011513
66 0.011450
6 0.011497
7 0.011525
78 0.011358
37 0.011650
31 0.011510
48 0.011431
25 0.011450
75 0.011583
71 0.011458
34 0.011467
55 0.011416
70 0.011436
74 0.011564
18 0.011442
16 0.011513
76 0.011609
77 0.011677
47 0.011600
36 0.011718
4 0.011666
22 0.011438
61 0.011320
51 0.011423
57 0.011425
73 0.011470
83 0.011389
1 0.011578
20 0.011648
28 0.011385
72 0.011431
86 0.011458
43 0.011440
56 0.011509
23 0.011593
69 0.011590
11 0.011477
12 0.011602
80 0.011571
27 0.011403
24 0.011457
8 0.011429
85 0.011499
19 0.011311
44 0.011404
54 0.011584
33 0.011571
59 0.011583
17 0.011401
26 0.011465
38 0.011407
30 0.011422
2 0.011532
29 0.011420
52 0.011498
63 0.011626
13 0.011597
88 0.011412
58 0.011547
50 0.011567
65 0.011343
14 0.011529
9 0.011574
79 0.011628
81 0.011367
84 0.011579
53 0.011380
10 0.011459
60 0.011555
45 0.011462
3 0.011339
39 0.011419
21 0.011498
5363 0.000001
854 88
78 0.011520
17 0.011609
82 0.011379
18 0.011395
7 0.011387
75 0.011560
12 0.011477
58 0.011394
40 0.011394
34 0.011713
37 0.011281
30 0.011425
26 0.011505
43 0.011628
81 0.011662
65 0.011507
76 0.011449
16 0.011502
21 0.011421
88 0.011634
20 0.011580
85 0.011324
41 0.011657
15 0.011297
57 0.011341
2 0.011317
74 0.011467
77 0.011262
39 0.011679
56 0.011403
29 0.011369
31 0.011384
64 0.011552
8 0.011370
53 0.011583
6 0.011441
63 0.011540
5 0.011408
54 0.011456
52 0.011402
42 0.011448
22 0.011580
51 0.011496
28 0.011471
80 0.011577
13 0.011387
49 0.011549
44 0.011487
10 0.011609
84 0.011516
59 0.011588
60 0.011610
45 0.011549
3 0.011351
46 0.011548
69 0.011656
47 0.011357
67 0.011638
19 0.011478
36 0.011473
61 0.011472
71 0.011525
87 0.011744
79 0.011612
83 0.011533
11 0.011566
14 0.011385
33 0.011663
23 0.011664
9 0.011527
70 0.011459
27 0.011583
24 0.011473
68 0.011318
48 0.011516
72 0.011362
66 0.011608
55 0.011500
35 0.011400
25 0.011286
1 0.011585
62 0.011739
86 0.011433
4 0.011458
73 0.011468
38 0.011619
32 0.011459
6170 0.000001
988 88
50 0.011406
55 0.011494
29 0.011569
43 0.011640
11 0.011393
16 0.011511
62 0.011563
70 0.011473
6 0.011493
69 0.011463
71 0.011372
59 0.011355
63 0.011665
17 0.011291
58 0.011619
88 0.011512
74 0.011677
39 0.011529
8 0.011573
45 0.011487
85 0.011529
4 0.011697
80 0.011345
20 0.011446
53 0.011548
18 0.011548
36 0.011444
49 0.011331
64 0.011404
15 0.011445
3 0.011452
7 0.011566
33 0.011509
35 0.011511
42 0.011374
83 0.011506
75 0.011556
23 0.011440
30 0.011564
73 0.011663
21 0.011389
22 0.011513
65 0.011578
47 0.011460
9 0.011648
32 0.011574
60 0.011557
66 0.011487
46 0.011374
78 0.011646
84 0.011399
5 0.011505
13 0.011456
25 0.011512
79 0.011545
61 0.011570
12 0.011596
31 0.011482
82 0.011554
87 0.011487
41 0.011573
19 0.011292
14 0.011340
28 0.011211
27 0.011458
86 0.011544
10 0.011608
81 0.011638
72 0.011430
38 0.011397
48 0.011263
34 0.011409
40 0.011494
24 0.011486
56 0.011527
67 0.011481
44 0.011589
76 0.011392
2 0.011444
52 0.011614
57 0.011628
54 0.011405
1 0.011462
37 0.011608
77 0.011507
68 0.011424
26 0.011480
5227 0.000001
562 88
78 0.011347
31 0.011514
76 0.011657
33 0.011248
68 0.011586
8 0.011734
53 0.011439
3 0.011404
65 0.011632
10 0.011351
59 0.011456
42 0.011441
47 0.011440
43 0.011491
75 0.011370
34 0.011518
50 0.011541
4 0.011663
21 0.011403
83 0.011556
46 0.011465
56 0.011436
54 0.011491
30 0.011460
82 0.011401
15 0.011558
28 0.011724
60 0.011447
19 0.011658
67 0.011592
64 0.011349
16 0.011355
37 0.011640
73 0.011472
86 0.011623
87 0.011459
51 0.011377
72 0.011365
80 0.011553
24 0.011527
88 0.011542
40 0.011493
71 0.011547
18 0.011707
5 0.011460
36 0.011715
39 0.011576
7 0.011699
26 0.011524
29 0.011359
35 0.011376
32 0.011488
6 0.011543
41 0.011520
2 0.011593
84 0.011353
85 0.011513
11 0.011515
22 0.011476
74 0.011732
70 0.011366
9 0.011508
27 0.011354
62 0.011444
61 0.011578
79 0.011526
20 0.011591
57 0.011352
66 0.011491
45 0.011463
23 0.011357
81 0.011426
13 0.011561
77 0.011491
44 0.011431
69 0.011366
1 0.011507
63 0.011672
49 0.011532
58 0.011538
17 0.011457
25 0.011281
12 0.011534
48 0.011568
38 0.011479
55 0.011390
14 0.011262
24619 0.000001
344 88
85 0.011452
18 0.011624
67 0.011473
14 0.011330
43 0.011668
24 0.011519
28 0.011448
75 0.011688
19 0.011467
7 0.011488
1 0.011484
76 0.011348
64 0.011528
4 0.011489
84 0.011449
48 0.011561
27 0.011625
66 0.011448
78 0.011440
61 0.011486
51 0.011560
36 0.011378
21 0.011483
45 0.011363
31 0.011653
77 0.011556
20 0.011563
52 0.011471
16 0.011577
32 0.011274
26 0.011507
39 0.011381
22 0.011432
79 0.011329
47 0.011283
9 0.011525
80 0.011692
30 0.011446
5 0.011485
59 0.011338
41 0.011550
17 0.011457
86 0.011350
81 0.011632
25 0.011554
69 0.011432
63 0.011536
46 0.011442
34 0.011457
72 0.011321
55 0.011540
71 0.011615
8 0.011501
74 0.011624
15 0.011604
58 0.011555
13 0.011433
70 0.011535
50 0.011423
73 0.011536
10 0.011496
23 0.011439
62 0.011689
11 0.011604
65 0.011401
82 0.011604
3 0.011530
42 0.011510
6 0.011458
2 0.011483
40 0.011523
87 0.011684
49 0.011337
12 0.011527
37 0.011431
35 0.011517
57 0.011615
33 0.011533
83 0.011589
60 0.011409
68 0.011361
88 0.011453
44 0.011441
54 0.011368
38 0.011439
56 0.011577
29 0.011573
4267 0.000001
78 88
29 0.011419
32 0.011591
81 0.011361
30 0.011643
55 0.011569
85 0.011325
3 0.011563
14 0.011472
67 0.011662
83 0.011473
58 0.011542
43 0.011349
34 0.011531
11 0.011511
80 0.011418
8 0.011534
48 0.011407
41 0.011714
79 0.011514
72 0.011393
69 0.011454
65 0.011470
76 0.011411
60 0.011428
70 0.011520
31 0.011353
12 0.011641
87 0.011386
37 0.011428
1 0.011393
44 0.011533
9 0.011425
73 0.011635
5 0.011352
74 0.011422
49 0.011241
38 0.011590
71 0.011431
53 0.011542
78 0.011410
10 0.011382
26 0.011408
82 0.011515
16 0.011622
45 0.011462
27 0.011512
51 0.011444
52 0.011644
22 0.011438
13 0.011537
17 0.011489
2 0.011588
7 0.011381
35 0.011560
59 0.011548
15 0.011394
75 0.011501
66 0.011658
28 0.011453
47 0.011486
18 0.011438
33 0.011464
4 0.011602
19 0.011578
77 0.011564
62 0.011549
24 0.011532
68 0.011569
88 0.011406
84 0.011367
36 0.011519
6 0.011545
20 0.011513
25 0.011534
46 0.011453
21 0.011462
50 0.011618
57 0.011593
40 0.011561
42 0.011384
86 0.011492
23 0.011523
63 0.011624
61 0.011417
56 0.011453
64 0.011529
39 0.011632
17671 0.000001
588 88
5 0.011460
23 0.011472
10 0.011423
7 0.011287
38 0.011398
24 0.011646
81 0.011454
57 0.011604
2 0.011559
29 0.011559
56 0.011412
1 0.011640
11 0.011545
46 0.011419
15 0.011542
71 0.011470
43 0.011571
36 0.011556
49 0.011593
32 0.011535
84 0.011478
65 0.011349
20 0.011612
31 0.011571
25 0.011480
35 0.011646
21 0.011440
72 0.011250
76 0.011612
44 0.011433
17 0.011321
61 0.011311
3 0.011485
13 0.011548
67 0.011497
33 0.011490
40 0.011329
83 0.011457
79 0.011526
85 0.011782
80 0.011507
37 0.011478
45 0.011534
70 0.011410
64 0.011476
28 0.011340
16 0.011395
51 0.011528
12 0.011436
47 0.011375
34 0.011324
19 0.011190
14 0.011572
52 0.011416
60 0.011669
78 0.011576
4 0.011485
68 0.011339
75 0.011511
53 0.011797
6 0.011636
48 0.011429
27 0.011344
41 0.011715
87 0.011408
39 0.011429
88 0.011497
66 0.011516
82 0.011603
62 0.011399
63 0.011455
54 0.011515
30 0.011566
86 0.011414
8 0.011497
77 0.011446
9 0.011443
74 0.011740
42 0.011487
69 0.011577
22 0.011371
18 0.011617
59 0.011631
58 0.011577
50 0.011509
26 0.011577
73 0.011481
592 0.000001
35 88
10 0.011494
1 0.011491
37 0.011527
34 0.011544
46 0.011292
7 0.011603
17 0.011461
62 0.011433
53 0.011479
58 0.011596
68 0.011481
75 0.011574
32 0.011461
51 0.011514
39 0.011479
73 0.011593
30 0.011488
3 0.011449
57 0.011642
86 0.011451
41 0.011613
14 0.011497
15 0.011361
72 0.011621
44 0.011685
27 0.011445
28 0.011324
47 0.011591
65 0.011710
52 0.011404
45 0.011572
25 0.011552
61 0.011462
24 0.011234
2 0.011568
6 0.011398
85 0.011664
83 0.011532
59 0.011621
26 0.011490
48 0.011348
23 0.011428
36 0.011555
49 0.011590
80 0.011505
13 0.011541
16 0.011412
31 0.011631
43 0.011371
42 0.011493
84 0.011709
81 0.011339
88 0.011509
69 0.011333
8 0.011428
11 0.011530
63 0.011532
4 0.011546
66 0.011591
5 0.011525
74 0.011280
9 0.011435
20 0.011356
71 0.011640
64 0.011476
19 0.011436
87 0.011559
54 0.011500
76 0.011346
33 0.011508
77 0.011512
78 0.011564
35 0.011426
55 0.011503
67 0.011524
50 0.011476
82 0.011382
79 0.011561
18 0.011600
60 0.011389
29 0.011398
21 0.011568
22 0.011489
70 0.011389
38 0.011407
40 0.011508
12 0.011455
20994 0.000001
545 88
63 0.011544
53 0.011438
39 0.011516
42 0.011593
85 0.011518
41 0.011610
60 0.011641
64 0.011587
19 0.011428
58 0.011578
35 0.011372
81 0.011518
30 0.011465
37 0.011602
33 0.011478
14 0.011477
31 0.011390
79 0.011292
67 0.011301
55 0.011464
68 0.011521
27 0.011390
82 0.011417
5 0.011646
78 0.011702
86 0.011235
40 0.011686
24 0.011571
20 0.011411
44 0.011511
6 0.011566
52 0.011734
12 0.011595
46 0.011547
69 0.011481
84 0.011462
21 0.011527
74 0.011640
70 0.011623
1 0.011482
73 0.011544
16 0.011365
4 0.011323
25 0.011458
26 0.011473
80 0.011453
77 0.011489
83 0.011695
75 0.011432
22 0.011471
59 0.011357
66 0.011438
48 0.011486
54 0.011611
71 0.011622
13 0.011427
3 0.011696
28 0.011683
11 0.011470
7 0.011479
51 0.011473
72 0.011421
43 0.011448
32 0.011461
38 0.011508
65 0.011425
10 0.011416
49 0.011469
23 0.011575
50 0.011459
56 0.011433
36 0.011386
8 0.011388
15 0.011474
17 0.011597
34 0.011282
45 0.011371
18 0.011501
9 0.011315
88 0.011449
76 0.011631
61 0.011448
87 0.011489
2 0.011426
62 0.011500
47 0.011396
29 0.011727
4918 0.000001
648 88
80 0.011370
53 0.011463
88 0.011319
61 0.011585
48 0.011520
5 0.011434
26 0.011511
32 0.011730
65 0.011585
57 0.011783
59 0.011376
62 0.011600
44 0.011512
79 0.011368
63 0.011564
71 0.011536
52 0.011581
51 0.011640
72 0.011667
41 0.011408
81 0.011450
37 0.011466
83 0.011673
70 0.011569
75 0.011571
78 0.011453
38 0.011504
19 0.011486
69 0.011572
9 0.011567
56 0.011462
33 0.011690
55 0.011499
13 0.011520
18 0.011554
15 0.011384
10 0.011545
74 0.011567
17 0.011463
42 0.011557
14 0.011398
46 0.011548
7 0.011466
64 0.011365
87 0.011473
24 0.011529
82 0.011374
11 0.011524
85 0.011410
39 0.011435
50 0.011437
34 0.011642
3 0.011479
2 0.011438
8 0.011417
31 0.011574
22 0.011453
29 0.011480
36 0.011338
76 0.011685
60 0.011360
21 0.011356
68 0.011472
45 0.011578
6 0.011314
47 0.011585
66 0.011536
30 0.011608
86 0.011440
84 0.011281
40 0.011462
20 0.011413
49 0.011277
28 0.011413
4 0.011457
16 0.011462
27 0.011410
43 0.011577
54 0.011574
12 0.011677
77 0.011504
1 0.011261
23 0.011512
67 0.011540
35 0.011544
25 0.011350
73 0.011467
22345 0.000001
671 88
56 0.011556
23 0.011399
87 0.011547
76 0.011383
49 0.011544
42 0.011466
22 0.011660
15 0.011402
28 0.011638
32 0.011446
4 0.011500
66 0.011529
71 0.011508
53 0.011535
58 0.011453
48 0.011556
41 0.011393
31 0.011322
72 0.011587
17 0.011214
26 0.011657
79 0.011504
63 0.011511
16 0.011622
14 0.011424
64 0.011542
50 0.011545
81 0.011350
34 0.011593
70 0.011337
19 0.011457
9 0.011511
21 0.011507
10 0.011501
67 0.011520
3 0.011642
47 0.011608
8 0.011602
51 0.011593
7 0.011617
88 0.011429
61 0.011685
2 0.011249
65 0.011447
46 0.011471
5 0.011442
84 0.011555
52 0.011382
77 0.011530
29 0.011524
38 0.011627
44 0.011530
6 0.011513
12 0.011640
30 0.011509
73 0.011485
1 0.011339
85 0.011532
11 0.011407
54 0.011535
74 0.011429
36 0.011408
57 0.011635
86 0.011563
80 0.011461
35 0.011471
83 0.011625
62 0.011570
20 0.011557
69 0.011613
24 0.011391
82 0.011556
75 0.011390
33 0.011502
60 0.011553
45 0.011371
55 0.011297
13 0.011366
25 0.011524
39 0.011314
68 0.011470
18 0.011320
43 0.011536
40 0.011697
37 0.011472
27 0.011363
78 0.011433
7050 0.000001
758 88
19 0.011441
33 0.011662
80 0.011527
86 0.011581
11 0.011381
1 0.011537
38 0.011449
36 0.011329
81 0.011623
53 0.011507
23 0.011571
29 0.011605
4 0.011482
68 0.011340
65 0.011505
26 0.011670
32 0.011750
47 0.011217
78 0.011262
35 0.011394
12 0.011559
46 0.011392
59 0.011498
22 0.011640
17 0.011357
74 0.011279
7 0.011407
48 0.011315
50 0.011352
72 0.011525
42 0.011410
79 0.011583
37 0.011345
71 0.011527
6 0.011501
45 0.011618
69 0.011787
56 0.011617
25 0.011409
61 0.011503
39 0.011588
18 0.011413
64 0.011421
10 0.011508
9 0.011548
8 0.011376
63 0.011454
84 0.011487
82 0.011484
31 0.011536
40 0.011495
66 0.011476
14 0.011485
34 0.011486
62 0.011453
28 0.011604
21 0.011232
87 0.011463
58 0.011457
77 0.011573
43 0.011490
54 0.011461
13 0.011443
52 0.011658
41 0.011380
20 0.011582
55 0.011411
67 0.011591
75 0.011593
76 0.011383
3 0.011490
51 0.011424
57 0.011577
2 0.011660
73 0.011673
15 0.011523
49 0.011484
5 0.011557
70 0.011614
30 0.011496
83 0.011356
44 0.011502
24 0.011578
88 0.011524
85 0.011565
27 0.011616
16 0.011372
2454 0.000001
37 88
68 0.011529
48 0.011381
73 0.011416
44 0.011501
66 0.011621
34 0.011526
32 0.011377
28 0.011513
40 0.011545
59 0.011426
53 0.011453
78 0.011750
35 0.011442
43 0.011409
57 0.011349
20 0.011477
84 0.011549
42 0.011426
76 0.011425
54 0.011555
87 0.011511
74 0.011665
75 0.011381
36 0.011487
50 0.011547
62 0.011447
15 0.011564
69 0.011365
12 0.011512
41 0.011450
82 0.011462
33 0.011267
52 0.011776
19 0.011425
27 0.011463
5 0.011496
47 0.011638
71 0.011243
83 0.011566
6 0.011639
18 0.011772
30 0.011583
8 0.011358
72 0.011495
16 0.011490
88 0.011479
65 0.011414
17 0.011281
49 0.011767
63 0.011449
37 0.011608
80 0.011426
2 0.011465
24 0.011705
55 0.011565
7 0.011441
77 0.011539
79 0.011513
51 0.011250
22 0.011290
39 0.011519
58 0.011638
3 0.011373
29 0.011508
4 0.011504
70 0.011453
60 0.011391
9 0.011594
14 0.011507
26 0.011267
1 0.011455
11 0.011539
45 0.011420
25 0.011514
38 0.011559
64 0.011479
13 0.011555
21 0.011626
56 0.011367
85 0.011581
81 0.011361
46 0.011376
23 0.011638
86 0.011742
67 0.011541
31 0.011468
10 0.011560
19985 0.000001
164 88
67 0.011398
43 0.011697
15 0.011485
33 0.011575
52 0.011449
36 0.011467
20 0.011399
64 0.011583
74 0.011337
77 0.011520
49 0.011570
7 0.011307
29 0.011695
24 0.011493
76 0.011432
10 0.011423
53 0.011539
83 0.011301
3 0.011408
2 0.011525
16 0.011381
39 0.011461
8 0.011456
88 0.011618
59 0.011738
28 0.011386
58 0.011614
72 0.011595
79 0.011674
27 0.011534
25 0.011633
45 0.011463
37 0.011457
21 0.011534
78 0.011402
55 0.011615
44 0.011593
57 0.011320
5 0.011488
61 0.011478
51 0.011462
26 0.011539
14 0.011496
34 0.011262
60 0.011496
66 0.011630
86 0.011333
6 0.011434
41 0.011454
13 0.011539
48 0.011563
4 0.011634
63 0.011465
69 0.011330
47 0.011488
18 0.011403
50 0.011408
75 0.011598
32 0.011571
84 0.011410
38 0.011424
80 0.011343
17 0.011439
22 0.011450
85 0.011507
82 0.011528
35 0.011490
31 0.011541
12 0.011400
19 0.011590
70 0.011553
68 0.011605
71 0.011586
73 0.011547
65 0.011415
46 0.011681
56 0.011633
23 0.011389
40 0.011468
1 0.011547
9 0.011372
81 0.011524
87 0.011376
30 0.011657
54 0.011385
42 0.011564
11 0.011427
18483 0.000001
667 88
18 0.011413
29 0.011490
1 0.011413
64 0.011715
38 0.011512
56 0.011561
45 0.011310
27 0.011494
30 0.011514
15 0.011442
78 0.011517
82 0.011331
65 0.011490
85 0.011522
43 0.011437
23 0.011561
86 0.011578
24 0.011667
14 0.011523
81 0.011576
60 0.011417
52 0.011520
83 0.011484
32 0.011648
72 0.011552
20 0.011483
46 0.011345
6 0.011342
76 0.011564
5 0.011644
74 0.011482
9 0.011307
28 0.011482
48 0.011438
51 0.011525
11 0.011433
26 0.011519
3 0.011561
49 0.011521
70 0.011503
54 0.011455
73 0.011502
35 0.011493
41 0.011446
67 0.011370
7 0.011407
79 0.011477
39 0.011608
69 0.011568
8 0.011417
57 0.011531
87 0.011424
61 0.011455
53 0.011499
42 0.011573
13 0.011575
10 0.011378
75 0.011462
58 0.011477
25 0.011546
33 0.011456
4 0.011349
88 0.011602
80 0.011464
37 0.011377
77 0.011422
16 0.011711
50 0.011491
84 0.011457
19 0.011482
34 0.011643
68 0.011463
62 0.011422
17 0.011471
2 0.011397
31 0.011471
22 0.011446
59 0.011552
55 0.011599
44 0.011570
21 0.011662
36 0.011461
66 0.011419
12 0.011777
40 0.011335
71 0.011510
47 0.011491
20174 0.000001
963 88
40 0.011386
78 0.011340
28 0.011544
57 0.011422
38 0.011471
37 0.011598
75 0.011327
6 0.011457
34 0.011441
66 0.011819
84 0.011550
81 0.011429
33 0.011660
15 0.011380
85 0.011754
14 0.011537
41 0.011377
18 0.011570
17 0.011458
46 0.011234
53 0.011364
12 0.011358
60 0.011389
58 0.011620
65 0.011487
55 0.011378
20 0.011565
35 0.011633
69 0.011400
88 0.011626
44 0.011543
39 0.011471
83 0.011350
21 0.011418
82 0.011494
42 0.011433
1 0.011462
10 0.011384
61 0.011474
86 0.011503
62 0.011596
45 0.011277
16 0.011335
30 0.011459
9 0.011560
3 0.011472
48 0.011459
36 0.011415
19 0.011563
26 0.011408
43 0.011524
24 0.011481
79 0.011472
2 0.011581
52 0.011501
8 0.011478
73 0.011488
70 0.011786
27 0.011545
59 0.011430
50 0.011372
29 0.011452
23 0.011341
49 0.011486
68 0.011540
5 0.011606
87 0.011506
77 0.011432
72 0.011457
56 0.011670
32 0.011464
11 0.011526
7 0.011399
80 0.011476
54 0.011589
71 0.011506
67 0.011747
51 0.011369
47 0.011489
4 0.011445
31 0.011709
63 0.011574
74 0.011459
25 0.011703
13 0.011602
76 0.011708
22 0.011436
18479 0.000001
930 88
87 0.011526
40 0.011422
68 0.011466
71 0.011581
49 0.011495
39 0.011534
15 0.011355
82 0.011507
25 0.011464
1 0.011479
38 0.011375
10 0.011376
14 0.011525
84 0.011480
86 0.011522
55 0.011262
43 0.011523
62 0.011299
36 0.011741
61 0.011490
57 0.011450
45 0.011652
5 0.011682
28 0.011380
64 0.011351
48 0.011511
47 0.011408
23 0.011497
2 0.011425
60 0.011413
46 0.011568
42 0.011540
74 0.011339
32 0.011545
77 0.011606
17 0.011615
37 0.011704
11 0.011603
81 0.011433
13 0.011577
9 0.011467
70 0.011518
75 0.011440
54 0.011446
33 0.011740
44 0.011625
69 0.011633
80 0.011523
29 0.011496
35 0.011551
12 0.011607
19 0.011532
41 0.011440
18 0.011612
66 0.011417
88 0.011506
63 0.011357
21 0.011478
67 0.011491
26 0.011487
73 0.011519
59 0.011218
6 0.011448
76 0.011453
50 0.011545
51 0.011414
53 0.011575
52 0.011363
56 0.011554
4 0.011440
31 0.011408
3 0.011393
22 0.011452
20 0.011434
79 0.011477
78 0.011461
34 0.011734
24 0.011390
30 0.011459
8 0.011387
7 0.011572
85 0.011561
16 0.011408
27 0.011659
58 0.011583
72 0.011502
83 0.011503
15704 0.000001
346 88
38 0.011494
6 0.011278
65 0.011374
68 0.011499
20 0.011494
76 0.011525
25 0.011341
31 0.011460
46 0.011496
70 0.011438
87 0.011496
53 0.011440
15 0.011315
64 0.011428
23 0.011383
83 0.011314
75 0.011533
51 0.011533
4 0.011389
13 0.011529
57 0.011381
42 0.011508
26 0.011488
62 0.011577
34 0.011516
47 0.011404
29 0.011569
58 0.011448
10 0.011395
81 0.011539
16 0.011553
43 0.011564
73 0.011469
27 0.011585
5 0.011519
12 0.011678
50 0.011402
8 0.011466
33 0.011274
37 0.011522
21 0.011379
82 0.011406
54 0.011470
28 0.011380
40 0.011585
14 0.011453
17 0.011332
72 0.011476
85 0.011677
41 0.011358
11 0.011530
45 0.011524
32 0.011454
77 0.011484
30 0.011567
22 0.011721
2 0.011597
19 0.011389
49 0.011691
59 0.011569
1 0.011718
56 0.011709
63 0.011511
3 0.011244
39 0.011459
35 0.011325
61 0.011685
67 0.011521
80 0.011390
84 0.011515
88 0.011583
79 0.011709
71 0.011531
78 0.011713
55 0.011510
18 0.011670
48 0.011513
44 0.011430
9 0.011438
7 0.011628
24 0.011413
52 0.011420
86 0.011481
69 0.011488
74 0.011670
36 0.011582
60 0.011485
10203 0.000001
634 88
18 0.011313
22 0.011504
23 0.011440
16 0.011528
9 0.011492
2 0.011542
39 0.011606
62 0.011436
52 0.011458
55 0.011659
3 0.011525
75 0.011262
24 0.011662
44 0.011397
40 0.011552
15 0.011351
32 0.011465
45 0.011546
54 0.011564
64 0.011488
80 0.011303
43 0.011456
12 0.011583
61 0.011324
50 0.011370
79 0.011429
37 0.011656
58 0.011588
59 0.011512
56 0.011413
83 0.011612
26 0.011310
63 0.011558
76 0.011444
21 0.011612
49 0.011564
73 0.011452
86 0.011409
78 0.011563
5 0.011450
88 0.011629
41 0.011376
47 0.011464
77 0.011539
30 0.011556
11 0.011381
65 0.011372
70 0.011528
71 0.011377
10 0.011408
13 0.011694
66 0.011540
48 0.011470
46 0.011659
57 0.011309
25 0.011587
69 0.011383
17 0.011552
14 0.011639
31 0.011751
4 0.011475
8 0.011284
87 0.011434
81 0.011493
84 0.011445
36 0.011729
68 0.011867
38 0.011452
20 0.011542
72 0.011404
42 0.011625
28 0.011488
82 0.011370
1 0.011461
29 0.011564
7 0.011485
35 0.011558
6 0.011526
74 0.011230
85 0.011354
19 0.011686
34 0.011684
53 0.011433
51 0.011288
60 0.011504
27 0.011523
33 0.011483
2888 0.000001
178 88
66 0.011350
65 0.011364
28 0.011442
87 0.011375
63 0.011553
35 0.011428
67 0.011391
39 0.011413
49 0.011517
14 0.011336
50 0.011578
46 0.011392
32 0.011303
26 0.011402
27 0.011427
75 0.011440
59 0.011430
25 0.011538
19 0.011509
82 0.011417
21 0.011478
4 0.011453
71 0.011549
41 0.011650
47 0.011429
61 0.011606
77 0.011354
79 0.011410
43 0.011583
74 0.011526
8 0.011452
73 0.011453
88 0.011457
18 0.011435
72 0.011471
23 0.011483
40 0.011613
45 0.011388
60 0.011535
80 0.011556
69 0.011600
16 0.011350
9 0.011598
33 0.011319
55 0.011641
81 0.011375
58 0.011488
34 0.011538
3 0.011567
29 0.011308
7 0.011609
1 0.011397
51 0.011500
84 0.011444
54 0.011543
37 0.011676
76 0.011572
5 0.011605
83 0.011478
24 0.011557
64 0.011464
57 0.011589
85 0.011586
17 0.011524
38 0.011625
2 0.011453
13 0.011552
12 0.011617
62 0.011430
10 0.011437
36 0.011576
70 0.011853
11 0.011496
86 0.011374
31 0.011577
6 0.011486
15 0.011763
56 0.011414
22 0.011616
44 0.011425
53 0.011456
48 0.011533
42 0.011501
52 0.011549
30 0.011661
20 0.011385
78 0.011406
16645 0.000001
250 88
49 0.011597
18 0.011580
30 0.011613
5 0.011473
55 0.011504
77 0.011578
33 0.011556
80 0.011512
48 0.011558
51 0.011502
24 0.011498
58 0.011428
21 0.011395
44 0.011507
9 0.011500
72 0.011471
20 0.011447
67 0.011527
85 0.011479
83 0.011762
2 0.011646
79 0.011572
38 0.011631
50 0.011359
45 0.011146
15 0.011466
26 0.011673
74 0.011519
86 0.011396
19 0.011543
84 0.011474
11 0.011437
56 0.011587
40 0.011358
3 0.011568
32 0.011424
73 0.011630
23 0.011445
8 0.011579
78 0.011444
27 0.011552
46 0.011380
76 0.011638
17 0.011384
37 0.011446
61 0.011405
75 0.011376
28 0.011527
87 0.011515
36 0.011296
54 0.011317
25 0.011559
66 0.011414
22 0.011550
52 0.011671
82 0.011441
4 0.011545
60 0.011547
7 0.011290
12 0.011293
71 0.011435
65 0.011383
10 0.011468
70 0.011380
34 0.011484
47 0.011420
39 0.011646
88 0.011566
53 0.011511
59 0.011501
63 0.011558
14 0.011434
31 0.011616
41 0.011422
42 0.011610
68 0.011744
6 0.011459
43 0.011450
29 0.011406
81 0.011648
1 0.011531
64 0.011345
16 0.011482
35 0.011612
62 0.011426
13 0.011399
57 0.011533
20270 0.000001
442 88
42 0.011308
12 0.011426
83 0.011372
43 0.011383
19 0.011620
75 0.011586
58 0.011455
5 0.011524
87 0.011343
84 0.011365
29 0.011516
35 0.011437
41 0.011565
48 0.011496
50 0.011495
10 0.011496
11 0.011599
13 0.011692
67 0.011456
60 0.011465
15 0.011458
26 0.011766
25 0.011578
2 0.011505
45 0.011635
1 0.011551
82 0.011434
80 0.011384
85 0.011614
9 0.011535
88 0.011434
53 0.011679
74 0.011710
71 0.011358
37 0.011241
73 0.011366
65 0.011550
56 0.011627
59 0.011354
49 0.011452
22 0.011308
17 0.011465
62 0.011415
47 0.011499
78 0.011455
36 0.011503
23 0.011435
63 0.011552
68 0.011512
33 0.011449
24 0.011570
61 0.011482
51 0.011432
46 0.011498
40 0.011598
52 0.011479
44 0.011516
8 0.011478
3 0.011397
6 0.011624
39 0.011518
54 0.011301
79 0.011617
4 0.011362
69 0.011533
7 0.011403
66 0.011613
31 0.011548
57 0.011401
72 0.011504
38 0.011583
76 0.011554
30 0.011409
64 0.011533
55 0.011529
27 0.011445
77 0.011496
34 0.011452
16 0.011649
32 0.011584
86 0.011530
81 0.011318
14 0.011398
20 0.011501
18 0.011500
21 0.011497
28 0.011724
5302 0.000001
418 88
68 0.011585
80 0.011552
42 0.011396
70 0.011479
33 0.011446
76 0.011471
78 0.011483
79 0.011488
65 0.011440
14 0.011461
23 0.011284
16 0.011547
52 0.011291
35 0.011592
11 0.011436
53 0.011509
24 0.011352
2 0.011451
32 0.011588
67 0.011477
47 0.011428
48 0.011484
12 0.011300
18 0.011519
82 0.011397
36 0.011743
51 0.011486
55 0.011363
57 0.011490
8 0.011555
15 0.011481
6 0.011591
17 0.011506
58 0.011540
1 0.011361
86 0.011461
73 0.011449
4 0.011589
38 0.011680
7 0.011420
10 0.011369
37 0.011630
74 0.011602
85 0.011429
9 0.011437
69 0.011451
60 0.011479
75 0.011338
54 0.011437
29 0.011610
21 0.011712
59 0.011502
46 0.011629
19 0.011365
49 0.011288
56 0.011549
88 0.011594
50 0.011638
43 0.011478
22 0.011507
27 0.011409
20 0.011539
72 0.011442
30 0.011769
66 0.011527
34 0.011505
63 0.011314
87 0.011566
39 0.011318
77 0.011575
41 0.011432
64 0.011425
3 0.011523
84 0.011740
26 0.011421
25 0.011319
83 0.011548
44 0.011432
61 0.011659
13 0.011414
81 0.011501
31 0.011637
62 0.011532
28 0.011598
5 0.011537
40 0.011607
45 0.011495
3498 0.000001
227 88
55 0.011241
62 0.011556
39 0.011560
26 0.011537
40 0.011383
42 0.011361
81 0.011399
57 0.011472
70 0.011591
45 0.011514
32 0.011560
56 0.011707
29 0.011610
30 0.011423
51 0.011552
27 0.011469
37 0.011477
8 0.011451
79 0.011476
9 0.011408
15 0.011620
83 0.011381
74 0.011430
77 0.011462
1 0.011373
54 0.011452
68 0.011218
36 0.011672
48 0.011405
53 0.011381
76 0.011542
2 0.011504
41 0.011628
31 0.011569
5 0.011411
38 0.011531
47 0.011451
50 0.011466
44 0.011405
61 0.011626
80 0.011556
86 0.011517
60 0.011644
18 0.011612
43 0.011607
82 0.011597
33 0.011609
63 0.011583
78 0.011575
12 0.011393
3 0.011387
71 0.011498
28 0.011455
7 0.011593
23 0.011670
20 0.011333
22 0.011402
64 0.011367
4 0.011534
52 0.011438
24 0.011538
65 0.011358
34 0.011451
16 0.011741
87 0.011327
58 0.011670
69 0.011396
88 0.011382
13 0.011488
59 0.011455
84 0.011451
85 0.011633
75 0.011538
19 0.011570
35 0.011679
25 0.011346
73 0.011621
14 0.011436
10 0.011300
21 0.011575
66 0.011586
46 0.011465
49 0.011446
17 0.011618
67 0.011583
6 0.011284
11 0.011418
19807 0.000001
875 88
16 0.011649
47 0.011230
22 0.011459
65 0.011571
58 0.011542
21 0.011590
19 0.011623
8 0.011499
38 0.011350
9 0.011417
72 0.011552
88 0.011509
20 0.011478
53 0.011468
70 0.011516
77 0.011531
45 0.011378
18 0.011493
78 0.011379
56 0.011479
13 0.011348
79 0.011555
48 0.011381
1 0.011549
10 0.011470
29 0.011339
46 0.011607
31 0.011514
69 0.011505
52 0.011468
51 0.011439
54 0.011424
15 0.011507
59 0.011629
42 0.011556
39 0.011405
2 0.011417
37 0.011560
40 0.011619
43 0.011766
35 0.011515
63 0.011473
67 0.011661
27 0.011520
64 0.011409
87 0.011481
30 0.011387
12 0.011509
76 0.011544
61 0.011508
34 0.011478
62 0.011472
74 0.011651
71 0.011600
36 0.011575
24 0.011561
86 0.011473
28 0.011475
81 0.011524
60 0.011376
44 0.011602
82 0.011383
83 0.011594
41 0.011429
49 0.011777
14 0.011634
17 0.011470
11 0.011343
23 0.011476
5 0.011297
68 0.011303
75 0.011406
4 0.011367
3 0.011452
6 0.011487
84 0.011662
25 0.011342
50 0.011473
85 0.011570
26 0.011553
33 0.011320
80 0.011646
7 0.011480
57 0.011660
32 0.011539
55 0.011419
66 0.011352
16518 0.000001
468 88
33 0.011307
11 0.011884
63 0.011412
55 0.011731
19 0.011404
20 0.011505
68 0.011612
3 0.011290
4 0.011567
22 0.011480
48 0.011405
62 0.011598
71 0.011490
42 0.011548
66 0.011340
24 0.011337
49 0.011652
37 0.011471
9 0.011474
41 0.011541
82 0.011460
50 0.011408
13 0.011304
25 0.011491
69 0.011580
30 0.011500
32 0.011425
61 0.011493
18 0.011470
36 0.011451
8 0.011530
84 0.011371
1 0.011517
7 0.011433
64 0.011317
39 0.011556
53 0.011260
12 0.011451
88 0.011647
34 0.011471
31 0.011320
67 0.011541
70 0.011513
78 0.011667
23 0.011481
76 0.011519
10 0.011657
72 0.011527
40 0.011519
47 0.011525
77 0.011443
35 0.011472
86 0.011370
29 0.011409
2 0.011377
21 0.011633
43 0.011536
44 0.011619
83 0.011549
15 0.011416
80 0.011572
51 0.011540
58 0.011655
14 0.011373
45 0.011489
81 0.011517
65 0.011623
6 0.011677
26 0.011615
79 0.011616
46 0.011303
52 0.011475
56 0.011462
16 0.011550
28 0.011428
27 0.011444
73 0.011235
5 0.011665
60 0.011564
59 0.011515
54 0.011626
85 0.011405
87 0.011496
38 0.011357
75 0.011571
57 0.011393
17 0.011557
18473 0.000001
901 88
29 0.011540
6 0.011604
20 0.011694
58 0.011677
9 0.011420
38 0.011343
49 0.011217
69 0.011347
15 0.011598
31 0.011521
65 0.011408
14 0.011451
61 0.011517
59 0.011564
71 0.011611
62 0.011535
34 0.011482
5 0.011503
79 0.011487
50 0.011509
52 0.011644
7 0.011427
8 0.011381
55 0.011668
51 0.011546
84 0.011414
73 0.011712
82 0.011644
57 0.011483
22 0.011497
64 0.011253
18 0.011483
85 0.011331
74 0.011391
39 0.011754
11 0.011725
26 0.011480
63 0.011454
16 0.011695
3 0.011633
23 0.011410
66 0.011354
76 0.011594
42 0.011296
36 0.011544
4 0.011461
68 0.011639
67 0.011510
87 0.011533
53 0.011502
88 0.011661
12 0.011230
80 0.011393
13 0.011524
1 0.011543
17 0.011487
19 0.011367
30 0.011419
77 0.011481
27 0.011539
28 0.011341
81 0.011313
35 0.011628
43 0.011596
41 0.011523
72 0.011487
86 0.011383
32 0.011376
33 0.011549
37 0.011540
40 0.011426
46 0.011373
2 0.011593
48 0.011400
44 0.011623
21 0.011307
70 0.011656
24 0.011526
54 0.011496
56 0.011397
10 0.011350
25 0.011537
47 0.011656
83 0.011497
78 0.011427
45 0.011602
60 0.011267
3669 0.000001
582 88
50 0.011529
6 0.011424
86 0.011433
25 0.011421
54 0.011546
9 0.011429
7 0.011318
74 0.011390
72 0.011619
84 0.011407
77 0.011548
66 0.011314
55 0.011340
1 0.011570
57 0.011419
43 0.011475
71 0.011649
80 0.011517
3 0.011474
44 0.011454
30 0.011749
10 0.011519
82 0.011315
17 0.011500
42 0.011605
78 0.011296
79 0.011594
24 0.011412
64 0.011692
73 0.011585
28 0.011544
61 0.011456
27 0.011440
22 0.011457
11 0.011546
67 0.011565
32 0.011772
12 0.011412
87 0.011375
59 0.011602
68 0.011575
8 0.011410
33 0.011356
60 0.011513
13 0.011477
75 0.011461
35 0.011385
36 0.011358
88 0.011582
31 0.011515
62 0.011520
63 0.011465
56 0.011412
37 0.011420
65 0.011438
46 0.011615
51 0.011553
70 0.011718
85 0.011521
58 0.011494
20 0.011410
81 0.011684
14 0.011491
40 0.011346
26 0.011504
45 0.011403
18 0.011515
23 0.011613
2 0.011578
29 0.011542
47 0.011390
48 0.011750
16 0.011647
5 0.011394
83 0.011460
53 0.011597
34 0.011494
19 0.011444
69 0.011328
49 0.011299
52 0.011606
21 0.011658
39 0.011457
4 0.011521
41 0.011406
15 0.011460
38 0.011502
10205 0.000001
951 88
7 0.011486
45 0.011476
34 0.011542
73 0.011508
61 0.011706
70 0.011576
44 0.011506
24 0.011371
46 0.011418
84 0.011357
33 0.011707
51 0.011504
28 0.011548
38 0.011542
63 0.011577
37 0.011338
81 0.011385
52 0.011331
2 0.011525
13 0.011275
74 0.011467
10 0.011460
15 0.011471
17 0.011455
79 0.011434
75 0.011460
27 0.011616
68 0.011532
36 0.011569
67 0.011670
80 0.011274
42 0.011504
71 0.011412
55 0.011558
18 0.011515
20 0.011439
9 0.011475
12 0.011528
40 0.011681
53 0.011432
41 0.011557
26 0.011674
58 0.011367
88 0.011521
14 0.011424
6 0.011509
78 0.011508
64 0.011493
86 0.011401
11 0.011434
16 0.011526
3 0.011614
30 0.011529
47 0.011390
19 0.011533
50 0.011758
66 0.011399
59 0.011553
60 0.011384
35 0.011354
4 0.011321
82 0.011495
25 0.011635
57 0.011430
32 0.011741
31 0.011420
65 0.011527
56 0.011429
1 0.011631
43 0.011556
87 0.011351
49 0.011596
83 0.011467
62 0.011486
23 0.011655
72 0.011586
76 0.011427
39 0.011402
69 0.011584
54 0.011305
85 0.011632
5 0.011573
8 0.011523
48 0.011366
21 0.011549
29 0.011318
22 0.011436
24086 0.000001
912 88
21 0.011603
84 0.011355
15 0.011488
10 0.011486
80 0.011314
42 0.011466
47 0.011627
13 0.011572
72 0.011396
26 0.011320
20 0.011499
71 0.011588
64 0.011421
49 0.011252
77 0.011487
44 0.011482
58 0.011429
62 0.011428
23 0.011389
68 0.011528
27 0.011626
48 0.011502
65 0.011509
38 0.011438
18 0.011657
73 0.011581
70 0.011725
34 0.011461
4 0.011525
25 0.011545
55 0.011530
9 0.011493
32 0.011223
29 0.011585
36 0.011467
74 0.011438
46 0.011377
83 0.011389
59 0.011494
56 0.011532
85 0.011377
33 0.011458
14 0.011566
57 0.011418
53 0.011682
63 0.011540
35 0.011532
37 0.011536
3 0.011392
81 0.011500
43 0.011518
66 0.011612
8 0.011458
88 0.011508
30 0.011513
7 0.011445
41 0.011390
40 0.011458
54 0.011217
5 0.011535
75 0.011669
19 0.011351
11 0.011455
76 0.011491
28 0.011514
45 0.011595
17 0.011586
60 0.011550
31 0.011590
24 0.011370
22 0.011546
67 0.011521
87 0.011298
82 0.011562
69 0.011615
52 0.011542
50 0.011874
61 0.011476
51 0.011624
39 0.011536
16 0.011623
1 0.011295
86 0.011535
2 0.011530
6 0.011529
79 0.011349
12 0.011491
17772 0.000001
698 88
13 0.011596
70 0.011567
60 0.011479
61 0.011463
76 0.011624
28 0.011456
62 0.011403
80 0.011516
50 0.011464
41 0.011516
81 0.011326
71 0.011437
48 0.011771
31 0.011448
30 0.011255
42 0.011374
19 0.011570
12 0.011542
83 0.011581
51 0.011577
33 0.011469
21 0.011558
54 0.011287
64 0.011616
38 0.011534
16 0.011650
32 0.011470
4 0.011685
65 0.011490
88 0.011416
67 0.011353
77 0.011477
35 0.011436
17 0.011549
84 0.011672
26 0.011623
68 0.011399
40 0.011628
3 0.011474
82 0.011540
72 0.011340
27 0.011439
43 0.011580
85 0.011418
69 0.011364
52 0.011673
7 0.011703
8 0.011555
11 0.011304
34 0.011620
10 0.011668
87 0.011453
53 0.011450
18 0.011402
73 0.011609
44 0.011331
57 0.011461
15 0.011495
47 0.011350
58 0.011525
78 0.011390
45 0.011571
74 0.011463
2 0.011493
86 0.011457
1 0.011328
63 0.011648
25 0.011541
39 0.011353
20 0.011329
49 0.011721
5 0.011470
55 0.011465
36 0.011633
56 0.011499
23 0.011437
29 0.011614
22 0.011479
24 0.011595
37 0.011553
66 0.011333
75 0.011611
9 0.011561
59 0.011472
46 0.011346
6 0.011321
14 0.011285
3800 0.000001
363 88
53 0.011476
63 0.011471
78 0.011533
15 0.011433
39 0.011418
4 0.011502
2 0.011459
17 0.011246
68 0.011421
77 0.011524
26 0.011560
74 0.011461
34 0.011478
38 0.011362
45 0.011422
43 0.011423
47 0.011510
19 0.011402
1 0.011491
67 0.011499
61 0.011392
31 0.011558
5 0.011551
18 0.011559
81 0.011359
27 0.011413
33 0.011491
42 0.011561
75 0.011390
29 0.011571
76 0.011264
35 0.011353
85 0.011553
86 0.011397
73 0.011588
11 0.011583
23 0.011445
58 0.011412
87 0.011554
3 0.011379
21 0.011664
88 0.011544
69 0.011660
51 0.011669
72 0.011593
44 0.011519
37 0.011526
40 0.011522
64 0.011500
12 0.011572
30 0.011410
56 0.011730
55 0.011451
57 0.011563
13 0.011413
25 0.011287
49 0.011528
60 0.011587
62 0.011589
50 0.011778
14 0.011534
41 0.011574
32 0.011595
83 0.011522
54 0.011548
52 0.011482
28 0.011354
65 0.011404
48 0.011543
59 0.011387
10 0.011451
8 0.011569
82 0.011480
24 0.011525
84 0.011487
20 0.011537
16 0.011350
7 0.011687
70 0.011475
46 0.011551
71 0.011359
22 0.011473
36 0.011633
9 0.011357
66 0.011440
79 0.011569
6 0.011544
8158 0.000001
125 88
69 0.011373
50 0.011303
14 0.011593
25 0.011532
16 0.011570
61 0.011308
6 0.011278
48 0.011595
44 0.011284
67 0.011533
74 0.011566
56 0.011348
53 0.011549
72 0.011740
28 0.011387
26 0.011541
27 0.011548
24 0.011464
68 0.011637
86 0.011546
49 0.011357
4 0.011513
47 0.011503
3 0.011298
83 0.011473
31 0.011427
59 0.011585
65 0.011685
78 0.011465
55 0.011544
84 0.011480
1 0.011591
71 0.011628
73 0.011567
11 0.011353
9 0.011594
62 0.011446
82 0.011633
2 0.011539
5 0.011491
77 0.011560
20 0.011453
85 0.011591
43 0.011189
22 0.011336
33 0.011559
52 0.011592
19 0.011397
32 0.011536
29 0.011490
42 0.011526
76 0.011554
40 0.011496
58 0.011662
54 0.011641
79 0.011531
18 0.011580
15 0.011533
13 0.011590
23 0.011454
8 0.011382
21 0.011490
63 0.011359
57 0.011606
17 0.011390
51 0.011402
70 0.011336
39 0.011622
64 0.011545
75 0.011639
34 0.011550
66 0.011419
80 0.011413
37 0.011472
45 0.011403
7 0.011460
87 0.011420
10 0.011526
30 0.011326
36 0.011451
12 0.011589
46 0.011404
88 0.011706
38 0.011322
60 0.011469
41 0.011577
35 0.011584
4131 0.000001
438 88
5 0.011618
65 0.011512
48 0.011705
49 0.011341
35 0.011649
30 0.011553
47 0.011434
73 0.011392
43 0.011499
54 0.011554
19 0.011445
83 0.011305
81 0.011331
8 0.011471
77 0.011681
56 0.011469
69 0.011363
45 0.011500
37 0.011452
3 0.011565
50 0.011546
12 0.011646
14 0.011452
20 0.011607
76 0.011346
67 0.011436
34 0.011568
29 0.011766
27 0.011474
11 0.011385
64 0.011624
80 0.011524
88 0.011411
84 0.011484
32 0.011262
18 0.011523
63 0.011650
44 0.011395
24 0.011616
15 0.011479
28 0.011509
9 0.011457
1 0.011517
23 0.011699
78 0.011691
25 0.011553
70 0.011232
52 0.011412
75 0.011536
21 0.011392
4 0.011480
86 0.011383
79 0.011495
41 0.011479
66 0.011482
51 0.011453
68 0.011649
22 0.011484
60 0.011454
2 0.011480
31 0.011534
17 0.011509
61 0.011488
71 0.011503
46 0.011669
10 0.011431
62 0.011448
74 0.011651
87 0.011504
38 0.011536
39 0.011580
13 0.011481
42 0.011366
59 0.011561
26 0.011741
72 0.011313
33 0.011455
57 0.011385
55 0.011406
6 0.011423
85 0.011508
7 0.011440
36 0.011438
16 0.011331
53 0.011494
40 0.011612
58 0.011322
1170 0.000001
808 88
12 0.011392
3 0.011577
23 0.011376
36 0.011578
28 0.011323
65 0.011334
64 0.011501
48 0.011455
35 0.011424
37 0.011752
54 0.011535
15 0.011597
62 0.011413
27 0.011591
8 0.011543
50 0.011643
85 0.011461
88 0.011499
10 0.011390
71 0.011344
33 0.011511
80 0.011355
18 0.011459
21 0.011611
4 0.011672
86 0.011327
42 0.011509
72 0.011672
68 0.011546
44 0.011506
14 0.011347
6 0.011492
19 0.011417
5 0.011489
49 0.011715
60 0.011548
77 0.011466
38 0.011416
2 0.011270
1 0.011368
67 0.011403
79 0.011517
13 0.011553
56 0.011656
39 0.011541
26 0.011558
78 0.011450
46 0.011467
52 0.011604
16 0.011442
40 0.011504
69 0.011603
58 0.011651
45 0.011428
74 0.011484
84 0.011369
82 0.011404
41 0.011604
34 0.011455
24 0.011411
43 0.011486
11 0.011539
75 0.011391
66 0.011468
55 0.011504
53 0.011455
76 0.011434
61 0.011514
31 0.011550
29 0.011611
30 0.011583
7 0.011508
17 0.011490
25 0.011497
32 0.011631
81 0.011429
63 0.011659
22 0.011361
70 0.011706
20 0.011593
51 0.011388
57 0.011620
87 0.011465
73 0.011495
59 0.011377
9 0.011222
47 0.011495
14199 0.000001
986 88
35 0.011369
77 0.011413
52 0.011571
37 0.011505
40 0.011473
45 0.011741
64 0.011501
47 0.011365
60 0.011532
23 0.011581
1 0.011468
36 0.011443
28 0.011647
16 0.011420
56 0.011512
39 0.011526
81 0.011568
12 0.011368
4 0.011505
13 0.011445
70 0.011487
61 0.011491
69 0.011593
22 0.011810
30 0.011437
80 0.011514
57 0.011607
63 0.011422
18 0.011561
86 0.011415
85 0.011486
88 0.011496
78 0.011476
10 0.011375
67 0.011643
68 0.011572
20 0.011521
6 0.011342
50 0.011474
11 0.011556
32 0.011552
74 0.011398
38 0.011510
21 0.011690
24 0.011365
3 0.011435
82 0.011381
83 0.011538
41 0.011687
5 0.011600
55 0.011269
27 0.011573
33 0.011339
29 0.011585
58 0.011425
46 0.011425
25 0.011447
71 0.011371
31 0.011538
7 0.011414
8 0.011311
14 0.011474
51 0.011529
19 0.011515
43 0.011641
59 0.011427
15 0.011514
17 0.011442
73 0.011397
79 0.011365
53 0.011443
2 0.011559
44 0.011595
75 0.011558
49 0.011500
65 0.011577
66 0.011712
42 0.011510
34 0.011318
62 0.011632
87 0.011415
9 0.011531
54 0.011513
72 0.011441
26 0.011429
76 0.011393
48 0.011485
19598 0.000001
660 88
27 0.011529
59 0.011420
87 0.011704
78 0.011587
60 0.011546
67 0.011600
5 0.011396
1 0.011351
36 0.011681
6 0.011667
18 0.011514
83 0.011467
88 0.011367
79 0.011533
19 0.011384
10 0.011586
71 0.011534
62 0.011490
77 0.011343
58 0.011423
45 0.011637
70 0.011425
7 0.011564
74 0.011369
84 0.011540
8 0.011622
35 0.011662
61 0.011454
86 0.011658
54 0.011453
53 0.011592
26 0.011436
72 0.011543
4 0.011692
34 0.011455
68 0.011456
48 0.011430
73 0.011453
38 0.011302
22 0.011504
51 0.011310
55 0.011536
11 0.011523
43 0.011450
31 0.011488
14 0.011521
42 0.011618
9 0.011424
80 0.011410
24 0.011511
33 0.011637
75 0.011481
49 0.011526
3 0.011422
29 0.011526
52 0.011517
56 0.011438
81 0.011467
46 0.011493
63 0.011550
66 0.011594
23 0.011378
25 0.011582
16 0.011444
15 0.011449
32 0.011415
17 0.011401
28 0.011486
50 0.011602
69 0.011221
30 0.011366
37 0.011748
12 0.011448
65 0.011469
64 0.011674
40 0.011294
2 0.011535
47 0.011370
82 0.011421
20 0.011613
76 0.011594
13 0.011425
44 0.011366
41 0.011555
21 0.011455
57 0.011426
39 0.011451
6005 0.000001
830 88
45 0.011492
54 0.011456
28 0.011558
68 0.011644
34 0.011620
44 0.011583
65 0.011620
62 0.011655
7 0.011640
27 0.011429
51 0.011400
30 0.011546
58 0.011614
70 0.011378
56 0.011616
67 0.011650
37 0.011536
61 0.011629
78 0.011539
66 0.011512
3 0.011427
21 0.011393
42 0.011372
79 0.011448
43 0.011577
50 0.011536
23 0.011466
77 0.011334
39 0.011612
9 0.011329
33 0.011339
55 0.011386
18 0.011485
80 0.011496
13 0.011532
5 0.011483
76 0.011362
84 0.011409
19 0.011578
63 0.011364
71 0.011643
81 0.011480
38 0.011400
35 0.011555
48 0.011486
1 0.011380
69 0.011510
17 0.011452
32 0.011597
73 0.011471
29 0.011602
12 0.011498
83 0.011423
53 0.011445
20 0.011442
85 0.011283
16 0.011425
22 0.011595
14 0.011489
41 0.011443
87 0.011365
8 0.011521
57 0.011522
59 0.011515
2 0.011237
52 0.011444
72 0.011442
4 0.011553
31 0.011576
25 0.011599
10 0.011606
64 0.011631
82 0.011512
11 0.011544
60 0.011682
46 0.011432
88 0.011601
36 0.011483
24 0.011484
6 0.011472
74 0.011329
47 0.011571
26 0.011361
40 0.011502
75 0.011527
15 0.011277
49 0.011547
10733 0.000001
617 88
66 0.011433
44 0.011631
86 0.011558
9 0.011413
61 0.011605
4 0.011506
84 0.011440
2 0.011558
48 0.011509
36 0.011385
24 0.011631
74 0.011559
60 0.011674
7 0.011639
11 0.011407
32 0.011441
72 0.011264
55 0.011404
39 0.011382
10 0.011332
17 0.011652
58 0.011500
15 0.011340
25 0.011539
54 0.011615
41 0.011673
62 0.011484
13 0.011408
33 0.011469
31 0.011563
77 0.011498
85 0.011503
5 0.011530
79 0.011382
16 0.011450
45 0.011382
81 0.011569
75 0.011320
63 0.011624
35 0.011607
57 0.011585
69 0.011455
52 0.011436
76 0.011408
28 0.011713
78 0.011221
49 0.011473
37 0.011573
71 0.011423
68 0.011454
50 0.011445
30 0.011630
42 0.011538
18 0.011578
43 0.011573
23 0.011469
47 0.011512
40 0.011407
8 0.011534
19 0.011399
73 0.011653
27 0.011491
29 0.011480
12 0.011482
46 0.011434
14 0.011479
88 0.011355
3 0.011628
26 0.011593
64 0.011515
59 0.011295
51 0.011591
38 0.011367
67 0.011321
83 0.011483
80 0.011505
65 0.011624
56 0.011556
20 0.011580
21 0.011540
53 0.011380
70 0.011676
1 0.011575
34 0.011376
6 0.011438
82 0.011437
22 0.011440
2620 0.000001
515 88
68 0.011436
63 0.011579
50 0.011501
75 0.011481
48 0.011579
64 0.011631
83 0.011406
15 0.011390
74 0.011530
6 0.011445
1 0.011603
43 0.011507
69 0.011202
52 0.011485
26 0.011435
25 0.011589
72 0.011325
17 0.011591
10 0.011616
78 0.011655
56 0.011411
62 0.011342
81 0.011704
85 0.011323
46 0.011542
49 0.011688
77 0.011591
31 0.011498
35 0.011499
32 0.011356
29 0.011590
59 0.011407
47 0.011533
13 0.011669
12 0.011476
67 0.011481
8 0.011426
7 0.011433
66 0.011301
38 0.011585
60 0.011475
24 0.011490
45 0.011372
70 0.011410
5 0.011380
36 0.011676
79 0.011460
37 0.011610
73 0.011501
54 0.011708
34 0.011471
58 0.011562
42 0.011578
40 0.011535
33 0.011378
21 0.011533
76 0.011469
14 0.011425
9 0.011600
65 0.011427
84 0.011458
57 0.011716
23 0.011482
71 0.011415
19 0.011544
2 0.011359
51 0.011507
39 0.011499
11 0.011484
18 0.011625
27 0.011274
22 0.011484
41 0.011378
44 0.011443
80 0.011451
55 0.011317
4 0.011668
53 0.011573
82 0.011488
87 0.011418
30 0.011311
86 0.011572
20 0.011769
61 0.011538
3 0.011444
28 0.011449
16 0.011432
11986 0.000001
