79 43513
30 79
13 0.012859
78 0.012744
62 0.012487
50 0.012735
58 0.012904
25 0.012877
52 0.012864
38 0.012790
41 0.013026
16 0.012693
23 0.012715
26 0.012925
63 0.012633
14 0.012778
2 0.012950
67 0.012777
45 0.012791
29 0.012971
31 0.013032
74 0.012882
33 0.012810
55 0.012653
56 0.012816
77 0.013029
11 0.012983
12 0.012871
10 0.012879
32 0.012805
17 0.012993
79 0.012907
75 0.012702
3 0.012765
19 0.012883
48 0.012748
76 0.012752
53 0.012901
27 0.012821
20 0.012776
5 0.012622
39 0.012928
49 0.012648
18 0.012641
44 0.012990
6 0.013118
4 0.012763
42 0.012875
30 0.012795
69 0.012945
73 0.012720
54 0.012612
59 0.013037
64 0.012792
66 0.012741
36 0.012798
22 0.012786
71 0.012935
9 0.012762
60 0.012886
65 0.012705
21 0.012862
34 0.012785
28 0.012878
57 0.012705
35 0.012862
46 0.012787
47 0.012680
40 0.012957
37 0.012940
72 0.012798
70 0.012555
15 0.012827
8 0.012745
43 0.012674
24 0.012744
7 0.013037
51 0.012823
61 0.012910
68 0.012804
29925 0.000001
114 79
6 0.012766
72 0.012790
73 0.012633
32 0.012894
66 0.012915
5 0.012689
29 0.012795
47 0.012833
52 0.012640
67 0.012756
15 0.013001
28 0.012759
62 0.013014
77 0.012957
13 0.012668
33 0.012898
30 0.012613
78 0.013083
7 0.013014
3 0.012857
59 0.012835
58 0.012738
26 0.012822
35 0.012790
21 0.012949
64 0.012825
74 0.012707
48 0.013002
38 0.012708
50 0.013026
16 0.012660
25 0.012664
40 0.012709
55 0.012874
10 0.012938
43 0.012938
9 0.012943
8 0.012699
45 0.012721
31 0.012805
44 0.012831
54 0.012917
34 0.012802
42 0.012843
49 0.012819
27 0.012839
11 0.012976
41 0.012737
4 0.012985
46 0.012670
60 0.012823
75 0.012835
61 0.012834
70 0.012643
23 0.012930
1 0.012814
76 0.012930
37 0.012904
53 0.012702
24 0.012898
12 0.012921
51 0.012719
18 0.012687
19 0.012641
56 0.012912
17 0.012822
65 0.012932
36 0.012872
57 0.012661
39 0.012783
68 0.012678
71 0.012766
22 0.012778
14 0.012851
79 0.012817
63 0.012680
69 0.012899
20 0.012920
26536 0.000001
666 79
63 0.012677
13 0.012575
70 0.012886
71 0.012769
24 0.012983
67 0.013066
58 0.012765
66 0.012891
56 0.012647
15 0.012742
68 0.012790
36 0.012612
43 0.012738
17 0.012729
30 0.012974
78 0.012636
20 0.012895
74 0.012876
14 0.012792
62 0.012922
1 0.013028
73 0.012967
33 0.012844
49 0.012945
4 0.012887
75 0.012916
12 0.012877
52 0.012937
6 0.012907
25 0.012811
7 0.012836
69 0.012758
55 0.012579
72 0.012619
29 0.012644
34 0.012643
51 0.012904
77 0.012829
42 0.012866
41 0.012760
46 0.012874
45 0.012695
79 0.012835
27 0.012761
48 0.012746
76 0.012834
10 0.012775
44 0.012965
59 0.012779
53 0.013001
50 0.013002
57 0.012831
19 0.012761
39 0.012849
23 0.013102
38 0.012617
65 0.012749
60 0.012841
18 0.012843
11 0.012796
8 0.012905
9 0.012855
22 0.012869
26 0.012985
2 0.012726
40 0.012964
21 0.012847
28 0.012807
61 0.012862
31 0.012847
54 0.012824
16 0.012899
64 0.012640
37 0.012828
35 0.012841
32 0.012753
5 0.012592
47 0.012777
43402 0.000001
125 79
72 0.012617
25 0.012821
16 0.012770
52 0.012810
65 0.012837
14 0.012889
3 0.012649
64 0.012752
36 0.012884
2 0.012947
38 0.012821
26 0.012722
73 0.012764
57 0.012720
10 0.012762
54 0.012731
29 0.012817
15 0.012798
60 0.012829
53 0.012661
42 0.012888
32 0.012726
51 0.012776
75 0.012970
20 0.012666
40 0.012942
44 0.012780
55 0.012981
30 0.012947
69 0.012915
19 0.012981
23 0.012863
7 0.012702
27 0.012901
77 0.012857
63 0.012955
76 0.012618
34 0.012768
68 0.012986
59 0.012695
47 0.012690
48 0.012915
61 0.012806
31 0.012722
9 0.012825
8 0.012930
33 0.012985
45 0.012832
6 0.012684
37 0.012648
67 0.012885
18 0.012855
79 0.012895
5 0.012732
43 0.012775
78 0.012638
21 0.012999
28 0.012945
39 0.012939
35 0.012888
13 0.012844
71 0.012743
58 0.012830
50 0.012830
56 0.012721
22 0.012940
1 0.012831
24 0.012752
70 0.012856
49 0.012753
74 0.012872
11 0.012726
46 0.012946
66 0.012767
12 0.012891
17 0.012854
62 0.012727
41 0.013010
34654 0.000001
676 79
17 0.012893
39 0.012645
54 0.012898
69 0.012786
9 0.012809
73 0.012855
55 0.012887
50 0.012899
59 0.012943
46 0.012795
28 0.012679
7 0.012671
62 0.012850
3 0.012730
78 0.012946
48 0.012719
75 0.012652
24 0.012710
27 0.012799
19 0.012984
22 0.012832
44 0.012956
20 0.012865
49 0.013019
47 0.012955
74 0.012554
76 0.012697
36 0.012901
26 0.012798
61 0.012735
41 0.012823
15 0.012707
63 0.012739
68 0.012990
37 0.012747
57 0.012708
25 0.012890
65 0.012884
38 0.012703
34 0.012977
29 0.013015
16 0.012576
13 0.013031
31 0.012721
77 0.012703
53 0.012879
72 0.012947
12 0.012755
43 0.012594
33 0.012840
4 0.013058
14 0.012721
8 0.012654
52 0.012846
64 0.012915
70 0.012805
79 0.012685
18 0.012875
56 0.012929
23 0.012740
1 0.012811
11 0.012934
35 0.012777
10 0.012984
71 0.012718
45 0.012922
30 0.012820
60 0.012950
21 0.012728
2 0.012811
58 0.012767
32 0.012924
67 0.012751
51 0.013028
66 0.012962
6 0.012808
40 0.012843
42 0.012542
23962 0.000001
870 79
13 0.012824
9 0.012971
67 0.012652
18 0.012941
38 0.012825
32 0.012786
34 0.012855
25 0.012677
42 0.012950
4 0.012901
15 0.013055
56 0.012760
60 0.012499
58 0.012987
55 0.012680
49 0.012898
66 0.012824
12 0.012976
44 0.012954
21 0.012771
45 0.012868
27 0.012728
65 0.012805
19 0.012834
68 0.012698
46 0.012696
59 0.012684
75 0.012741
79 0.012844
36 0.012805
74 0.013004
71 0.012601
5 0.012902
20 0.012727
1 0.012887
31 0.012907
33 0.012883
7 0.012728
22 0.012693
48 0.012854
28 0.013011
63 0.012734
43 0.012766
73 0.012822
47 0.012947
64 0.012822
10 0.012755
61 0.012702
3 0.012744
57 0.012788
30 0.012829
76 0.012941
17 0.012783
70 0.012887
77 0.012894
69 0.012731
35 0.012744
50 0.012662
40 0.012821
26 0.012815
11 0.012740
29 0.012924
53 0.012862
14 0.012667
62 0.012816
23 0.012781
52 0.012808
16 0.013070
37 0.012803
72 0.012832
39 0.013017
8 0.012863
24 0.012693
51 0.012852
54 0.012715
2 0.012929
41 0.012815
78 0.012939
31955 0.000001
348 79
17 0.012760
26 0.012550
28 0.012880
63 0.012750
27 0.012881
8 0.012540
59 0.012723
36 0.012847
39 0.012782
16 0.012917
61 0.012761
38 0.012995
25 0.012961
5 0.012847
20 0.012987
69 0.012620
76 0.012648
32 0.012705
31 0.012863
50 0.012990
33 0.012770
35 0.012803
65 0.012810
41 0.012839
46 0.012855
44 0.012767
72 0.012690
6 0.012717
29 0.012814
57 0.012874
55 0.012721
74 0.012939
9 0.012857
11 0.012861
43 0.012629
47 0.012907
23 0.012953
21 0.012785
62 0.012831
37 0.012855
24 0.012714
73 0.012751
51 0.012796
45 0.012935
15 0.012891
13 0.012949
68 0.012706
4 0.012819
1 0.012740
77 0.012893
14 0.012694
22 0.012669
12 0.012873
3 0.012706
30 0.012759
79 0.012617
2 0.012722
58 0.012731
48 0.012660
10 0.012909
34 0.012757
56 0.012942
19 0.012946
54 0.012825
75 0.012905
66 0.012794
60 0.012820
78 0.012665
18 0.012909
52 0.012857
40 0.012733
42 0.012842
67 0.013075
71 0.013042
70 0.013178
64 0.013066
49 0.012955
53 0.012870
18068 0.000001
341 79
35 0.012865
18 0.012818
40 0.012578
58 0.012804
56 0.012865
33 0.012707
21 0.012770
17 0.012743
6 0.012725
49 0.012808
26 0.012726
30 0.012858
38 0.012834
62 0.012780
71 0.012879
34 0.012974
76 0.012704
45 0.012937
11 0.013021
39 0.012793
51 0.013027
67 0.012829
3 0.012842
66 0.013130
13 0.012897
16 0.012632
52 0.012650
27 0.012654
60 0.012844
43 0.012776
25 0.012786
20 0.012970
48 0.012892
10 0.012827
15 0.012734
44 0.012772
79 0.012671
42 0.012686
55 0.012982
65 0.012838
68 0.012813
37 0.012833
31 0.012705
53 0.012765
23 0.013047
75 0.012850
59 0.012728
46 0.012826
14 0.012872
69 0.012758
2 0.012703
77 0.012739
9 0.012913
24 0.012793
64 0.013008
12 0.012761
32 0.012657
70 0.012785
19 0.012741
22 0.012857
78 0.012768
7 0.012851
4 0.012771
47 0.012830
72 0.012945
28 0.012688
63 0.012754
57 0.013078
50 0.012680
5 0.012895
29 0.013040
61 0.012643
36 0.012778
41 0.013147
1 0.012784
73 0.012782
74 0.012976
54 0.012807
42626 0.000001
571 79
26 0.012781
63 0.012905
28 0.012726
54 0.012831
33 0.012787
62 0.012890
67 0.012898
77 0.012939
16 0.012769
57 0.012904
18 0.012620
19 0.012709
8 0.012880
41 0.012899
61 0.012804
5 0.012780
34 0.012890
52 0.012751
76 0.012947
78 0.012840
40 0.012856
23 0.012818
79 0.012708
22 0.013039
50 0.013021
39 0.012802
27 0.012821
45 0.012657
49 0.012761
60 0.012707
75 0.012816
12 0.012902
3 0.012678
13 0.013029
47 0.012694
59 0.012944
1 0.012979
69 0.012886
25 0.012873
64 0.012747
7 0.012818
37 0.012878
58 0.012903
15 0.012765
68 0.012912
30 0.012912
32 0.012942
38 0.012831
24 0.012905
66 0.012772
29 0.012646
14 0.012694
20 0.012982
44 0.012908
17 0.012792
53 0.012891
4 0.012635
72 0.012713
55 0.012953
51 0.012766
48 0.012698
71 0.012801
42 0.012684
11 0.012737
35 0.012826
46 0.012877
73 0.012908
10 0.012791
70 0.012763
6 0.012725
56 0.012665
74 0.012711
43 0.012989
21 0.012732
65 0.012734
31 0.012800
36 0.012890
2 0.012762
29691 0.000001
923 79
17 0.013177
70 0.012865
67 0.012801
35 0.012954
58 0.012901
59 0.012761
24 0.012976
62 0.012874
26 0.012866
50 0.012796
46 0.012578
15 0.012653
14 0.012695
16 0.012690
27 0.012832
38 0.012734
47 0.012833
21 0.012902
79 0.012819
74 0.012694
49 0.012758
39 0.012948
36 0.012704
48 0.012738
56 0.012749
72 0.012916
54 0.012894
71 0.012912
29 0.012855
1 0.012890
73 0.012665
13 0.012904
57 0.013016
22 0.012600
25 0.012680
23 0.012755
37 0.012768
66 0.012646
68 0.012693
42 0.012868
7 0.012875
77 0.012981
69 0.012973
32 0.012988
34 0.012825
63 0.012879
55 0.013013
44 0.012862
52 0.012631
5 0.012725
75 0.012930
60 0.012648
78 0.013017
51 0.012801
2 0.012716
41 0.012768
18 0.012919
4 0.012808
64 0.012803
43 0.012828
33 0.012878
45 0.012794
31 0.012752
6 0.012676
11 0.012754
53 0.012907
61 0.012683
30 0.012935
20 0.013012
65 0.012966
28 0.012716
19 0.012918
3 0.012630
9 0.012803
40 0.012809
76 0.012689
8 0.012875
12 0.012852
21276 0.000001
472 79
28 0.012726
56 0.012780
34 0.012725
78 0.012923
36 0.012773
51 0.012790
13 0.012798
40 0.012856
76 0.012847
72 0.012970
5 0.012757
47 0.012747
16 0.012944
20 0.012836
79 0.012762
4 0.012579
59 0.012811
46 0.013046
49 0.012824
33 0.012633
6 0.012840
60 0.012670
19 0.012751
52 0.012836
9 0.012780
23 0.012939
22 0.012900
41 0.012928
30 0.012789
71 0.012868
69 0.012807
35 0.012828
73 0.012816
1 0.012864
48 0.012979
64 0.012831
24 0.012932
50 0.012826
38 0.012934
63 0.012845
8 0.012597
42 0.012638
26 0.012750
25 0.012905
61 0.012663
44 0.012803
17 0.012925
65 0.012874
18 0.012795
29 0.012745
74 0.012927
39 0.012793
45 0.012798
37 0.012832
10 0.012838
77 0.012914
55 0.012660
53 0.012649
57 0.012922
15 0.012938
3 0.012786
75 0.012857
54 0.012753
32 0.012782
7 0.012872
12 0.012886
31 0.013166
43 0.012716
27 0.012671
58 0.013041
67 0.012770
62 0.012705
66 0.012820
70 0.012855
21 0.012724
14 0.012837
2 0.013018
68 0.012684
33182 0.000001
976 79
50 0.012840
27 0.012685
39 0.012857
44 0.013133
41 0.012822
73 0.012866
9 0.012893
60 0.012881
45 0.012926
40 0.013003
77 0.012838
33 0.012789
2 0.012841
72 0.012676
61 0.012814
20 0.012990
53 0.012689
56 0.012747
71 0.012954
7 0.012565
26 0.012768
43 0.012766
75 0.012731
37 0.012814
13 0.012923
14 0.012696
34 0.012780
48 0.013048
79 0.012920
28 0.012886
46 0.012788
74 0.012908
70 0.012808
6 0.012808
21 0.012931
38 0.012783
3 0.012782
78 0.012693
11 0.012712
16 0.012902
30 0.012819
64 0.012846
29 0.012921
42 0.012714
57 0.012901
22 0.012696
19 0.012830
18 0.012786
15 0.012612
35 0.012788
31 0.012933
32 0.012920
4 0.012727
68 0.013031
58 0.012875
59 0.012722
10 0.012686
62 0.012882
76 0.012858
52 0.012622
5 0.012869
8 0.012921
25 0.012819
51 0.012800
69 0.012658
67 0.012696
54 0.012785
36 0.012703
17 0.012918
47 0.012935
23 0.012924
66 0.012732
1 0.012897
49 0.012895
55 0.012692
24 0.012878
63 0.012723
65 0.012729
7492 0.000001
188 79
27 0.012670
34 0.012852
22 0.013047
62 0.012839
20 0.012707
68 0.012611
50 0.012791
70 0.012861
6 0.013018
19 0.012719
36 0.012746
2 0.012868
8 0.012758
58 0.012934
24 0.012650
42 0.012662
57 0.012913
77 0.012794
32 0.012912
15 0.012698
37 0.012944
69 0.012911
63 0.012796
18 0.012692
65 0.012799
45 0.012849
75 0.012804
31 0.012855
39 0.012834
48 0.012798
47 0.012667
10 0.012621
25 0.012941
52 0.012874
74 0.012893
46 0.012827
44 0.012817
5 0.012642
76 0.012775
73 0.012750
61 0.012922
43 0.012599
21 0.012809
51 0.012809
26 0.012719
67 0.013093
41 0.012827
1 0.012780
35 0.012831
78 0.012862
4 0.012882
53 0.012904
14 0.012920
38 0.012916
59 0.012749
16 0.012803
29 0.012784
71 0.012913
7 0.012946
49 0.012860
40 0.012762
33 0.012857
3 0.012802
79 0.012906
9 0.012724
12 0.012688
64 0.012904
72 0.012804
11 0.012579
23 0.013014
17 0.012774
56 0.012954
66 0.012949
54 0.012748
28 0.012809
30 0.012993
60 0.012670
55 0.012995
37173 0.000001
67 79
31 0.012761
60 0.012872
13 0.012732
41 0.012861
24 0.012880
6 0.012830
68 0.012995
23 0.012667
40 0.012822
11 0.012820
15 0.012622
63 0.012948
20 0.012857
69 0.013001
71 0.012881
8 0.012843
39 0.012774
21 0.012932
49 0.012735
64 0.012701
35 0.012845
26 0.012943
51 0.012865
33 0.012644
54 0.012880
45 0.012707
58 0.012804
47 0.012651
77 0.012880
52 0.012934
3 0.012870
10 0.012951
43 0.012832
38 0.012896
50 0.012811
67 0.012769
9 0.012704
32 0.013124
76 0.012549
74 0.012693
75 0.012683
37 0.012747
16 0.012809
29 0.012977
36 0.012814
30 0.012788
79 0.012993
70 0.012866
27 0.012951
55 0.012621
53 0.012925
46 0.012812
22 0.012884
57 0.012876
4 0.012842
2 0.012999
42 0.012872
56 0.012971
19 0.012878
18 0.012879
78 0.012870
28 0.012702
34 0.012922
61 0.012619
62 0.012874
12 0.012907
25 0.012736
66 0.012771
48 0.012899
65 0.012794
5 0.012861
73 0.012638
44 0.012728
17 0.012631
59 0.012765
7 0.012766
1 0.012690
72 0.012753
20649 0.000001
262 79
27 0.012715
48 0.012912
9 0.012805
41 0.012951
46 0.012823
57 0.012812
25 0.012748
20 0.012918
44 0.012962
22 0.012757
43 0.012624
56 0.012781
61 0.012831
52 0.012885
69 0.012791
35 0.012802
62 0.012812
7 0.012788
68 0.012934
39 0.012888
13 0.012890
28 0.012840
23 0.012750
58 0.012970
19 0.012747
10 0.012755
4 0.012887
37 0.012826
32 0.012620
1 0.012922
26 0.012755
75 0.012866
76 0.012812
51 0.012634
18 0.013021
65 0.012803
33 0.012678
55 0.012632
24 0.012797
71 0.012773
12 0.012856
40 0.012799
6 0.012988
50 0.012689
63 0.013047
59 0.012867
47 0.012920
11 0.012715
78 0.012728
38 0.012705
54 0.012840
2 0.012748
5 0.012682
66 0.012807
45 0.012871
73 0.013108
70 0.012833
74 0.012795
49 0.012999
30 0.012907
16 0.012747
31 0.012780
17 0.012801
3 0.012592
29 0.012539
21 0.012840
34 0.013027
36 0.012896
77 0.012765
53 0.012839
14 0.012662
60 0.012981
64 0.012929
8 0.012821
67 0.012926
79 0.012806
72 0.012806
42 0.012821
30406 0.000001
557 79
73 0.012976
40 0.012865
46 0.012744
17 0.012994
69 0.012723
77 0.012937
27 0.012663
61 0.012626
63 0.012898
41 0.012886
55 0.012936
10 0.012855
5 0.012841
34 0.012811
53 0.012739
71 0.012816
35 0.012920
28 0.012676
15 0.012851
68 0.012656
18 0.012841
50 0.012864
6 0.012707
1 0.012906
48 0.012964
67 0.012920
45 0.012832
57 0.012938
19 0.012968
70 0.012784
4 0.012839
2 0.012773
29 0.012830
30 0.012918
3 0.012819
66 0.012746
26 0.012693
49 0.012603
22 0.012846
7 0.012791
65 0.012852
33 0.012842
42 0.012944
12 0.012804
74 0.012892
59 0.012781
43 0.012718
23 0.012706
51 0.012859
78 0.012905
75 0.012805
32 0.012815
79 0.012753
39 0.012796
56 0.012725
25 0.012994
58 0.012952
38 0.012694
8 0.013000
24 0.012747
20 0.012828
9 0.012718
54 0.012783
31 0.012920
14 0.012832
13 0.012901
76 0.012886
21 0.012888
52 0.012902
44 0.012788
64 0.012422
72 0.012966
60 0.012797
47 0.012808
37 0.012754
36 0.012826
11 0.012682
62 0.012719
20911 0.000001
119 79
15 0.012790
38 0.012757
77 0.012779
54 0.012804
10 0.012509
58 0.012884
13 0.012928
22 0.012885
21 0.012860
30 0.012850
66 0.012770
12 0.013030
59 0.012840
53 0.012902
7 0.012814
71 0.012731
64 0.012718
72 0.012732
39 0.012760
9 0.012837
14 0.012671
51 0.012813
70 0.012925
8 0.012708
45 0.012884
35 0.012800
11 0.012751
29 0.012595
25 0.012822
33 0.012852
73 0.012939
4 0.012856
3 0.012791
49 0.012805
43 0.013010
18 0.013037
50 0.012800
57 0.012833
65 0.012884
42 0.012773
46 0.012847
79 0.012793
20 0.012986
47 0.012826
56 0.012777
69 0.012997
26 0.012979
31 0.012509
27 0.012770
60 0.012962
41 0.012835
16 0.012764
76 0.012727
36 0.013023
24 0.012601
68 0.012699
75 0.012788
63 0.012811
48 0.012950
37 0.012852
34 0.012788
61 0.012696
74 0.012849
40 0.012723
19 0.012984
55 0.012835
52 0.012821
23 0.012893
44 0.012965
62 0.012908
67 0.012857
6 0.012753
2 0.012862
32 0.012784
28 0.012635
78 0.012753
5 0.012799
1 0.012869
33392 0.000001
477 79
7 0.012850
11 0.012831
54 0.012731
34 0.012788
20 0.012917
3 0.012790
76 0.012831
55 0.012896
48 0.012737
67 0.013021
53 0.012828
27 0.012684
61 0.012921
13 0.012830
47 0.012823
8 0.012910
40 0.012994
64 0.012902
51 0.012701
22 0.012795
52 0.012894
25 0.012799
23 0.012874
29 0.012982
43 0.012879
10 0.012573
12 0.012716
69 0.012853
6 0.012681
35 0.012639
26 0.013052
66 0.012701
50 0.012857
70 0.012931
39 0.012971
62 0.013002
1 0.013015
49 0.012905
58 0.012550
9 0.013006
21 0.012996
17 0.012830
15 0.012714
45 0.012567
68 0.012641
57 0.012808
36 0.012922
5 0.012889
16 0.012745
37 0.012795
31 0.012983
74 0.012988
72 0.012686
33 0.012568
77 0.012812
24 0.012890
32 0.012868
71 0.013089
42 0.013019
79 0.012819
63 0.012756
46 0.012814
14 0.012723
4 0.012834
44 0.012759
2 0.012646
65 0.012861
73 0.012829
60 0.012802
19 0.012838
28 0.012722
75 0.012712
78 0.012670
56 0.012877
30 0.012557
41 0.012735
59 0.012857
38 0.012718
16562 0.000001
646 79
29 0.012944
28 0.012499
45 0.012731
6 0.012880
57 0.012832
47 0.012808
49 0.012877
52 0.012786
40 0.012791
75 0.012855
33 0.012943
13 0.012678
7 0.012731
61 0.012933
41 0.012829
27 0.012679
11 0.012804
2 0.012941
60 0.012812
15 0.012836
64 0.012919
53 0.012701
17 0.012653
59 0.012757
31 0.012700
71 0.012856
8 0.012769
67 0.012787
42 0.012991
37 0.012778
78 0.012886
12 0.012903
73 0.012912
16 0.012839
26 0.012759
21 0.012715
56 0.012671
70 0.012941
69 0.012698
4 0.012812
48 0.012755
79 0.012763
30 0.012975
76 0.012950
22 0.012869
3 0.012635
55 0.012705
43 0.012956
10 0.012735
24 0.012947
51 0.012926
20 0.012696
77 0.012818
62 0.012819
54 0.012824
5 0.012749
25 0.012762
38 0.012994
1 0.012830
32 0.012777
66 0.012812
34 0.012701
23 0.012912
58 0.012940
46 0.012829
74 0.012690
14 0.012797
50 0.012894
68 0.013026
9 0.012947
18 0.012454
44 0.012928
72 0.012915
63 0.012706
35 0.013046
36 0.012963
39 0.012782
65 0.012936
13047 0.000001
523 79
34 0.012899
76 0.012921
55 0.012833
21 0.012899
75 0.012717
72 0.012594
45 0.012789
3 0.012803
51 0.012748
1 0.012889
47 0.012870
67 0.012823
23 0.012891
8 0.012932
38 0.012818
50 0.012791
48 0.012936
74 0.012941
78 0.012784
26 0.012671
15 0.012852
61 0.012705
64 0.012870
40 0.012811
68 0.012791
71 0.012839
29 0.012813
11 0.012842
73 0.012855
66 0.013045
19 0.012994
39 0.012800
6 0.012767
27 0.012851
36 0.012943
24 0.013022
79 0.012808
77 0.012614
17 0.012787
46 0.012857
4 0.012950
18 0.012627
49 0.012997
22 0.012852
60 0.012816
35 0.012923
2 0.012721
13 0.012830
52 0.012498
12 0.012987
10 0.012702
9 0.012718
63 0.012932
69 0.012891
41 0.012910
65 0.012777
54 0.012610
44 0.012840
43 0.012830
57 0.012977
28 0.012999
32 0.012612
30 0.012820
14 0.012816
42 0.012915
53 0.012731
56 0.012805
7 0.012872
37 0.012664
25 0.012761
5 0.012756
33 0.012714
59 0.012747
31 0.012698
70 0.012783
62 0.012848
58 0.012762
16 0.012893
6047 0.000001
836 79
74 0.012574
68 0.012583
8 0.012838
7 0.012902
59 0.012830
41 0.012981
67 0.012986
23 0.012927
4 0.012942
5 0.012729
45 0.012915
71 0.012792
12 0.012884
35 0.012840
69 0.012958
47 0.012923
43 0.012899
3 0.012788
34 0.013065
29 0.012761
53 0.012737
66 0.012821
49 0.012794
30 0.013013
79 0.012878
28 0.012796
63 0.012905
48 0.012768
44 0.012902
51 0.012754
24 0.012786
26 0.012970
37 0.012910
27 0.012795
77 0.012909
32 0.012724
22 0.012540
42 0.012786
57 0.012813
78 0.012621
62 0.012903
72 0.012817
16 0.012746
19 0.012847
11 0.012654
52 0.012865
75 0.012770
14 0.012799
55 0.012743
25 0.012659
20 0.012949
60 0.012689
18 0.013019
61 0.012837
6 0.012810
9 0.013024
10 0.012949
46 0.012805
15 0.012803
2 0.012620
17 0.012631
65 0.012997
31 0.012842
1 0.012786
56 0.012807
36 0.012972
73 0.012759
76 0.012957
38 0.012733
70 0.012628
39 0.012653
40 0.012749
58 0.012742
13 0.012725
54 0.012819
33 0.012948
50 0.012719
64 0.012885
21219 0.000001
472 79
61 0.012999
24 0.012852
49 0.012796
32 0.012961
13 0.012730
69 0.012721
55 0.013076
38 0.012699
21 0.012819
40 0.012804
77 0.012631
30 0.012961
78 0.012850
74 0.012890
59 0.012973
41 0.012591
45 0.012715
35 0.012697
10 0.012654
36 0.012782
5 0.012583
58 0.012778
2 0.012690
53 0.012732
75 0.012754
66 0.012761
19 0.012693
44 0.012822
25 0.012895
7 0.012847
17 0.013190
52 0.012567
27 0.012942
54 0.012983
47 0.012759
48 0.012877
8 0.012841
11 0.012834
51 0.012844
37 0.012957
28 0.012893
14 0.012849
50 0.012933
43 0.012799
34 0.012949
9 0.012817
67 0.012674
46 0.013086
62 0.012828
39 0.012865
29 0.012791
1 0.012678
12 0.012896
63 0.012900
16 0.012827
6 0.012843
33 0.012833
26 0.013014
18 0.012786
20 0.012719
23 0.013069
65 0.012824
79 0.012529
15 0.012754
73 0.012742
3 0.012955
4 0.012770
68 0.012697
31 0.012718
70 0.012900
64 0.012628
76 0.012868
57 0.012916
71 0.012851
42 0.012837
60 0.012636
72 0.012841
56 0.012934
41860 0.000001
552 79
32 0.012830
69 0.012824
25 0.012678
79 0.012755
2 0.012741
14 0.012755
21 0.012698
66 0.012894
28 0.012618
36 0.012956
76 0.012872
34 0.012619
58 0.012707
44 0.012741
39 0.012904
3 0.012813
17 0.013075
61 0.012812
42 0.012763
65 0.012828
56 0.012792
75 0.012834
47 0.012761
13 0.012844
8 0.012863
35 0.012964
45 0.012775
29 0.012807
11 0.012818
15 0.012744
55 0.012704
12 0.012825
31 0.012866
30 0.012860
19 0.012996
40 0.012599
74 0.013058
38 0.012713
52 0.012899
64 0.012984
77 0.012863
50 0.012890
46 0.012613
60 0.012946
51 0.012763
57 0.012997
78 0.012823
63 0.012902
73 0.012849
20 0.012745
27 0.012971
71 0.012720
24 0.012888
4 0.012714
72 0.013021
37 0.012801
5 0.012815
54 0.012761
16 0.012809
59 0.012757
6 0.012775
43 0.012734
33 0.012799
1 0.012853
18 0.012796
62 0.012681
7 0.012694
67 0.012765
22 0.012809
48 0.012807
9 0.012875
53 0.012896
49 0.012861
26 0.012910
10 0.012904
68 0.012879
41 0.012697
70 0.013027
26241 0.000001
228 79
37 0.012677
1 0.012550
75 0.012952
61 0.012749
67 0.013032
5 0.012723
13 0.012951
52 0.012901
47 0.012814
54 0.012487
19 0.012805
72 0.012950
69 0.012844
8 0.012742
43 0.012647
40 0.012835
23 0.012741
65 0.012917
63 0.012812
68 0.013018
49 0.012952
62 0.012624
53 0.012801
11 0.012643
30 0.012672
12 0.012730
59 0.012768
50 0.012635
29 0.012713
45 0.012666
78 0.012851
17 0.013103
25 0.013038
66 0.013017
42 0.012885
35 0.012739
79 0.012987
22 0.012868
58 0.012804
7 0.013068
51 0.012848
33 0.012758
20 0.012766
71 0.013039
9 0.012759
38 0.012861
31 0.012862
39 0.012801
46 0.012838
32 0.012966
14 0.013070
76 0.012877
64 0.012748
56 0.012751
10 0.012712
74 0.012914
27 0.012879
28 0.012811
60 0.012501
16 0.012802
4 0.012666
18 0.013050
15 0.012782
21 0.012565
55 0.012712
3 0.012975
48 0.012960
41 0.012821
26 0.012972
44 0.012659
57 0.012657
2 0.012811
77 0.012849
73 0.013005
34 0.012809
6 0.012823
36 0.012740
70 0.012869
10231 0.000001
283 79
24 0.012554
75 0.012819
23 0.012901
14 0.012808
58 0.012652
60 0.012788
54 0.013001
6 0.012780
35 0.012940
57 0.012815
63 0.012799
13 0.012891
79 0.012925
30 0.012773
38 0.012734
31 0.012853
4 0.012898
26 0.012804
43 0.012687
55 0.012737
7 0.012602
8 0.012985
40 0.012859
45 0.012774
11 0.012877
44 0.012753
32 0.012890
67 0.012979
68 0.012762
52 0.012713
53 0.012683
19 0.012718
59 0.012898
78 0.012787
64 0.012781
48 0.012758
76 0.012810
3 0.012897
77 0.012817
69 0.012826
72 0.012614
50 0.012767
2 0.013029
56 0.012690
73 0.012810
29 0.012673
62 0.012897
51 0.012723
22 0.012990
65 0.012962
12 0.012928
37 0.013094
61 0.012801
66 0.012902
27 0.012819
17 0.012634
9 0.013103
1 0.012689
28 0.012886
47 0.012924
36 0.012645
34 0.012923
41 0.012833
49 0.012967
16 0.012758
74 0.012801
20 0.012660
15 0.012806
46 0.012810
71 0.012809
39 0.012987
18 0.012826
42 0.012849
33 0.012710
10 0.012682
70 0.013103
21 0.012863
5 0.012704
27854 0.000001
702 79
57 0.012781
48 0.012860
25 0.012900
40 0.012962
66 0.012845
78 0.012920
49 0.012781
10 0.012884
67 0.013086
76 0.012869
34 0.012757
18 0.012835
77 0.012984
56 0.012989
65 0.012689
14 0.012883
68 0.012657
28 0.012713
22 0.012949
79 0.012800
43 0.012966
55 0.013078
73 0.012864
53 0.012927
4 0.012843
5 0.012802
63 0.012827
17 0.012721
13 0.012757
37 0.012752
47 0.012692
2 0.012867
30 0.012943
42 0.012741
52 0.012745
19 0.012900
74 0.012834
70 0.012779
27 0.012892
35 0.012815
6 0.012635
1 0.012811
51 0.012822
69 0.012703
7 0.013014
20 0.012757
61 0.012722
23 0.012802
75 0.013001
29 0.012861
54 0.013066
39 0.012828
8 0.012796
32 0.012742
71 0.012766
31 0.012732
72 0.012607
12 0.012757
24 0.012733
33 0.012714
59 0.012885
58 0.012849
41 0.012696
38 0.012823
11 0.012654
60 0.012813
44 0.012902
9 0.012833
62 0.012799
64 0.012809
15 0.012802
45 0.012791
50 0.012857
3 0.012814
21 0.012674
46 0.012765
16 0.012822
36 0.012653
42495 0.000001
556 79
69 0.012829
9 0.012791
38 0.012793
30 0.013009
57 0.012913
23 0.013011
7 0.012848
6 0.012974
65 0.012713
39 0.012822
53 0.012970
56 0.012962
31 0.012611
43 0.012829
49 0.012752
10 0.012944
40 0.013045
48 0.012863
8 0.012699
21 0.012685
64 0.012885
47 0.012918
68 0.012815
16 0.012880
24 0.012978
44 0.012789
32 0.012679
59 0.012769
28 0.012687
18 0.012688
51 0.012797
66 0.012775
54 0.012896
75 0.012698
22 0.013023
73 0.012672
76 0.012910
26 0.012728
17 0.012905
15 0.012896
70 0.012564
79 0.012811
11 0.012962
1 0.013006
12 0.012758
62 0.012556
45 0.012715
52 0.012684
61 0.012861
14 0.012940
13 0.012750
5 0.012696
58 0.012826
78 0.012800
72 0.012853
55 0.012715
35 0.012804
37 0.012901
60 0.012828
19 0.012887
67 0.012744
77 0.012966
33 0.012831
3 0.012816
4 0.012635
50 0.012674
46 0.012872
20 0.012929
2 0.012957
63 0.012890
74 0.012655
41 0.012887
71 0.012813
36 0.012544
29 0.012805
42 0.012833
34 0.013021
25 0.012759
42671 0.000001
990 79
53 0.012741
67 0.012907
41 0.012871
15 0.012568
51 0.012916
24 0.012725
72 0.012853
54 0.012617
48 0.012947
63 0.012854
22 0.012790
20 0.012802
44 0.012805
47 0.012765
27 0.012726
75 0.012830
77 0.012922
46 0.012908
76 0.012911
9 0.012823
25 0.013035
74 0.012813
49 0.012896
14 0.012737
4 0.012675
66 0.012905
32 0.012737
5 0.012820
62 0.013076
42 0.012834
34 0.012898
43 0.012669
3 0.012822
21 0.012603
36 0.012595
29 0.012925
26 0.012597
35 0.012867
16 0.012702
31 0.013046
71 0.012918
57 0.012794
8 0.012900
45 0.012799
61 0.012777
59 0.012600
12 0.012785
65 0.012799
64 0.012879
33 0.013154
69 0.012696
23 0.012752
78 0.012943
2 0.012830
40 0.012937
7 0.012622
52 0.012803
50 0.012907
18 0.012829
17 0.012823
79 0.012671
38 0.012959
13 0.012893
1 0.012782
58 0.012714
55 0.012858
30 0.012623
60 0.012975
11 0.013007
68 0.012818
37 0.012718
56 0.012789
70 0.012761
39 0.012886
6 0.012734
73 0.012927
19 0.012838
10 0.012966
2963 0.000001
932 79
46 0.012632
65 0.012574
25 0.012616
15 0.012836
41 0.012852
9 0.012788
75 0.012767
8 0.012907
40 0.012739
63 0.013034
38 0.012794
12 0.012659
21 0.012906
68 0.012972
61 0.012770
60 0.012895
32 0.012765
19 0.012731
62 0.012923
36 0.012938
30 0.012958
10 0.012693
54 0.012889
70 0.012803
16 0.012812
26 0.012928
57 0.012947
64 0.012773
35 0.012840
22 0.012842
31 0.012560
58 0.012708
72 0.012802
17 0.012807
1 0.012918
56 0.012691
55 0.013004
79 0.012937
53 0.012817
7 0.012735
37 0.012986
78 0.012992
59 0.012801
49 0.012870
14 0.012951
50 0.012970
44 0.012776
3 0.012783
6 0.012849
2 0.012839
39 0.012922
47 0.012564
66 0.012835
20 0.012745
74 0.012843
11 0.012758
5 0.012704
51 0.012707
77 0.012614
45 0.012743
13 0.012762
27 0.012650
23 0.012657
67 0.012975
24 0.012753
76 0.013062
73 0.012711
18 0.012718
42 0.012846
71 0.012889
52 0.012829
48 0.012857
28 0.012960
33 0.012984
43 0.012856
69 0.012836
34 0.012997
4 0.012843
21750 0.000001
661 79
50 0.012714
35 0.013071
55 0.012898
57 0.012846
74 0.012957
16 0.012742
63 0.012804
78 0.012807
4 0.012868
47 0.012904
71 0.012671
77 0.012699
33 0.013041
79 0.012837
39 0.012761
51 0.012634
18 0.012713
17 0.012609
23 0.012687
34 0.012816
13 0.012767
53 0.012800
67 0.012754
9 0.012688
36 0.012736
26 0.012872
60 0.012797
14 0.012620
75 0.012654
2 0.013046
25 0.012870
3 0.012802
52 0.012790
31 0.012834
66 0.012876
48 0.013031
68 0.012736
42 0.012859
45 0.012853
10 0.012749
6 0.012882
20 0.012931
37 0.012815
73 0.012786
76 0.012889
8 0.012846
5 0.012949
19 0.012813
38 0.012838
22 0.012804
69 0.012865
29 0.012779
49 0.012833
72 0.012724
56 0.012849
1 0.012749
43 0.012877
7 0.012896
15 0.012850
32 0.012611
70 0.012743
11 0.012910
54 0.013019
40 0.012765
41 0.012704
21 0.013036
65 0.013086
62 0.012589
61 0.012884
58 0.012717
27 0.012831
59 0.012975
12 0.012821
46 0.012887
44 0.012768
28 0.013067
24 0.012636
64 0.012762
6984 0.000001
234 79
52 0.012811
21 0.012853
2 0.012805
5 0.012953
14 0.012892
20 0.012947
76 0.012728
29 0.012906
32 0.012953
59 0.012817
64 0.012962
50 0.012644
73 0.012734
15 0.012847
43 0.012792
56 0.012954
45 0.012769
53 0.012705
75 0.012746
65 0.012820
34 0.012596
41 0.012854
38 0.012875
33 0.012806
3 0.012792
11 0.012788
69 0.012781
66 0.012956
13 0.013024
48 0.012958
7 0.012852
67 0.012852
46 0.012935
55 0.012813
39 0.012697
10 0.012781
37 0.012938
68 0.012861
63 0.012804
23 0.012773
17 0.012650
19 0.012686
40 0.012707
58 0.012617
4 0.012935
77 0.012752
47 0.012986
35 0.013060
44 0.012608
78 0.012603
8 0.012896
49 0.012771
36 0.012880
22 0.012773
24 0.012759
71 0.012822
60 0.012726
70 0.012874
27 0.012878
51 0.012730
16 0.012825
54 0.012892
42 0.012833
18 0.012873
28 0.013047
6 0.012853
25 0.012785
74 0.012821
57 0.012766
1 0.012696
62 0.012794
30 0.012899
72 0.012897
26 0.012854
79 0.012784
61 0.012793
9 0.012713
12 0.012787
13592 0.000001
987 79
20 0.012779
47 0.013000
43 0.012792
50 0.012956
64 0.012872
56 0.012697
4 0.012992
76 0.012803
52 0.012903
73 0.012941
60 0.012699
59 0.012929
21 0.013054
29 0.012773
53 0.012795
63 0.012774
17 0.012533
1 0.012841
30 0.012875
23 0.012803
13 0.012907
33 0.013001
42 0.012643
12 0.012964
78 0.012755
71 0.012791
58 0.012900
57 0.012645
35 0.012892
9 0.012960
44 0.012756
5 0.012593
49 0.012768
75 0.012601
18 0.012916
79 0.012842
45 0.013010
74 0.012886
67 0.012813
62 0.012817
38 0.012894
40 0.012808
3 0.012968
7 0.012619
6 0.012885
2 0.012841
37 0.012731
14 0.012685
66 0.012731
48 0.012734
69 0.012915
27 0.012898
68 0.012830
34 0.012758
28 0.013003
11 0.012894
39 0.012836
61 0.012917
46 0.012774
25 0.012888
22 0.012875
72 0.012712
19 0.012569
24 0.012890
55 0.012673
31 0.012859
15 0.012701
8 0.012787
51 0.012708
16 0.012759
65 0.012871
77 0.012714
36 0.012837
41 0.012745
26 0.012932
70 0.012737
10 0.012766
54 0.012984
34473 0.000001
79 79
77 0.012899
31 0.012832
35 0.012684
5 0.012630
1 0.012942
50 0.012721
40 0.012787
29 0.012597
20 0.012835
53 0.012944
43 0.012986
10 0.012954
44 0.012847
46 0.012999
17 0.012839
48 0.012717
28 0.012796
37 0.012633
74 0.012694
24 0.012949
61 0.012805
76 0.013027
11 0.012751
71 0.012901
27 0.012765
36 0.012699
18 0.012822
78 0.012753
64 0.012711
75 0.012747
41 0.012831
52 0.012929
25 0.012758
15 0.012757
49 0.012744
12 0.012667
13 0.012858
58 0.012847
59 0.012843
54 0.012976
21 0.012808
47 0.012697
57 0.012954
19 0.012922
2 0.012713
14 0.012820
7 0.012889
56 0.012809
67 0.012937
9 0.012807
68 0.012858
3 0.012719
16 0.012687
8 0.012737
42 0.012677
23 0.012997
22 0.012919
65 0.012751
30 0.013116
4 0.012938
79 0.012903
51 0.012853
70 0.012853
45 0.012847
34 0.012641
32 0.012981
62 0.012858
69 0.012828
72 0.012830
26 0.013086
60 0.012858
63 0.012873
55 0.012801
39 0.012756
66 0.012700
38 0.012573
6 0.012704
73 0.012823
3279 0.000001
527 79
14 0.012856
37 0.012752
47 0.012546
10 0.012828
27 0.012894
35 0.012764
52 0.012915
61 0.012759
55 0.012719
22 0.012675
6 0.012883
9 0.012727
56 0.012967
19 0.012870
60 0.012946
30 0.012977
42 0.012746
21 0.012857
78 0.012715
66 0.012880
46 0.012902
67 0.012900
62 0.012937
16 0.012579
12 0.012890
39 0.012712
51 0.012723
8 0.012971
54 0.012923
58 0.012766
45 0.012777
76 0.012837
65 0.012663
20 0.013038
57 0.013010
49 0.012928
50 0.012805
74 0.012648
31 0.012861
36 0.012981
38 0.012940
15 0.012761
79 0.012921
11 0.012914
41 0.012679
24 0.012923
40 0.012779
1 0.012647
28 0.012925
59 0.012730
73 0.012780
26 0.012955
64 0.012813
33 0.012693
25 0.012577
68 0.012863
2 0.012928
77 0.012967
70 0.012805
3 0.012947
29 0.012502
53 0.012886
44 0.012970
18 0.012664
13 0.012765
69 0.012721
5 0.012836
7 0.012885
72 0.012902
48 0.013003
63 0.012783
17 0.012829
71 0.012673
32 0.012813
43 0.012977
75 0.012546
4 0.012770
23 0.012800
41891 0.000001
514 79
49 0.012853
76 0.012666
53 0.012874
13 0.012821
63 0.013048
15 0.012829
14 0.013053
11 0.012716
65 0.012481
74 0.012811
43 0.012621
64 0.012964
16 0.012605
9 0.012711
20 0.012770
79 0.012773
61 0.012631
28 0.012867
68 0.013030
27 0.012893
1 0.012616
72 0.012768
7 0.012843
33 0.012856
60 0.013025
4 0.012999
41 0.012842
37 0.012815
73 0.012711
30 0.012861
32 0.012669
29 0.012867
34 0.012883
58 0.013008
70 0.012913
23 0.012756
50 0.012741
24 0.012866
19 0.012770
25 0.012809
51 0.012798
46 0.012981
21 0.012976
44 0.012933
75 0.012862
77 0.012834
71 0.012972
8 0.012787
17 0.012907
62 0.013008
26 0.013102
18 0.012917
40 0.012820
55 0.012798
57 0.012770
67 0.012811
5 0.012664
52 0.012680
47 0.012748
36 0.012816
69 0.012772
22 0.012725
45 0.012946
42 0.012836
78 0.012831
6 0.012935
66 0.012795
56 0.012650
38 0.012844
3 0.012843
48 0.012646
39 0.012885
12 0.012760
31 0.012702
54 0.012850
2 0.012597
10 0.012945
59 0.012618
11368 0.000001
10 79
41 0.013031
70 0.012709
10 0.012993
40 0.012980
51 0.012727
7 0.012985
54 0.012820
9 0.013033
1 0.012730
53 0.012720
2 0.012938
43 0.012793
61 0.012876
73 0.012681
76 0.012732
46 0.012680
34 0.012957
60 0.012936
62 0.012932
78 0.012779
26 0.012784
71 0.012967
12 0.012725
31 0.012922
57 0.012725
3 0.012955
4 0.012854
23 0.012901
29 0.012903
28 0.012979
37 0.012782
47 0.012680
44 0.012907
38 0.012776
18 0.012484
20 0.012776
5 0.012779
49 0.012688
65 0.012773
79 0.012821
56 0.012742
59 0.013009
8 0.012794
50 0.012832
32 0.012767
42 0.012797
15 0.012615
69 0.012752
66 0.012697
27 0.012988
22 0.012859
74 0.012938
45 0.013037
39 0.012888
17 0.012880
24 0.012861
58 0.012851
64 0.012809
16 0.012932
14 0.012798
72 0.012886
33 0.012712
75 0.012967
25 0.012583
48 0.012900
67 0.012744
13 0.012614
68 0.012705
77 0.012890
52 0.012887
30 0.012826
55 0.012833
21 0.012909
35 0.012817
6 0.012725
11 0.012666
19 0.012620
63 0.012656
33728 0.000001
196 79
15 0.012818
43 0.012842
47 0.012784
45 0.012640
71 0.012832
74 0.012765
46 0.012767
12 0.012841
23 0.012941
4 0.012745
14 0.012893
19 0.012844
66 0.012759
72 0.012811
69 0.012596
36 0.012856
28 0.012960
39 0.012786
50 0.012808
17 0.012712
7 0.012697
60 0.012787
77 0.012831
27 0.012884
41 0.012880
73 0.012740
52 0.013048
6 0.012908
29 0.012818
2 0.012800
13 0.012849
3 0.012871
40 0.012754
55 0.012809
57 0.012957
22 0.012819
38 0.012861
16 0.012744
24 0.012723
65 0.012916
70 0.012908
34 0.012767
61 0.012685
58 0.012800
49 0.012740
51 0.012897
48 0.012709
76 0.012909
75 0.012726
63 0.012896
62 0.012821
25 0.012854
10 0.012810
35 0.012862
26 0.012828
54 0.012741
8 0.012935
67 0.012872
30 0.012780
18 0.012808
5 0.012973
78 0.012657
11 0.012818
64 0.012812
33 0.012991
21 0.012880
31 0.012714
44 0.012754
68 0.012952
1 0.013072
20 0.012766
79 0.013003
9 0.012788
42 0.012794
32 0.012820
53 0.012630
59 0.012703
56 0.012828
932 0.000001
915 79
55 0.012733
36 0.012721
40 0.012702
76 0.013066
30 0.012949
65 0.012863
51 0.012762
66 0.012842
50 0.012722
59 0.012881
47 0.012879
16 0.012877
53 0.012688
23 0.012703
35 0.012790
71 0.012685
75 0.012909
5 0.012840
21 0.012705
6 0.012769
57 0.012731
79 0.013047
58 0.012954
64 0.012946
24 0.012773
46 0.013040
25 0.012949
43 0.012872
32 0.012941
67 0.012721
39 0.012849
10 0.012661
78 0.012963
52 0.012783
29 0.012743
69 0.012691
63 0.012930
68 0.012879
41 0.013105
15 0.012904
31 0.012735
1 0.012819
33 0.012717
45 0.013041
18 0.012659
60 0.012825
19 0.012689
74 0.012734
42 0.012712
12 0.012705
61 0.012773
62 0.012632
13 0.012842
8 0.012642
37 0.013036
20 0.012866
72 0.012862
3 0.012918
7 0.012684
22 0.012756
54 0.012780
2 0.012757
28 0.012712
56 0.013023
11 0.012680
9 0.013052
73 0.012899
48 0.012714
14 0.013046
27 0.012819
17 0.012703
44 0.012703
34 0.012894
77 0.012749
49 0.012804
70 0.012952
26 0.012934
4 0.012563
28150 0.000001
325 79
17 0.012876
58 0.012690
29 0.012719
71 0.012854
79 0.013030
74 0.012784
54 0.012952
68 0.012640
69 0.012847
36 0.012749
7 0.012754
65 0.012733
30 0.012804
70 0.012788
31 0.012849
63 0.012686
11 0.012809
26 0.012753
38 0.012803
73 0.012577
22 0.012627
8 0.012906
18 0.012864
46 0.012863
23 0.012635
27 0.012876
32 0.012820
67 0.012809
59 0.012534
3 0.012844
61 0.012704
12 0.012725
19 0.012841
66 0.012765
51 0.012834
52 0.012948
64 0.012795
72 0.012645
37 0.012854
5 0.013031
24 0.012916
62 0.012846
10 0.012754
60 0.012813
35 0.012779
13 0.012815
25 0.012874
33 0.012890
57 0.012693
14 0.012927
49 0.012858
55 0.012777
78 0.012836
9 0.012732
75 0.012909
21 0.012958
76 0.012794
42 0.012887
56 0.013004
43 0.012702
6 0.012954
50 0.012825
77 0.012708
45 0.012932
40 0.012947
53 0.012950
15 0.012753
4 0.012928
34 0.012992
20 0.012718
47 0.012769
16 0.013095
41 0.012957
1 0.012831
28 0.012807
2 0.012819
44 0.012842
48 0.012791
43498 0.000001
410 79
76 0.012844
11 0.012789
22 0.012815
73 0.012769
3 0.012788
35 0.012777
4 0.012724
77 0.013025
46 0.012724
71 0.012800
70 0.012954
27 0.012848
42 0.012834
44 0.012897
28 0.012584
56 0.012926
9 0.012739
5 0.012708
13 0.012744
55 0.012981
33 0.012762
38 0.012742
52 0.012875
41 0.012772
43 0.012503
75 0.012645
6 0.012746
8 0.012819
36 0.012657
10 0.012699
34 0.013010
16 0.012743
19 0.012652
26 0.013041
69 0.012945
37 0.012907
39 0.012994
30 0.012875
47 0.012890
61 0.012786
12 0.012860
23 0.012816
2 0.012781
57 0.012682
63 0.012675
7 0.012599
66 0.012728
72 0.013078
21 0.013016
45 0.012865
17 0.012768
14 0.013022
54 0.012602
18 0.012793
25 0.012839
68 0.012672
60 0.013003
64 0.012739
79 0.012949
51 0.012587
74 0.012932
50 0.012951
78 0.012976
67 0.012889
31 0.012876
62 0.012716
49 0.012779
65 0.012915
59 0.012855
32 0.012943
53 0.012881
24 0.012889
1 0.012893
29 0.012927
15 0.012833
20 0.012682
58 0.012831
48 0.012824
14216 0.000001
579 79
63 0.012868
69 0.012772
59 0.012845
7 0.012998
39 0.012886
36 0.012807
76 0.012701
9 0.012839
71 0.012960
5 0.012717
3 0.012841
47 0.012873
54 0.012927
50 0.012878
33 0.012783
61 0.012912
58 0.012765
55 0.012935
40 0.012788
20 0.012883
4 0.012943
42 0.012833
11 0.012696
8 0.012842
73 0.012827
68 0.012818
57 0.012840
16 0.012793
79 0.012765
70 0.012867
77 0.012728
30 0.012646
72 0.012984
28 0.012874
56 0.012912
21 0.012805
75 0.012982
2 0.012822
13 0.012668
32 0.012748
65 0.012649
67 0.012660
18 0.013084
35 0.012695
15 0.012763
29 0.012824
6 0.012646
43 0.012772
17 0.012872
64 0.012753
19 0.012757
38 0.012969
48 0.012831
37 0.012768
12 0.012849
46 0.012806
24 0.012711
23 0.012925
52 0.012900
26 0.012680
74 0.012728
10 0.012931
22 0.012715
53 0.012985
44 0.012639
45 0.012863
1 0.012744
78 0.012921
51 0.012809
27 0.012719
66 0.012890
34 0.012840
31 0.012928
25 0.012668
14 0.013038
62 0.012703
49 0.012831
60 0.012762
480 0.000001
880 79
13 0.012692
76 0.012748
27 0.012872
2 0.012975
30 0.013004
38 0.013033
69 0.012846
44 0.012717
1 0.012670
75 0.012826
16 0.012664
62 0.012860
29 0.012726
33 0.012652
10 0.012989
39 0.012870
6 0.012736
46 0.012903
40 0.012670
67 0.012875
26 0.012842
49 0.012784
71 0.012686
56 0.012771
55 0.012775
77 0.012843
64 0.012792
58 0.012700
37 0.012896
31 0.012738
35 0.012759
7 0.012953
68 0.012925
50 0.012852
32 0.012707
36 0.012640
25 0.012799
9 0.012750
34 0.012918
65 0.012805
3 0.012974
18 0.012677
28 0.012733
24 0.012789
52 0.012717
23 0.012785
78 0.012649
4 0.012811
15 0.012824
59 0.012757
43 0.012946
73 0.012823
45 0.012928
20 0.012936
51 0.012695
53 0.012976
70 0.012916
79 0.012747
48 0.012644
47 0.012599
61 0.012748
22 0.013071
74 0.013034
5 0.012919
54 0.012695
21 0.012903
41 0.012858
17 0.012779
66 0.012861
60 0.012813
19 0.013006
63 0.012711
72 0.012821
8 0.012844
57 0.013018
14 0.012875
11 0.012920
12 0.012934
31792 0.000001
593 79
14 0.012778
21 0.012852
73 0.012792
78 0.012866
77 0.013021
7 0.012972
74 0.012879
65 0.012797
5 0.012620
72 0.012682
68 0.012758
8 0.012868
24 0.012890
51 0.012921
50 0.013036
30 0.012973
52 0.012810
1 0.012922
13 0.012826
41 0.012886
25 0.012833
70 0.012876
42 0.012655
29 0.012907
11 0.012736
75 0.012548
36 0.013006
49 0.012920
56 0.012732
63 0.012655
15 0.012565
76 0.012879
48 0.012791
71 0.012840
17 0.012904
18 0.012861
27 0.012669
4 0.012774
44 0.012800
19 0.012647
64 0.012663
59 0.012803
79 0.012718
37 0.012962
53 0.013097
61 0.012854
10 0.012853
28 0.012855
57 0.012849
62 0.012704
26 0.012886
35 0.012809
54 0.012949
12 0.012739
69 0.013138
22 0.012755
6 0.012536
38 0.012684
47 0.012918
67 0.012836
9 0.012728
33 0.012932
23 0.012855
39 0.012718
34 0.012730
60 0.012855
58 0.012615
2 0.012731
31 0.012971
66 0.012823
55 0.012916
20 0.012989
40 0.012939
32 0.012744
16 0.012675
45 0.012675
3 0.012869
46 0.012879
25211 0.000001
861 79
7 0.012759
35 0.012721
78 0.012841
8 0.013106
62 0.012861
65 0.012695
57 0.012687
22 0.012805
18 0.012638
77 0.012815
79 0.012734
56 0.012751
19 0.012982
39 0.012813
13 0.012557
17 0.012697
12 0.012719
63 0.012864
38 0.012733
6 0.012850
75 0.013002
59 0.012758
32 0.012694
61 0.012918
40 0.012693
74 0.012909
2 0.012673
67 0.012836
23 0.012893
45 0.012865
5 0.012945
69 0.012968
51 0.012971
58 0.012765
24 0.013032
29 0.012769
42 0.012788
21 0.012863
47 0.012861
54 0.012670
64 0.012907
76 0.013033
30 0.012706
31 0.012786
43 0.012710
10 0.012672
15 0.012742
34 0.012590
26 0.012965
37 0.012641
4 0.012773
36 0.012660
73 0.012794
48 0.012927
60 0.012755
50 0.013023
66 0.012779
71 0.012639
46 0.012884
27 0.012743
52 0.012860
49 0.012940
70 0.012879
55 0.012943
9 0.013011
16 0.012825
20 0.012895
11 0.012878
25 0.012993
33 0.012996
41 0.012679
28 0.012727
1 0.012953
72 0.012965
3 0.012904
14 0.012813
68 0.012822
53 0.012686
14492 0.000001
348 79
9 0.012842
1 0.012823
21 0.012972
78 0.012807
50 0.012671
23 0.012951
73 0.012846
61 0.012992
14 0.012977
53 0.012743
76 0.012870
52 0.012781
33 0.012560
44 0.012773
46 0.012702
55 0.012833
27 0.012731
22 0.012568
18 0.012715
41 0.012871
3 0.012759
39 0.012923
8 0.012635
70 0.012766
19 0.012820
79 0.012721
2 0.012968
12 0.012773
72 0.012727
67 0.012826
13 0.012806
16 0.012729
51 0.012769
66 0.012787
10 0.012810
7 0.013029
43 0.012734
38 0.012778
24 0.012797
57 0.012946
37 0.012834
31 0.012599
29 0.012809
32 0.012766
64 0.012837
5 0.012937
62 0.012789
6 0.012705
11 0.012989
26 0.012682
65 0.012828
69 0.012667
34 0.012874
75 0.012695
15 0.012782
58 0.012833
56 0.012806
63 0.012955
40 0.012904
36 0.012740
42 0.012767
4 0.012786
71 0.012974
35 0.012750
54 0.012900
77 0.012856
59 0.012834
49 0.013012
68 0.012702
17 0.012862
30 0.012879
48 0.012939
60 0.012870
25 0.013017
74 0.012980
20 0.012847
28 0.012853
47 0.013009
27201 0.000001
216 79
76 0.012725
78 0.012858
15 0.012825
27 0.012908
58 0.012552
54 0.012768
12 0.013054
5 0.012931
23 0.012980
44 0.012786
18 0.013013
57 0.012803
71 0.012850
31 0.012926
72 0.012724
10 0.012802
25 0.012676
33 0.013050
40 0.012702
11 0.012848
20 0.012970
13 0.012866
49 0.012900
16 0.012791
74 0.012943
53 0.012908
64 0.012693
66 0.012584
60 0.012741
28 0.012880
59 0.012821
50 0.012657
38 0.012681
68 0.012723
61 0.012696
34 0.012944
55 0.012925
75 0.012777
56 0.012879
4 0.012678
47 0.012758
7 0.012966
73 0.012958
65 0.012638
42 0.013155
48 0.012770
67 0.012931
24 0.012912
9 0.012807
26 0.012841
29 0.012978
45 0.012664
62 0.012805
8 0.012798
63 0.012834
39 0.012829
17 0.012810
3 0.012859
22 0.012693
69 0.012847
14 0.012874
77 0.012910
30 0.012776
2 0.012770
21 0.012789
41 0.012787
19 0.012759
1 0.012956
36 0.012898
52 0.012926
35 0.012703
43 0.012837
79 0.012702
70 0.012549
6 0.012738
51 0.012812
37 0.012698
32 0.012824
23517 0.000001
247 79
41 0.012980
16 0.012885
40 0.012567
49 0.012808
14 0.013133
50 0.012724
21 0.012782
65 0.012802
13 0.012866
10 0.012756
55 0.012948
12 0.013012
60 0.012751
32 0.012948
37 0.012862
54 0.012862
57 0.012925
46 0.012823
39 0.012931
22 0.012750
44 0.012796
77 0.012670
76 0.012797
63 0.012710
8 0.012790
34 0.012876
52 0.012645
56 0.012902
75 0.012816
4 0.012780
7 0.012899
30 0.012844
67 0.012642
5 0.012596
73 0.012940
29 0.012696
48 0.012726
31 0.012908
61 0.012997
43 0.012820
70 0.012752
17 0.012727
28 0.012795
62 0.012825
59 0.012835
11 0.012958
33 0.012880
79 0.012834
78 0.012928
9 0.013056
3 0.012846
35 0.012641
45 0.012702
27 0.012980
53 0.012787
25 0.012804
36 0.012922
74 0.012731
58 0.012721
2 0.012930
19 0.012791
38 0.012855
1 0.012885
18 0.012885
15 0.012864
64 0.012892
42 0.012745
72 0.012946
23 0.012671
66 0.012848
6 0.012675
51 0.012868
20 0.012871
68 0.012752
26 0.012694
69 0.012638
71 0.012829
24 0.012671
433 0.000001
185 79
34 0.012814
33 0.012900
15 0.012900
25 0.012796
46 0.012995
4 0.012950
28 0.012863
77 0.012855
9 0.012986
51 0.012503
50 0.013106
23 0.012863
57 0.012705
54 0.012853
26 0.012776
38 0.012682
35 0.012812
14 0.012829
31 0.012828
68 0.012731
60 0.012822
17 0.012829
22 0.012921
69 0.012919
42 0.012864
1 0.012630
72 0.012672
6 0.012774
39 0.012895
64 0.012795
21 0.012760
8 0.012837
44 0.012721
47 0.012884
67 0.012643
32 0.012881
5 0.012865
62 0.012903
70 0.012823
13 0.012702
78 0.012839
19 0.012859
40 0.012736
61 0.012859
10 0.012835
56 0.012837
29 0.012816
71 0.012732
55 0.013089
20 0.012843
66 0.012877
24 0.012792
75 0.012818
53 0.012954
74 0.012737
65 0.012871
16 0.012723
73 0.012816
49 0.012828
52 0.012858
11 0.012834
7 0.012869
59 0.012854
45 0.012784
41 0.012794
43 0.012760
79 0.012681
36 0.012688
30 0.012888
63 0.012929
12 0.012641
3 0.012752
37 0.012769
58 0.012963
18 0.012887
2 0.012997
76 0.012685
27 0.012618
27332 0.000001
152 79
60 0.012764
63 0.012837
34 0.012851
55 0.012829
53 0.012746
16 0.012853
44 0.012641
9 0.012809
48 0.012696
72 0.012654
59 0.012809
46 0.012872
36 0.012731
42 0.012924
76 0.012877
68 0.012814
5 0.012612
41 0.012841
71 0.012659
15 0.012810
35 0.012777
14 0.012857
18 0.013024
37 0.012917
51 0.012730
30 0.012921
47 0.012735
65 0.012680
13 0.013081
78 0.012799
25 0.012766
75 0.012921
28 0.012913
23 0.012698
39 0.012937
31 0.012849
10 0.013013
32 0.012847
79 0.012980
24 0.012544
62 0.012887
56 0.012780
64 0.012920
43 0.012663
54 0.013065
11 0.012890
4 0.012889
19 0.013020
52 0.012629
33 0.012906
27 0.012781
77 0.012827
45 0.012761
70 0.012631
38 0.012811
58 0.012811
3 0.012582
73 0.012892
7 0.012871
40 0.012843
66 0.012684
17 0.012788
12 0.012812
69 0.012747
8 0.012835
21 0.012724
74 0.012931
50 0.012815
29 0.012741
2 0.012994
57 0.012993
6 0.012967
61 0.013045
20 0.012839
67 0.012602
1 0.012714
22 0.012700
26 0.012991
16422 0.000001
801 79
18 0.012795
74 0.012647
59 0.012717
72 0.012787
24 0.012672
26 0.012961
65 0.012917
25 0.012886
60 0.013015
58 0.012761
77 0.012723
42 0.012829
33 0.012725
38 0.012840
70 0.012869
29 0.012857
15 0.012656
21 0.012943
34 0.012775
54 0.012738
40 0.012943
17 0.012914
73 0.012883
69 0.012743
35 0.012641
28 0.012838
5 0.012919
53 0.012908
52 0.012720
36 0.012810
12 0.012933
41 0.012706
19 0.012917
62 0.012671
32 0.012604
10 0.012957
61 0.012856
8 0.012867
39 0.013026
79 0.012723
71 0.012897
55 0.012851
20 0.012867
47 0.012904
45 0.012651
4 0.012781
78 0.012850
14 0.013012
2 0.012949
44 0.012818
57 0.012704
43 0.012868
6 0.012908
76 0.012929
67 0.013012
3 0.012897
51 0.012823
30 0.012787
68 0.012758
64 0.012817
23 0.012603
46 0.012556
13 0.012807
11 0.012724
56 0.012957
1 0.012757
16 0.012910
7 0.012856
9 0.012941
63 0.012848
49 0.012730
27 0.012674
66 0.012649
48 0.012886
22 0.012837
31 0.012775
37 0.012919
75 0.012795
5208 0.000001
215 79
48 0.012691
10 0.012887
65 0.012940
58 0.012868
68 0.012611
15 0.012888
67 0.012892
62 0.012854
6 0.012785
27 0.012708
41 0.012918
3 0.012656
40 0.012816
26 0.012880
59 0.012787
33 0.012782
71 0.012839
8 0.012897
52 0.012627
61 0.012907
11 0.012778
44 0.012896
5 0.012655
57 0.012820
1 0.012732
72 0.013110
18 0.012721
13 0.012655
47 0.012927
64 0.012853
20 0.012763
2 0.012815
78 0.012640
60 0.012766
16 0.012671
56 0.012524
35 0.012895
77 0.012777
79 0.012739
22 0.012808
19 0.012631
25 0.012931
24 0.012869
45 0.012655
53 0.012636
42 0.012729
29 0.012913
7 0.012656
32 0.013113
4 0.012808
69 0.012856
36 0.012948
74 0.013060
43 0.012784
76 0.012936
14 0.012850
75 0.012938
66 0.012602
54 0.012927
23 0.013002
73 0.013139
37 0.012950
46 0.012883
12 0.012645
31 0.012788
28 0.012771
55 0.012847
17 0.012799
34 0.012895
38 0.012975
9 0.012928
50 0.012793
63 0.012611
49 0.013057
21 0.012701
30 0.012891
70 0.012790
39 0.012914
3891 0.000001
232 79
23 0.012845
73 0.012933
9 0.012760
10 0.012687
27 0.012703
60 0.012736
38 0.013011
61 0.012909
32 0.012886
74 0.012677
59 0.013027
33 0.012817
24 0.012770
11 0.012800
28 0.012818
13 0.012745
68 0.012767
22 0.012753
50 0.012875
1 0.012941
71 0.012977
47 0.012816
12 0.012840
78 0.012843
70 0.012726
77 0.012934
44 0.012845
34 0.012792
2 0.012642
43 0.012925
66 0.012937
17 0.012685
41 0.012798
26 0.012920
20 0.012929
62 0.012733
54 0.012727
65 0.012668
15 0.012715
72 0.012562
39 0.012838
37 0.012824
40 0.012817
14 0.012974
30 0.012723
69 0.012801
48 0.012821
46 0.012738
21 0.012718
55 0.012871
35 0.012726
42 0.012965
53 0.012957
79 0.012904
58 0.012714
76 0.012813
25 0.012869
29 0.012787
63 0.012841
4 0.013088
56 0.012628
67 0.012801
31 0.012753
6 0.012822
57 0.013168
16 0.012721
64 0.012672
51 0.012848
7 0.012879
49 0.012629
8 0.012889
75 0.012822
45 0.012852
3 0.013059
18 0.012707
5 0.012812
36 0.012847
19 0.012827
7322 0.000001
813 79
63 0.012799
2 0.012670
61 0.012792
44 0.012583
5 0.012664
70 0.012812
69 0.012771
55 0.012844
21 0.012988
15 0.012867
41 0.012889
24 0.012834
40 0.012780
12 0.012737
43 0.012890
39 0.012895
42 0.012717
35 0.012668
19 0.012924
73 0.012857
54 0.012891
71 0.012655
67 0.012817
48 0.012896
22 0.012882
51 0.012804
46 0.012751
75 0.012892
6 0.012872
37 0.012729
65 0.012784
17 0.012852
10 0.012885
66 0.012921
64 0.012869
47 0.012858
68 0.012910
26 0.012724
13 0.012862
59 0.012847
29 0.013032
79 0.012757
11 0.012713
62 0.012907
78 0.012739
7 0.012815
33 0.012716
3 0.012789
74 0.012711
23 0.012899
25 0.012726
4 0.012784
38 0.012838
32 0.012689
30 0.012826
1 0.012883
20 0.012968
58 0.012895
72 0.012848
76 0.013061
16 0.012790
45 0.012911
56 0.012879
8 0.012906
27 0.012892
9 0.012858
28 0.012801
49 0.012930
57 0.012726
77 0.012770
60 0.012724
31 0.012656
36 0.012846
34 0.012769
14 0.012707
52 0.012923
18 0.012808
50 0.012825
26048 0.000001
605 79
23 0.012992
48 0.012772
68 0.012842
44 0.012847
67 0.012805
8 0.012838
60 0.012916
79 0.012793
7 0.012742
51 0.012766
69 0.012918
71 0.012880
38 0.012583
73 0.012766
13 0.013075
34 0.012934
39 0.012736
9 0.012985
72 0.012868
20 0.012841
21 0.012796
56 0.012802
75 0.012636
24 0.012942
70 0.012868
17 0.012751
22 0.012780
12 0.012940
14 0.012931
28 0.012874
46 0.012888
76 0.012791
59 0.012796
31 0.012937
57 0.012616
16 0.012851
74 0.012807
65 0.012803
37 0.012774
10 0.012923
25 0.012864
19 0.013019
32 0.012953
15 0.012652
5 0.012717
66 0.012585
52 0.012706
58 0.012742
47 0.012721
53 0.012723
62 0.012743
42 0.012714
50 0.012806
77 0.012861
36 0.012880
2 0.012700
6 0.012698
33 0.012803
45 0.012749
4 0.012584
64 0.012939
1 0.012830
43 0.013003
27 0.012801
40 0.012813
41 0.012821
78 0.012946
11 0.012890
55 0.012863
18 0.012925
49 0.012858
61 0.012953
30 0.012783
35 0.012550
29 0.012712
3 0.012940
26 0.012892
63 0.012855
41129 0.000001
425 79
67 0.012911
62 0.012853
17 0.012943
4 0.012729
23 0.012852
32 0.012811
37 0.012818
76 0.012854
56 0.012583
6 0.012823
13 0.012842
19 0.012719
20 0.012527
78 0.012721
16 0.012859
43 0.012794
58 0.012962
65 0.012888
11 0.012804
31 0.012826
48 0.012931
12 0.012631
45 0.012728
39 0.012957
34 0.012709
27 0.012837
74 0.012879
40 0.012997
15 0.012804
72 0.012920
3 0.012747
2 0.012899
44 0.012695
24 0.012871
59 0.012869
8 0.012889
51 0.012910
46 0.012973
25 0.012968
10 0.012834
47 0.012960
49 0.012851
77 0.012915
14 0.012905
1 0.012746
18 0.012617
50 0.012732
7 0.012871
33 0.012955
54 0.012925
22 0.012810
63 0.012773
66 0.012878
73 0.012807
75 0.012827
69 0.012744
57 0.012848
79 0.012879
60 0.012889
30 0.012835
64 0.012806
70 0.012948
71 0.012625
29 0.012802
68 0.012720
26 0.012710
28 0.012860
5 0.012958
52 0.012626
53 0.012559
42 0.012713
61 0.012856
9 0.012804
36 0.012809
21 0.012902
38 0.012683
35 0.012991
41 0.012693
9245 0.000001
1000 79
19 0.012934
43 0.012627
59 0.012780
10 0.012835
51 0.012698
66 0.013042
30 0.012904
73 0.012943
70 0.012754
26 0.012592
72 0.012823
5 0.012872
65 0.012958
42 0.012782
4 0.012765
24 0.012643
52 0.012769
71 0.012909
16 0.012872
55 0.012866
45 0.012768
8 0.012829
3 0.013027
27 0.012844
62 0.012722
40 0.012805
54 0.012845
20 0.012806
67 0.012718
61 0.012587
39 0.012692
58 0.012851
44 0.012717
7 0.012858
74 0.012850
36 0.012715
29 0.012682
18 0.012823
79 0.013143
46 0.012742
9 0.012968
35 0.012844
41 0.012779
21 0.013010
22 0.012820
60 0.012851
77 0.012638
23 0.012812
25 0.012983
38 0.012862
17 0.012897
57 0.013104
53 0.012853
1 0.012813
48 0.012826
63 0.012846
15 0.012838
76 0.012931
12 0.012768
32 0.012742
14 0.012632
34 0.012862
2 0.012690
31 0.012769
75 0.012936
49 0.012794
50 0.012689
69 0.012802
47 0.012780
11 0.012810
33 0.013005
6 0.012994
78 0.012536
68 0.012759
13 0.013097
37 0.012627
64 0.012802
28 0.012838
40801 0.000001
276 79
10 0.012811
39 0.012871
23 0.012869
19 0.012915
22 0.012676
1 0.012882
79 0.012916
40 0.012771
69 0.012791
34 0.012847
70 0.012941
74 0.012690
76 0.012828
75 0.012774
45 0.012934
7 0.012720
43 0.012632
17 0.012944
47 0.012749
15 0.012643
13 0.013015
37 0.012854
44 0.012749
67 0.013028
24 0.012684
36 0.012948
52 0.012992
5 0.012845
58 0.012951
31 0.012708
32 0.012861
20 0.012713
18 0.012868
3 0.012778
25 0.012835
73 0.012908
61 0.012847
26 0.012661
6 0.012781
9 0.012805
42 0.012809
33 0.012642
56 0.012882
11 0.012803
78 0.012890
72 0.012760
71 0.012703
63 0.012513
14 0.012875
55 0.012845
64 0.012779
16 0.012730
66 0.012796
38 0.012968
60 0.012686
59 0.012761
4 0.012831
77 0.012684
8 0.012852
46 0.012638
65 0.012681
21 0.012996
68 0.013055
29 0.012977
54 0.012918
28 0.012904
41 0.012692
2 0.012786
12 0.012954
48 0.013077
51 0.012749
50 0.012809
30 0.012720
62 0.012904
27 0.012784
49 0.012768
53 0.012709
35 0.013034
8013 0.000001
331 79
52 0.012899
43 0.012778
28 0.012728
5 0.013171
47 0.012760
42 0.012910
10 0.012921
64 0.012883
50 0.012866
76 0.012833
46 0.012771
37 0.012839
34 0.012774
33 0.012865
36 0.012795
20 0.012718
77 0.013050
21 0.012635
78 0.012757
70 0.012934
71 0.012916
61 0.012811
2 0.012785
79 0.012676
12 0.012857
69 0.012742
11 0.012783
27 0.012907
29 0.012813
51 0.012510
67 0.012760
9 0.012723
62 0.012756
40 0.012792
25 0.012760
17 0.012834
60 0.012674
23 0.012872
53 0.012701
15 0.012774
68 0.012837
24 0.012758
6 0.012885
55 0.012716
39 0.012999
72 0.012962
30 0.012937
48 0.012714
7 0.012793
22 0.012949
13 0.012730
31 0.012930
63 0.012861
66 0.012771
56 0.012751
3 0.012788
14 0.012785
44 0.012775
57 0.012692
4 0.012967
54 0.012926
45 0.012941
8 0.012765
74 0.012897
49 0.012728
75 0.012580
65 0.012777
41 0.012791
19 0.012845
32 0.012870
18 0.012682
16 0.013097
1 0.013087
35 0.012887
38 0.013026
73 0.012767
26 0.012722
59 0.012678
5760 0.000001
157 79
4 0.012860
8 0.012843
47 0.013055
12 0.012766
60 0.012954
49 0.013052
75 0.012899
53 0.012788
5 0.012804
10 0.012808
28 0.012681
67 0.012977
69 0.012733
51 0.012848
13 0.012853
48 0.012746
52 0.012693
65 0.012752
6 0.012684
74 0.012649
35 0.012527
34 0.012932
16 0.012798
44 0.012657
45 0.012750
61 0.012720
27 0.013008
39 0.012948
38 0.012740
64 0.012886
23 0.012911
78 0.012770
17 0.012708
11 0.012792
24 0.012845
33 0.012607
72 0.012737
50 0.012757
56 0.012845
32 0.012844
63 0.012852
68 0.012934
29 0.013004
42 0.012669
71 0.012724
21 0.012790
9 0.012726
26 0.012819
18 0.012974
37 0.012795
15 0.012943
1 0.012854
58 0.012829
57 0.012665
22 0.012955
46 0.012840
41 0.012604
2 0.012628
19 0.012975
31 0.013129
36 0.012720
14 0.012755
3 0.012818
66 0.012807
54 0.012874
62 0.012809
30 0.012703
77 0.012827
25 0.012925
70 0.012892
55 0.012859
76 0.012999
73 0.012977
7 0.012865
40 0.012847
79 0.012620
43 0.012739
20 0.013027
20598 0.000001
163 79
55 0.012720
72 0.012721
37 0.012927
76 0.013010
49 0.012904
59 0.012820
22 0.012847
9 0.012939
53 0.012785
7 0.012767
36 0.012804
30 0.012717
65 0.012678
35 0.012893
32 0.012812
1 0.012862
75 0.012747
16 0.012720
51 0.012811
3 0.012775
74 0.012785
64 0.012851
6 0.013015
46 0.012990
4 0.012941
24 0.012783
8 0.012774
77 0.012911
39 0.012758
54 0.012896
73 0.012796
10 0.012702
66 0.012883
50 0.012784
42 0.012865
5 0.012884
2 0.012674
63 0.012692
25 0.012740
11 0.012790
79 0.012875
29 0.012734
68 0.012732
17 0.012928
70 0.012915
67 0.012811
18 0.013016
34 0.012706
23 0.012924
43 0.013016
56 0.012887
20 0.012779
47 0.012846
38 0.012559
14 0.012880
52 0.013151
45 0.012718
21 0.012747
41 0.012966
57 0.013012
48 0.012740
13 0.012864
33 0.012821
12 0.012684
15 0.012837
31 0.013023
26 0.012708
27 0.012783
28 0.012658
71 0.012781
61 0.012730
58 0.012905
69 0.012770
62 0.012679
78 0.012827
40 0.012773
44 0.012787
19 0.012654
41819 0.000001
717 79
38 0.012780
41 0.012818
51 0.012782
23 0.012940
65 0.012759
76 0.012915
19 0.012850
1 0.012697
73 0.012773
64 0.012803
13 0.013052
52 0.012642
69 0.012969
50 0.012628
53 0.012760
12 0.012946
75 0.012850
17 0.012916
66 0.012850
59 0.012674
44 0.012820
34 0.012889
37 0.012754
9 0.012934
70 0.012832
33 0.012874
56 0.012833
58 0.012615
62 0.012671
48 0.012849
29 0.012960
20 0.012832
79 0.013023
28 0.012853
27 0.012738
6 0.012827
2 0.012900
14 0.012819
71 0.013076
49 0.012855
26 0.012591
57 0.012948
45 0.012807
21 0.012785
5 0.012713
30 0.012967
42 0.012794
8 0.012810
24 0.012735
36 0.012952
54 0.012796
11 0.012811
25 0.012952
40 0.012940
31 0.012897
3 0.012922
46 0.012560
18 0.012670
4 0.012794
60 0.012778
10 0.012784
67 0.012850
15 0.012705
78 0.012843
7 0.012823
16 0.012978
68 0.012859
22 0.012543
39 0.012930
72 0.012662
35 0.012814
55 0.012934
32 0.012795
77 0.012887
63 0.012798
43 0.012676
47 0.012838
74 0.012700
9418 0.000001
122 79
57 0.013044
78 0.012762
54 0.012809
9 0.012739
53 0.012886
2 0.012878
67 0.012881
75 0.012946
79 0.012571
60 0.012696
22 0.012946
35 0.012805
68 0.012713
48 0.012841
42 0.012971
13 0.012899
36 0.012954
59 0.012786
58 0.012912
77 0.012926
26 0.012794
3 0.012654
25 0.012655
24 0.012755
73 0.013002
29 0.012812
45 0.012907
65 0.012746
69 0.012831
72 0.012649
76 0.012879
14 0.012904
34 0.012801
31 0.012812
37 0.012902
11 0.012895
56 0.012802
51 0.012830
20 0.012811
39 0.012894
50 0.012653
55 0.012823
17 0.012843
44 0.012718
52 0.012863
7 0.012742
41 0.012953
12 0.012850
27 0.012867
32 0.012744
19 0.012770
18 0.012835
8 0.012722
63 0.012935
1 0.012815
21 0.012760
30 0.012989
15 0.012960
46 0.012897
43 0.012793
6 0.012670
33 0.012846
47 0.012803
74 0.012993
23 0.012607
61 0.012753
66 0.012934
49 0.012811
71 0.012756
16 0.012897
5 0.012821
70 0.012802
40 0.012788
10 0.012752
28 0.012662
4 0.012866
64 0.012518
38 0.012888
5906 0.000001
691 79
61 0.012634
13 0.013141
78 0.012573
19 0.013007
48 0.013009
51 0.012743
42 0.012725
74 0.012699
29 0.012894
46 0.012859
28 0.012948
34 0.012986
73 0.013028
8 0.012804
3 0.012804
50 0.012680
31 0.012901
17 0.012941
24 0.012780
35 0.012739
39 0.012735
2 0.012553
43 0.013071
27 0.012790
5 0.012665
60 0.013003
36 0.012841
45 0.012728
65 0.012956
26 0.012842
66 0.012760
37 0.012745
53 0.012748
32 0.012870
59 0.012826
16 0.012625
10 0.012909
22 0.012745
76 0.012740
64 0.012836
33 0.012836
18 0.012895
79 0.012909
44 0.012712
55 0.012874
14 0.012821
69 0.013028
75 0.012855
72 0.012871
25 0.012837
68 0.012759
41 0.013025
71 0.012704
54 0.012859
38 0.012792
9 0.013078
52 0.012677
62 0.012836
1 0.012690
30 0.012778
70 0.012655
23 0.012764
77 0.013031
49 0.012753
58 0.012906
47 0.012880
12 0.012863
56 0.012652
4 0.012734
67 0.012766
7 0.012813
6 0.012859
21 0.012757
15 0.012759
11 0.012845
40 0.012836
57 0.012686
20 0.012721
808 0.000001
600 79
50 0.012957
76 0.012887
9 0.012695
20 0.012799
37 0.012774
10 0.013013
15 0.012699
59 0.012624
54 0.012824
61 0.012857
40 0.012763
65 0.012868
6 0.012740
4 0.012775
56 0.012716
38 0.012845
26 0.012772
11 0.012933
17 0.013003
14 0.012752
71 0.012778
45 0.012732
74 0.012976
3 0.012669
62 0.012776
44 0.012977
68 0.012866
55 0.012781
48 0.012689
30 0.012937
49 0.012591
70 0.013019
21 0.012894
13 0.012594
79 0.012931
5 0.012845
7 0.012687
32 0.012955
73 0.012979
42 0.012826
36 0.012688
75 0.012657
34 0.012845
67 0.012646
19 0.012804
35 0.012823
27 0.012880
47 0.012817
22 0.012914
51 0.012738
24 0.012822
69 0.012829
53 0.012679
63 0.012726
57 0.012790
23 0.012818
60 0.012960
33 0.012892
78 0.012815
25 0.012935
46 0.012911
28 0.012724
58 0.012756
29 0.012800
77 0.012899
16 0.012945
39 0.012868
72 0.012811
43 0.012807
41 0.012787
52 0.012884
1 0.012807
66 0.012951
12 0.012865
2 0.012792
8 0.012977
31 0.012873
18 0.012666
32567 0.000001
784 79
28 0.012924
43 0.012763
59 0.012802
74 0.012867
42 0.012751
77 0.012807
45 0.012872
71 0.012814
6 0.012901
68 0.012781
31 0.012895
69 0.012745
25 0.012738
22 0.012828
38 0.013006
24 0.012652
10 0.012837
11 0.012835
9 0.012815
56 0.012933
37 0.012854
70 0.012790
49 0.012846
41 0.012737
67 0.012638
1 0.013000
32 0.012793
58 0.012760
52 0.012736
78 0.012708
29 0.012902
39 0.012899
30 0.012798
47 0.012718
61 0.012934
73 0.012894
26 0.012804
7 0.012955
36 0.012916
75 0.012876
62 0.012983
57 0.012823
54 0.012802
16 0.012859
2 0.012902
34 0.012578
60 0.012800
14 0.012707
20 0.012928
72 0.012732
18 0.012660
23 0.012805
33 0.012497
79 0.012959
21 0.012827
76 0.012833
8 0.012699
4 0.012879
13 0.012697
44 0.012708
40 0.012610
50 0.012917
53 0.012758
5 0.012885
27 0.012921
55 0.012941
35 0.012744
19 0.012923
63 0.013059
51 0.012698
66 0.012768
46 0.012907
3 0.012982
17 0.012867
15 0.012745
64 0.012839
48 0.012792
12 0.012841
42233 0.000001
860 79
60 0.012829
12 0.012691
7 0.012847
45 0.012818
69 0.012905
35 0.012789
55 0.012742
43 0.012905
25 0.013040
27 0.012939
9 0.012937
63 0.012615
33 0.012760
48 0.012826
46 0.012721
39 0.012997
28 0.012844
77 0.012583
42 0.013093
62 0.012799
8 0.013069
67 0.012821
49 0.012877
72 0.012902
36 0.012881
23 0.012893
78 0.012748
37 0.012872
6 0.012849
79 0.012792
41 0.012796
1 0.012786
64 0.012808
56 0.012891
40 0.012764
31 0.012992
54 0.012729
75 0.012699
18 0.012792
17 0.012914
73 0.012887
30 0.012800
70 0.012971
20 0.012864
65 0.012642
29 0.012816
24 0.012854
74 0.012822
16 0.012659
50 0.012847
47 0.012946
3 0.012894
34 0.012804
61 0.012835
51 0.012633
2 0.012898
58 0.012902
32 0.012693
52 0.012970
11 0.012869
59 0.012621
68 0.012672
76 0.012675
19 0.012861
38 0.012639
5 0.012993
21 0.012729
15 0.012788
4 0.012817
44 0.012608
22 0.012768
13 0.012852
26 0.012802
57 0.012739
71 0.012847
53 0.012962
14 0.012910
10 0.012555
9607 0.000001
955 79
16 0.012576
37 0.013002
2 0.012832
60 0.012660
52 0.012801
42 0.012764
31 0.012555
50 0.012814
25 0.012834
23 0.012965
61 0.012902
12 0.012862
78 0.012717
55 0.012884
33 0.012914
32 0.012871
30 0.012767
74 0.012918
29 0.013053
17 0.012967
77 0.012992
39 0.013024
73 0.012953
69 0.012709
51 0.012981
75 0.012833
7 0.012869
70 0.012804
35 0.012692
71 0.012488
4 0.012751
63 0.012704
44 0.012711
65 0.012856
47 0.012660
36 0.012740
18 0.012602
3 0.012940
24 0.012720
11 0.012782
8 0.012809
21 0.012850
45 0.013048
54 0.012733
66 0.012868
79 0.012804
28 0.012746
49 0.012837
5 0.012834
76 0.012877
59 0.012907
15 0.012845
68 0.012824
40 0.012771
56 0.012892
38 0.012680
53 0.012610
1 0.012648
48 0.013008
19 0.012771
64 0.012873
34 0.012876
22 0.012852
20 0.012904
13 0.012910
27 0.012784
10 0.012817
43 0.013052
26 0.012751
72 0.012897
62 0.012825
46 0.012965
9 0.012712
6 0.012674
57 0.012683
58 0.012804
14 0.012991
41 0.012798
37630 0.000001
102 79
47 0.012952
22 0.012835
38 0.012914
28 0.012611
73 0.012764
9 0.012821
27 0.012897
69 0.012827
42 0.012886
6 0.012791
64 0.012817
59 0.012668
51 0.012771
53 0.012841
23 0.012929
3 0.012940
45 0.012938
18 0.012819
62 0.012706
32 0.012851
56 0.012947
66 0.012929
57 0.012753
58 0.012728
76 0.012693
4 0.012961
15 0.012563
49 0.013145
8 0.012810
54 0.012747
31 0.012723
36 0.012776
17 0.012850
39 0.013014
35 0.012954
2 0.012621
12 0.012932
20 0.012665
40 0.012818
72 0.012549
48 0.012751
16 0.012794
11 0.012836
24 0.012624
37 0.012781
55 0.012946
14 0.012847
70 0.012863
1 0.012849
79 0.012734
7 0.012829
30 0.012789
75 0.012550
61 0.012834
78 0.012897
13 0.012760
34 0.012829
65 0.012993
60 0.012809
26 0.012964
74 0.012857
21 0.012707
5 0.012735
25 0.012937
19 0.012875
29 0.012746
67 0.012872
43 0.012734
52 0.012935
44 0.012820
50 0.012824
33 0.013001
46 0.012892
71 0.012942
63 0.012702
10 0.012921
77 0.012810
41 0.012654
36685 0.000001
597 79
58 0.012704
29 0.012773
65 0.012792
36 0.012879
76 0.012606
70 0.012911
19 0.012844
35 0.012804
8 0.012720
23 0.012722
1 0.012816
53 0.012781
44 0.012699
22 0.012910
60 0.012706
2 0.012899
52 0.012721
25 0.012950
38 0.012863
40 0.012590
13 0.012663
54 0.012885
30 0.012733
55 0.012947
49 0.012991
61 0.012967
33 0.012842
4 0.012699
48 0.012806
51 0.013111
77 0.012868
78 0.012799
20 0.012857
6 0.012708
24 0.012790
31 0.012780
62 0.012741
11 0.012735
16 0.012536
72 0.012805
37 0.012986
7 0.012758
47 0.012904
59 0.012809
17 0.012676
14 0.012679
57 0.012733
75 0.012799
79 0.012883
45 0.012939
3 0.012943
42 0.012812
64 0.012757
28 0.012906
39 0.012913
5 0.012904
50 0.012973
34 0.012854
66 0.012720
18 0.012948
10 0.013033
26 0.012721
21 0.012950
46 0.012840
27 0.012748
56 0.012811
67 0.012816
63 0.012892
41 0.013104
73 0.012701
12 0.012698
15 0.012736
9 0.012939
68 0.012838
74 0.012833
43 0.012764
71 0.013032
32 0.012694
36067 0.000001
511 79
17 0.012607
51 0.012713
40 0.012757
45 0.012887
57 0.012746
22 0.012779
47 0.012952
2 0.012735
64 0.012864
4 0.012745
16 0.012568
69 0.012737
78 0.012997
79 0.012734
23 0.012905
74 0.012878
36 0.012890
21 0.012860
58 0.012662
42 0.013011
63 0.012787
14 0.012759
61 0.012676
7 0.012843
3 0.012744
38 0.012708
72 0.013012
29 0.012908
28 0.012687
41 0.012630
32 0.012758
54 0.013044
77 0.012987
56 0.012904
49 0.012791
43 0.012829
44 0.012916
20 0.012758
18 0.012942
62 0.012899
6 0.012777
53 0.012836
66 0.013059
52 0.012843
15 0.012853
33 0.012607
19 0.012842
11 0.012797
46 0.012805
34 0.012715
75 0.012778
26 0.012912
9 0.012709
10 0.012786
67 0.012885
8 0.012824
5 0.012832
25 0.012879
59 0.012904
73 0.012929
35 0.012730
37 0.012757
12 0.012796
65 0.012924
31 0.012815
13 0.012829
27 0.012875
55 0.012765
39 0.012613
71 0.012806
48 0.013093
30 0.012918
60 0.012875
50 0.012950
1 0.012776
68 0.012631
76 0.012786
24 0.012879
19880 0.000001
877 79
10 0.012995
33 0.012837
54 0.012855
76 0.012800
44 0.012807
39 0.012826
42 0.012784
31 0.012868
25 0.012919
45 0.012870
50 0.013025
20 0.012830
38 0.012705
73 0.013006
24 0.012754
78 0.012869
23 0.012942
4 0.012790
40 0.012975
59 0.012815
65 0.012847
70 0.012742
49 0.012741
1 0.012731
34 0.012767
30 0.012724
3 0.012878
47 0.012676
21 0.012815
57 0.012770
27 0.012582
79 0.012863
8 0.012882
69 0.012530
77 0.012825
11 0.012874
43 0.012971
62 0.012881
61 0.013026
68 0.012786
2 0.012815
35 0.012712
19 0.012919
48 0.012836
74 0.012714
12 0.012862
37 0.012865
52 0.012538
58 0.012678
53 0.012736
22 0.012958
14 0.012784
64 0.012794
5 0.012907
56 0.013119
13 0.012944
6 0.012842
16 0.012808
28 0.012619
72 0.012906
66 0.012589
36 0.012867
29 0.012711
9 0.012843
63 0.012804
75 0.012837
7 0.012699
15 0.012699
55 0.012725
51 0.013069
46 0.012789
32 0.012724
67 0.012805
26 0.012828
18 0.012784
17 0.013028
41 0.012753
60 0.012906
43475 0.000001
79 79
44 0.012755
79 0.012646
6 0.012747
3 0.012747
36 0.012965
30 0.012718
33 0.012712
55 0.012727
29 0.012630
77 0.012896
2 0.012997
62 0.012834
75 0.012829
13 0.012851
42 0.012776
52 0.012937
16 0.012923
14 0.012888
19 0.012667
22 0.012882
28 0.012758
56 0.012842
37 0.012939
25 0.012800
53 0.012829
35 0.012960
46 0.012708
57 0.012529
18 0.012816
17 0.012961
71 0.012795
50 0.012777
26 0.012986
39 0.012699
15 0.013016
45 0.012922
65 0.012868
7 0.012632
10 0.012951
61 0.012790
11 0.013045
40 0.012859
47 0.012694
43 0.012905
63 0.012679
9 0.012746
68 0.012713
31 0.012856
69 0.012910
59 0.012918
76 0.012745
60 0.012929
78 0.012800
73 0.012709
24 0.012718
4 0.012786
27 0.012828
21 0.012972
54 0.012767
38 0.012783
49 0.013008
48 0.012795
66 0.012874
1 0.012676
67 0.012844
64 0.012770
34 0.012801
74 0.012841
41 0.012658
5 0.012946
70 0.012749
20 0.012738
8 0.012778
58 0.012974
51 0.012836
23 0.012996
12 0.012788
32 0.012860
39623 0.000001
508 79
40 0.013062
43 0.012664
3 0.012810
39 0.012841
25 0.012795
50 0.013006
26 0.012968
11 0.012825
22 0.012744
51 0.012832
37 0.012895
76 0.012767
57 0.012811
58 0.012611
47 0.012656
32 0.012572
67 0.012679
62 0.012906
23 0.012559
33 0.012707
79 0.012891
8 0.012890
27 0.012935
48 0.012646
42 0.012854
69 0.012886
71 0.012873
6 0.012847
52 0.012757
9 0.012907
70 0.012981
2 0.012805
46 0.012953
36 0.012889
18 0.012969
55 0.012888
63 0.012834
21 0.012776
45 0.012717
34 0.012915
61 0.012670
12 0.012910
65 0.012667
75 0.012847
74 0.012759
66 0.012940
64 0.012814
31 0.012927
24 0.012880
29 0.012661
68 0.012730
19 0.012788
35 0.012834
17 0.012814
7 0.012730
54 0.012936
5 0.013002
1 0.012865
15 0.012740
38 0.012837
60 0.012942
41 0.012868
53 0.012716
4 0.012851
13 0.012840
78 0.012603
77 0.012768
28 0.012713
30 0.012949
10 0.012714
59 0.012776
49 0.012944
72 0.012724
44 0.013004
16 0.012899
56 0.012659
14 0.012848
20 0.012907
19496 0.000001
837 79
4 0.012658
12 0.012561
32 0.012881
2 0.012814
28 0.012816
8 0.012897
17 0.012890
47 0.012778
56 0.012614
19 0.012676
29 0.012927
30 0.013018
52 0.012674
15 0.012788
7 0.012837
22 0.012828
5 0.012836
24 0.012909
54 0.012724
16 0.012983
70 0.012685
39 0.012903
35 0.012701
18 0.012708
23 0.012804
20 0.012810
21 0.012833
71 0.012754
67 0.012893
43 0.012887
53 0.012962
38 0.012958
63 0.012975
57 0.013014
40 0.012762
49 0.012959
33 0.012921
41 0.012892
37 0.012808
60 0.012912
76 0.012661
59 0.012750
27 0.012840
48 0.012797
79 0.012810
34 0.012592
46 0.012896
51 0.012762
61 0.012810
78 0.012753
13 0.012868
11 0.012715
3 0.012756
66 0.012745
10 0.012981
64 0.012667
45 0.012851
69 0.013062
75 0.012706
55 0.012806
25 0.012769
73 0.012831
26 0.012685
1 0.012781
72 0.012835
44 0.012809
68 0.012940
65 0.012856
77 0.012791
36 0.012831
14 0.012988
9 0.012926
6 0.012832
31 0.012599
50 0.012938
42 0.012952
58 0.012794
62 0.012764
3873 0.000001
89 79
17 0.012828
20 0.012853
32 0.012807
19 0.012723
2 0.012873
69 0.012711
73 0.012779
77 0.012775
28 0.012774
47 0.012973
21 0.012807
53 0.013046
34 0.012846
49 0.012792
59 0.012655
18 0.012988
62 0.012872
38 0.012881
24 0.012820
11 0.012787
27 0.012911
39 0.012856
46 0.012799
26 0.012851
72 0.012729
4 0.012871
50 0.012755
79 0.012805
9 0.012805
76 0.012932
57 0.012796
44 0.012842
55 0.012903
48 0.012735
60 0.012761
36 0.012771
1 0.012873
31 0.013044
67 0.012991
61 0.012824
16 0.013093
29 0.012831
56 0.013039
68 0.012716
65 0.012951
15 0.012759
58 0.012728
41 0.012701
78 0.012793
45 0.012757
5 0.012920
8 0.012859
33 0.012593
66 0.012812
14 0.012688
22 0.012941
42 0.012765
64 0.012578
30 0.012924
74 0.012621
13 0.012807
3 0.012728
71 0.012806
40 0.012933
52 0.012909
70 0.012634
23 0.012887
10 0.012839
25 0.012638
54 0.012786
43 0.012835
12 0.012880
37 0.012843
35 0.012753
51 0.012605
63 0.012753
7 0.012919
6 0.012931
28249 0.000001
145 79
70 0.012701
64 0.012801
20 0.012820
46 0.013041
16 0.012773
33 0.012749
38 0.012683
2 0.012750
48 0.012843
75 0.012910
62 0.012821
8 0.012812
65 0.012967
49 0.012859
40 0.012906
35 0.012712
34 0.012939
61 0.012944
36 0.012597
54 0.012814
45 0.012790
59 0.012612
1 0.012914
73 0.012803
58 0.012636
78 0.012731
28 0.012587
29 0.012937
10 0.012808
71 0.012792
56 0.012815
57 0.012747
68 0.012878
13 0.012801
79 0.012802
63 0.012906
11 0.012671
67 0.012821
14 0.012948
26 0.012943
30 0.012914
51 0.012854
47 0.012794
44 0.012747
22 0.012844
5 0.012843
69 0.012950
3 0.012719
27 0.012810
7 0.012833
4 0.012759
32 0.012734
53 0.012737
9 0.012802
77 0.013031
6 0.013044
39 0.012689
37 0.012797
21 0.012806
12 0.012946
66 0.012617
42 0.012840
41 0.012888
15 0.012679
43 0.012862
25 0.012846
74 0.012934
19 0.012941
52 0.012900
18 0.012780
50 0.012714
24 0.012761
72 0.013042
60 0.012887
23 0.012972
17 0.012799
55 0.012719
31 0.012781
24488 0.000001
989 79
7 0.012825
22 0.012830
38 0.012709
36 0.012794
34 0.012659
63 0.012960
70 0.012692
67 0.012896
64 0.012870
56 0.012841
3 0.013084
60 0.012760
4 0.012827
29 0.012854
20 0.012886
44 0.012754
27 0.013042
45 0.012790
19 0.012861
28 0.012768
48 0.012620
13 0.012623
21 0.012786
53 0.012840
39 0.013015
23 0.012950
26 0.012769
73 0.012789
57 0.012972
55 0.012785
76 0.012779
1 0.012879
47 0.012847
33 0.012858
6 0.012727
5 0.012870
50 0.012870
46 0.012781
71 0.012901
75 0.012914
79 0.012904
68 0.012934
78 0.012722
59 0.012862
37 0.012848
40 0.013031
52 0.012751
58 0.012657
49 0.012947
2 0.012625
72 0.012766
62 0.012951
14 0.012656
43 0.012853
15 0.012743
32 0.012756
54 0.012953
11 0.012850
66 0.012632
24 0.013031
16 0.012980
17 0.012601
12 0.012739
42 0.012690
25 0.012756
69 0.012898
41 0.012790
8 0.012832
9 0.012821
18 0.012735
10 0.012794
30 0.012749
31 0.012805
74 0.012824
65 0.012931
51 0.012632
61 0.012756
35 0.012917
41627 0.000001
276 79
61 0.012617
47 0.012655
31 0.012901
70 0.012863
7 0.013069
48 0.012826
16 0.012929
19 0.012921
55 0.012790
4 0.012753
28 0.012982
51 0.012744
24 0.012842
45 0.012832
53 0.012831
22 0.012717
76 0.012880
14 0.012851
52 0.012667
10 0.012532
1 0.012691
67 0.012799
65 0.012897
15 0.012983
18 0.012923
66 0.012767
36 0.012709
57 0.012862
25 0.012752
72 0.012870
50 0.012856
9 0.012709
6 0.012802
20 0.012790
21 0.012780
63 0.012744
41 0.012919
37 0.012887
46 0.012905
54 0.012648
27 0.012906
59 0.012801
43 0.012801
23 0.012863
12 0.012911
30 0.012862
5 0.012683
60 0.012841
73 0.012696
26 0.012998
74 0.012851
34 0.013036
44 0.012797
2 0.012694
64 0.012845
3 0.012745
77 0.012994
17 0.013031
69 0.012578
49 0.012771
68 0.012701
58 0.012763
32 0.012983
8 0.012849
35 0.012797
56 0.012656
39 0.012809
29 0.013017
79 0.012864
33 0.012762
38 0.012714
71 0.012835
75 0.012677
40 0.013145
62 0.012813
13 0.012912
11 0.012758
42 0.012745
10936 0.000001
871 79
22 0.012782
3 0.012632
71 0.012961
47 0.012960
25 0.012772
21 0.012837
32 0.012927
40 0.012914
12 0.012873
24 0.012918
52 0.012925
73 0.012702
44 0.012829
17 0.012710
45 0.013020
57 0.012810
14 0.012844
23 0.012767
34 0.012671
39 0.012813
8 0.012783
59 0.012586
6 0.012887
54 0.012769
65 0.012768
33 0.012843
29 0.012985
20 0.012646
55 0.012801
60 0.012552
66 0.012935
62 0.012838
67 0.012709
42 0.012843
7 0.012893
27 0.012858
41 0.012667
63 0.012779
50 0.012798
61 0.012787
58 0.012806
76 0.012788
13 0.012815
74 0.012802
26 0.012801
77 0.012735
38 0.012678
5 0.012835
35 0.012723
4 0.012901
36 0.012940
75 0.012974
31 0.012807
1 0.013077
19 0.012741
9 0.012842
69 0.012803
37 0.012934
16 0.012635
2 0.012712
43 0.013175
10 0.012752
68 0.012778
46 0.012773
48 0.012655
49 0.012846
11 0.012873
72 0.012986
30 0.012954
64 0.013014
28 0.012798
18 0.012757
15 0.012714
70 0.013029
78 0.012754
51 0.012864
56 0.012741
53 0.012793
7835 0.000001
