9 4243
573 620
3012 0.001600
3153 0.001565
1987 0.001578
141 0.001705
1374 0.001631
1202 0.001693
305 0.001571
3104 0.001618
2967 0.001659
2144 0.001571
3480 0.001753
2622 0.001633
1078 0.001599
3786 0.001678
372 0.001624
664 0.001623
2261 0.001545
3397 0.001568
282 0.001662
4147 0.001581
3969 0.001530
2933 0.001635
1426 0.001613
4106 0.001600
544 0.001645
3547 0.001581
2322 0.001671
3098 0.001614
3432 0.001648
2076 0.001620
49 0.001672
291 0.001647
3145 0.001549
1693 0.001637
3041 0.001569
3643 0.001570
206 0.001686
2571 0.001580
1566 0.001587
3576 0.001610
2200 0.001607
749 0.001586
105 0.001569
3133 0.001635
2159 0.001572
92 0.001679
132 0.001573
3947 0.001572
3273 0.001579
1260 0.001663
3045 0.001575
1153 0.001575
1237 0.001629
4192 0.001607
696 0.001622
2548 0.001644
3297 0.001651
3278 0.001622
2954 0.001636
3661 0.001544
1496 0.001626
3295 0.001617
9 0.001526
2034 0.001668
1376 0.001559
2027 0.001548
4030 0.001621
4027 0.001587
1088 0.001602
3383 0.001625
1365 0.001654
3015 0.001644
2798 0.001653
2959 0.001586
2539 0.001612
3227 0.001631
756 0.001583
1556 0.001641
3955 0.001615
2522 0.001715
167 0.001684
2256 0.001697
275 0.001577
373 0.001675
2430 0.001542
2917 0.001580
107 0.001652
3081 0.001604
1073 0.001620
3094 0.001617
1849 0.001622
2055 0.001610
3968 0.001645
3783 0.001567
3987 0.001542
1330 0.001595
2302 0.001542
1459 0.001573
3409 0.001637
2925 0.001664
3532 0.001587
3541 0.001586
2551 0.001593
1281 0.001575
3773 0.001574
2940 0.001543
475 0.001651
2004 0.001637
2691 0.001582
299 0.001555
2764 0.001560
694 0.001642
1773 0.001606
2199 0.001651
1816 0.001596
57 0.001663
2884 0.001645
2409 0.001635
2152 0.001640
2723 0.001606
4236 0.001576
90 0.001579
1424 0.001614
1287 0.001598
3592 0.001661
3344 0.001691
2805 0.001647
3988 0.001592
801 0.001582
4078 0.001605
3393 0.001632
3384 0.001617
48 0.001605
1965 0.001623
3247 0.001597
52 0.001592
1863 0.001678
506 0.001618
4056 0.001631
1552 0.001625
2578 0.001619
1164 0.001622
3484 0.001640
209 0.001648
1825 0.001604
3333 0.001618
133 0.001661
967 0.001632
913 0.001587
1994 0.001589
429 0.001606
2085 0.001644
172 0.001596
3935 0.001550
845 0.001591
3004 0.001669
1309 0.001594
3472 0.001651
3285 0.001604
1318 0.001610
3991 0.001668
394 0.001681
2638 0.001568
2679 0.001531
2062 0.001642
4155 0.001587
3976 0.001641
1247 0.001658
3318 0.001540
3266 0.001563
3515 0.001585
199 0.001664
3917 0.001605
4018 0.001621
1708 0.001662
1826 0.001571
565 0.001619
3856 0.001611
925 0.001626
3795 0.001572
380 0.001641
638 0.001624
915 0.001583
3748 0.001677
3885 0.001584
3746 0.001641
1210 0.001516
3465 0.001613
1698 0.001680
3579 0.001630
4060 0.001596
2876 0.001601
658 0.001616
365 0.001568
3428 0.001586
2295 0.001574
1820 0.001656
2706 0.001563
2289 0.001634
1354 0.001612
1387 0.001583
4237 0.001624
1723 0.001691
2719 0.001621
1004 0.001591
2233 0.001640
233 0.001641
122 0.001626
3881 0.001648
1219 0.001588
389 0.001690
1245 0.001577
603 0.001628
2257 0.001575
879 0.001626
2907 0.001516
2579 0.001622
136 0.001628
2974 0.001578
1430 0.001577
436 0.001631
5 0.001639
4220 0.001577
2612 0.001599
2799 0.001570
163 0.001560
3729 0.001564
2329 0.001615
2800 0.001565
2434 0.001563
1823 0.001577
464 0.001650
1997 0.001572
3039 0.001609
93 0.001580
2460 0.001631
1691 0.001568
723 0.001621
2695 0.001633
2765 0.001696
3981 0.001641
1932 0.001652
2972 0.001668
778 0.001629
942 0.001606
841 0.001655
3083 0.001650
3229 0.001634
2210 0.001590
1055 0.001614
1064 0.001689
3161 0.001616
1985 0.001549
2474 0.001630
386 0.001605
1032 0.001603
3339 0.001602
2158 0.001594
333 0.001617
137 0.001672
1804 0.001594
3399 0.001693
1922 0.001674
2752 0.001593
6 0.001639
1811 0.001643
284 0.001604
2833 0.001595
2025 0.001637
1285 0.001601
3827 0.001636
2115 0.001633
1228 0.001629
2284 0.001590
3179 0.001672
2026 0.001581
3175 0.001695
2871 0.001573
1834 0.001660
1266 0.001650
4186 0.001586
2079 0.001596
2123 0.001596
1822 0.001506
1257 0.001620
2124 0.001580
2399 0.001619
3815 0.001607
2469 0.001495
2165 0.001634
2413 0.001625
2462 0.001639
3324 0.001663
2701 0.001662
590 0.001614
1129 0.001563
847 0.001644
2083 0.001647
2847 0.001540
969 0.001596
294 0.001594
2989 0.001642
489 0.001600
604 0.001609
452 0.001631
2150 0.001632
2508 0.001574
1582 0.001572
1118 0.001544
849 0.001627
2709 0.001601
2111 0.001583
3102 0.001613
2864 0.001516
612 0.001686
648 0.001564
247 0.001609
1859 0.001583
242 0.001609
1226 0.001632
2435 0.001604
3793 0.001600
1106 0.001596
2852 0.001600
624 0.001651
576 0.001644
1577 0.001572
340 0.001594
3456 0.001648
2829 0.001579
1662 0.001632
1618 0.001629
3477 0.001568
1361 0.001601
1638 0.001552
68 0.001581
4203 0.001577
313 0.001620
2554 0.001559
2208 0.001656
3960 0.001652
3162 0.001677
3464 0.001615
410 0.001583
1155 0.001564
44 0.001662
3073 0.001587
245 0.001608
3310 0.001548
3261 0.001620
1790 0.001649
2881 0.001613
1861 0.001677
3529 0.001610
4190 0.001630
877 0.001627
2196 0.001624
1357 0.001647
1898 0.001674
3893 0.001682
2048 0.001644
2417 0.001601
266 0.001612
145 0.001601
954 0.001620
290 0.001634
1184 0.001620
2730 0.001608
3670 0.001641
4004 0.001564
2140 0.001588
1646 0.001631
4075 0.001567
1420 0.001568
3923 0.001619
2661 0.001629
1173 0.001626
485 0.001611
3999 0.001678
3309 0.001654
3402 0.001655
1929 0.001634
3422 0.001633
3176 0.001595
1498 0.001652
716 0.001650
586 0.001575
2362 0.001600
1440 0.001604
2066 0.001643
3798 0.001638
3147 0.001601
776 0.001631
992 0.001616
2584 0.001616
2185 0.001647
656 0.001632
3848 0.001614
3300 0.001572
3712 0.001524
2160 0.001613
2807 0.001639
1968 0.001629
398 0.001623
3929 0.001556
1231 0.001686
2351 0.001554
4052 0.001652
483 0.001604
1872 0.001632
1601 0.001619
2976 0.001604
3902 0.001646
1068 0.001626
4005 0.001573
1227 0.001658
2305 0.001612
640 0.001664
2832 0.001631
655 0.001551
143 0.001634
2137 0.001608
2795 0.001557
1665 0.001570
3591 0.001584
1464 0.001664
1364 0.001616
1216 0.001677
191 0.001617
2869 0.001570
3091 0.001649
3620 0.001579
1186 0.001599
3483 0.001565
758 0.001548
131 0.001642
2958 0.001618
1589 0.001645
1774 0.001658
2188 0.001538
1176 0.001588
2436 0.001625
857 0.001634
2347 0.001625
1269 0.001612
1895 0.001568
1353 0.001551
2480 0.001668
4210 0.001596
1081 0.001583
3431 0.001559
726 0.001619
2496 0.001580
2559 0.001635
1393 0.001604
356 0.001670
2524 0.001579
251 0.001555
3361 0.001635
324 0.001592
3490 0.001632
2074 0.001619
463 0.001584
4165 0.001613
3156 0.001585
1490 0.001616
4239 0.001585
405 0.001578
3556 0.001605
2238 0.001486
3077 0.001598
1062 0.001607
3148 0.001548
3485 0.001619
531 0.001596
4115 0.001642
280 0.001593
3034 0.001531
2459 0.001560
286 0.001620
201 0.001647
3693 0.001612
2696 0.001649
2382 0.001630
17 0.001529
4112 0.001623
2059 0.001544
1955 0.001614
1312 0.001607
2796 0.001638
3159 0.001596
886 0.001582
2667 0.001685
1647 0.001631
2155 0.001667
2543 0.001520
1559 0.001646
2269 0.001593
4066 0.001602
1879 0.001699
761 0.001584
2326 0.001609
2291 0.001692
2032 0.001625
1398 0.001625
2197 0.001635
2843 0.001594
921 0.001663
216 0.001682
4189 0.001608
2834 0.001607
3424 0.001611
121 0.001604
1072 0.001662
4139 0.001602
3380 0.001585
3649 0.001641
3023 0.001613
775 0.001575
3830 0.001598
3924 0.001617
1603 0.001618
4043 0.001598
4111 0.001653
3910 0.001538
53 0.001615
2854 0.001572
438 0.001621
2888 0.001647
1230 0.001662
4191 0.001622
3364 0.001657
1871 0.001646
1857 0.001580
2170 0.001590
1474 0.001567
1097 0.001663
1385 0.001598
2931 0.001585
728 0.001557
2820 0.001572
783 0.001705
2266 0.001678
156 0.001570
1873 0.001620
205 0.001571
2359 0.001637
4015 0.001639
1335 0.001650
1211 0.001668
1549 0.001608
2364 0.001560
3895 0.001639
115 0.001662
1011 0.001654
651 0.001565
2056 0.001773
2526 0.001695
2336 0.001631
1562 0.001665
2384 0.001655
3478 0.001540
1936 0.001630
703 0.001602
1254 0.001668
515 0.001615
3757 0.001646
611 0.001593
300 0.001603
2471 0.001582
2365 0.001649
1212 0.001575
3044 0.001584
3151 0.001670
3995 0.001652
553 0.001596
588 0.001607
875 0.001582
2623 0.001591
1347 0.001610
1854 0.001608
1264 0.001593
458 0.001658
1689 0.001645
196 0.001579
1079 0.001541
1289 0.001533
238 0.001582
3549 0.001621
3965 0.001678
3949 0.001642
1244 0.001617
1249 0.001615
323 0.001609
253 0.001616
1465 0.001667
567 0.001637
3758 0.001598
946 0.001654
1897 0.001590
3372 0.001610
3850 0.001622
2212 0.001648
431 0.001573
2423 0.001632
2431 0.001592
727 0.001647
1598 0.001612
345 0.001612
3221 0.001703
2528 0.001541
1744 0.001578
822 0.001651
3072 0.001565
3196 0.001493
2184 0.001523
2223 0.001619
1519 0.001489
874 0.001651
1594 0.001639
702 669
2177 0.001505
529 0.001519
3099 0.001541
3552 0.001504
4134 0.001590
2735 0.001524
1733 0.001444
881 0.001449
1837 0.001422
2616 0.001435
4232 0.001481
2598 0.001490
867 0.001516
2526 0.001450
1347 0.001454
4050 0.001589
2348 0.001535
1177 0.001535
334 0.001543
965 0.001538
466 0.001567
1443 0.001496
2488 0.001470
1681 0.001511
267 0.001428
3923 0.001433
1807 0.001462
1072 0.001547
3664 0.001502
2508 0.001543
3495 0.001521
2797 0.001523
2624 0.001541
2551 0.001559
2071 0.001508
2146 0.001466
3593 0.001509
4039 0.001490
3215 0.001447
3189 0.001535
1074 0.001494
1281 0.001472
822 0.001533
503 0.001496
3241 0.001551
99 0.001484
4142 0.001475
138 0.001528
858 0.001517
3592 0.001518
2954 0.001537
3617 0.001532
3779 0.001530
3248 0.001431
3381 0.001479
2890 0.001527
3546 0.001498
2936 0.001491
1367 0.001521
1500 0.001520
2985 0.001523
1861 0.001452
2454 0.001493
1307 0.001469
3184 0.001469
1211 0.001439
3046 0.001526
1321 0.001506
2498 0.001473
1502 0.001452
1185 0.001496
3041 0.001450
682 0.001493
1979 0.001476
3054 0.001450
2140 0.001490
3993 0.001495
3159 0.001504
834 0.001477
243 0.001594
601 0.001593
245 0.001477
3203 0.001537
3227 0.001428
4209 0.001511
751 0.001544
1407 0.001446
1440 0.001445
3093 0.001501
1750 0.001427
3587 0.001482
2510 0.001479
1862 0.001541
2546 0.001459
1141 0.001499
40 0.001563
813 0.001542
3366 0.001458
2188 0.001434
889 0.001567
3985 0.001498
2210 0.001484
2591 0.001505
3065 0.001498
312 0.001384
2625 0.001474
2307 0.001525
3373 0.001420
2483 0.001478
1661 0.001529
1528 0.001540
2923 0.001422
1631 0.001494
4086 0.001562
2724 0.001496
1491 0.001548
4128 0.001535
1108 0.001445
2559 0.001476
2250 0.001462
1507 0.001484
3115 0.001541
1310 0.001570
1259 0.001541
2366 0.001492
2969 0.001381
3273 0.001461
2632 0.001461
422 0.001464
1782 0.001466
611 0.001525
1414 0.001522
3777 0.001534
362 0.001501
1786 0.001481
61 0.001491
609 0.001562
2888 0.001544
2618 0.001538
3758 0.001485
3727 0.001468
284 0.001517
1264 0.001508
3244 0.001525
1687 0.001431
3578 0.001543
2296 0.001541
1470 0.001472
975 0.001503
850 0.001506
753 0.001517
257 0.001480
4230 0.001500
3193 0.001510
985 0.001457
252 0.001588
3032 0.001485
1842 0.001489
929 0.001457
123 0.001628
1171 0.001525
4240 0.001478
891 0.001475
558 0.001445
736 0.001465
2412 0.001544
3944 0.001519
3623 0.001483
1028 0.001522
1166 0.001482
942 0.001491
513 0.001514
442 0.001484
3006 0.001507
3739 0.001560
623 0.001465
589 0.001479
3926 0.001443
4069 0.001497
4098 0.001415
2909 0.001486
4153 0.001461
103 0.001542
794 0.001456
2181 0.001495
2889 0.001457
915 0.001437
959 0.001530
3271 0.001479
2716 0.001515
3891 0.001496
469 0.001448
1609 0.001535
4178 0.001534
1243 0.001509
1436 0.001483
565 0.001545
2334 0.001403
2558 0.001431
2399 0.001484
2655 0.001481
1748 0.001582
3657 0.001496
3249 0.001503
3444 0.001514
804 0.001458
2335 0.001452
1082 0.001548
1380 0.001530
2038 0.001461
1532 0.001549
553 0.001500
427 0.001462
2659 0.001482
1612 0.001506
2897 0.001456
369 0.001457
842 0.001458
39 0.001517
393 0.001476
3778 0.001524
491 0.001549
1311 0.001481
3947 0.001577
1674 0.001461
2445 0.001508
1471 0.001483
1535 0.001443
3572 0.001500
3588 0.001537
846 0.001418
3167 0.001470
843 0.001442
2252 0.001479
930 0.001447
3714 0.001495
128 0.001487
1935 0.001549
2455 0.001411
2858 0.001579
1818 0.001486
57 0.001535
1135 0.001496
2564 0.001522
2895 0.001464
1723 0.001514
2150 0.001522
3840 0.001524
2442 0.001419
2013 0.001462
2965 0.001493
2159 0.001471
1493 0.001515
1080 0.001464
16 0.001508
1008 0.001518
3362 0.001555
619 0.001450
3152 0.001540
1517 0.001547
577 0.001503
3547 0.001439
1442 0.001479
2121 0.001412
2111 0.001456
1969 0.001433
1641 0.001463
572 0.001546
718 0.001557
2842 0.001449
2512 0.001495
2176 0.001472
3666 0.001485
246 0.001518
93 0.001451
2633 0.001535
2514 0.001490
2948 0.001475
1304 0.001453
3436 0.001428
996 0.001494
3454 0.001433
1829 0.001534
1374 0.001480
1107 0.001479
902 0.001565
1105 0.001413
471 0.001482
757 0.001468
1704 0.001446
2578 0.001574
2796 0.001507
3508 0.001515
1325 0.001492
636 0.001482
1473 0.001481
3085 0.001535
2750 0.001513
107 0.001534
4037 0.001543
2772 0.001435
1938 0.001491
2555 0.001487
3978 0.001571
2037 0.001431
1519 0.001521
2550 0.001506
3445 0.001437
665 0.001502
1849 0.001488
2126 0.001526
838 0.001474
2119 0.001567
2245 0.001466
135 0.001542
3072 0.001491
1244 0.001477
3231 0.001508
3653 0.001486
1441 0.001499
410 0.001568
1575 0.001463
3501 0.001510
1079 0.001467
4189 0.001466
2381 0.001500
2189 0.001519
3708 0.001441
125 0.001474
2295 0.001509
3797 0.001518
3480 0.001485
1761 0.001522
1952 0.001439
4221 0.001516
3962 0.001439
2792 0.001489
286 0.001497
3135 0.001517
2213 0.001443
735 0.001525
3 0.001460
749 0.001496
155 0.001494
2225 0.001511
1728 0.001433
2528 0.001490
689 0.001490
1355 0.001502
1378 0.001459
394 0.001458
2830 0.001505
778 0.001462
2873 0.001474
3682 0.001497
1572 0.001428
195 0.001480
2198 0.001492
2204 0.001503
4041 0.001501
4017 0.001425
306 0.001453
3746 0.001459
1688 0.001429
2472 0.001551
3601 0.001431
342 0.001502
3243 0.001483
1630 0.001519
479 0.001485
277 0.001517
160 0.001486
606 0.001505
3007 0.001504
3715 0.001551
3221 0.001439
3740 0.001497
579 0.001481
2017 0.001489
740 0.001459
745 0.001458
2628 0.001498
662 0.001516
3630 0.001425
533 0.001496
1306 0.001498
2943 0.001435
25 0.001478
4188 0.001524
3062 0.001493
3132 0.001489
3563 0.001492
1965 0.001512
1636 0.001463
3719 0.001471
3235 0.001492
126 0.001461
2435 0.001502
3075 0.001535
230 0.001428
1032 0.001517
2195 0.001531
944 0.001578
2114 0.001471
3089 0.001582
1584 0.001467
2317 0.001479
1182 0.001512
1233 0.001500
3342 0.001514
3913 0.001470
2341 0.001526
945 0.001469
895 0.001515
3836 0.001501
659 0.001446
3671 0.001482
2531 0.001451
1663 0.001547
2289 0.001521
1721 0.001583
1621 0.001556
3814 0.001423
88 0.001468
2437 0.001546
2175 0.001528
1998 0.001448
2971 0.001444
1039 0.001571
2754 0.001465
1705 0.001482
260 0.001554
2588 0.001481
2066 0.001490
974 0.001534
1552 0.001433
803 0.001526
2015 0.001529
1394 0.001582
2104 0.001515
3815 0.001500
2418 0.001504
2011 0.001496
2193 0.001458
523 0.001498
2798 0.001519
4205 0.001476
2502 0.001454
2503 0.001526
1972 0.001435
3678 0.001445
3685 0.001480
3278 0.001542
2833 0.001444
1109 0.001482
3094 0.001527
3415 0.001468
2179 0.001444
2544 0.001487
3570 0.001481
2078 0.001500
1950 0.001558
281 0.001468
2493 0.001505
3035 0.001588
2869 0.001551
386 0.001537
2424 0.001500
678 0.001510
3598 0.001524
2538 0.001477
3465 0.001387
2940 0.001535
3277 0.001486
2593 0.001449
2050 0.001494
648 0.001464
1805 0.001478
355 0.001508
955 0.001550
928 0.001535
3111 0.001522
1231 0.001450
1283 0.001485
1466 0.001444
388 0.001441
3690 0.001531
2653 0.001463
2964 0.001489
780 0.001463
1772 0.001502
2960 0.001473
3300 0.001500
2202 0.001431
3680 0.001577
3453 0.001489
2338 0.001531
3707 0.001472
2415 0.001459
4061 0.001493
4105 0.001496
1939 0.001538
2505 0.001533
2893 0.001465
1288 0.001502
1129 0.001543
2272 0.001567
2853 0.001551
3176 0.001548
1140 0.001488
3052 0.001558
3409 0.001474
1260 0.001474
1879 0.001495
359 0.001495
3677 0.001473
2567 0.001466
273 0.001479
3934 0.001524
24 0.001413
2974 0.001450
2350 0.001562
2201 0.001528
3726 0.001483
288 0.001488
4047 0.001508
701 0.001512
712 0.001476
74 0.001577
2337 0.001495
901 0.001499
2542 0.001568
2247 0.001468
3548 0.001576
2685 0.001537
3699 0.001534
4048 0.001565
2004 0.001499
2467 0.001474
2552 0.001427
2981 0.001492
3327 0.001466
3764 0.001448
1089 0.001500
1902 0.001462
1766 0.001497
2360 0.001452
2534 0.001514
1574 0.001453
472 0.001481
4159 0.001479
3315 0.001455
3609 0.001483
2605 0.001381
837 0.001444
3585 0.001510
583 0.001538
3284 0.001486
2992 0.001439
3874 0.001589
769 0.001472
2713 0.001435
3661 0.001434
2576 0.001511
1210 0.001535
1771 0.001536
329 0.001540
908 0.001510
2640 0.001460
3863 0.001504
1662 0.001491
3676 0.001501
604 0.001463
3334 0.001460
906 0.001511
3565 0.001387
1523 0.001473
2530 0.001549
1850 0.001515
2777 0.001474
2952 0.001427
2956 0.001512
1010 0.001500
3776 0.001489
3502 0.001495
4114 0.001556
2507 0.001552
4242 0.001442
3998 0.001503
2850 0.001474
1710 0.001443
1134 0.001477
2741 0.001565
1383 0.001476
1428 0.001494
110 0.001520
3014 0.001499
1942 0.001519
3141 0.001512
3827 0.001505
169 0.001539
2924 0.001498
1276 0.001487
1073 0.001455
294 0.001454
2438 0.001475
199 0.001435
2928 0.001461
1716 0.001563
2649 0.001582
2223 0.001448
2362 0.001481
3989 0.001510
1719 0.001482
290 0.001529
818 0.001610
1372 0.001463
3049 0.001547
3499 0.001522
2309 0.001520
3281 0.001439
4183 0.001527
2683 0.001424
3781 0.001554
4151 0.001598
1754 0.001456
1452 0.001521
3296 0.001508
2494 0.001569
3558 0.001430
765 0.001424
1006 0.001486
2351 0.001547
2480 0.001518
2375 0.001550
2463 0.001439
3335 0.001502
626 0.001548
3044 0.001581
798 0.001479
1665 0.001462
1864 0.001555
644 0.001472
3017 0.001498
3319 0.001561
3875 0.001453
1987 0.001500
4045 0.001512
2482 0.001446
3581 0.001503
3291 0.001421
760 0.001511
2339 0.001513
3419 0.001459
2178 0.001547
1613 0.001532
1356 0.001482
526 0.001490
3886 0.001519
1312 0.001462
1487 0.001484
3896 0.001469
3468 0.001465
117 0.001489
676 0.001527
1122 0.001488
2249 0.001494
1438 0.001494
1492 0.001412
110 678
3192 0.001520
2302 0.001495
1798 0.001512
1752 0.001492
3186 0.001542
192 0.001541
328 0.001467
4163 0.001533
348 0.001522
646 0.001414
1242 0.001468
2639 0.001428
2873 0.001519
244 0.001491
2597 0.001403
726 0.001465
2450 0.001466
3623 0.001478
2857 0.001478
2725 0.001460
2463 0.001483
4211 0.001435
1002 0.001495
3882 0.001447
2241 0.001492
1241 0.001469
1293 0.001485
1070 0.001466
4231 0.001432
364 0.001482
3963 0.001498
1049 0.001492
1261 0.001449
2121 0.001478
305 0.001510
2695 0.001539
2414 0.001449
3655 0.001462
1684 0.001482
1101 0.001484
2932 0.001460
3922 0.001518
2732 0.001533
1369 0.001471
578 0.001518
2053 0.001482
1706 0.001469
729 0.001494
1448 0.001493
3018 0.001469
528 0.001440
2957 0.001499
1637 0.001452
3442 0.001422
1169 0.001505
2204 0.001484
2278 0.001529
885 0.001496
784 0.001503
3910 0.001474
2576 0.001438
962 0.001495
1320 0.001329
2955 0.001448
3708 0.001506
2855 0.001443
1439 0.001477
802 0.001491
44 0.001485
2117 0.001465
1928 0.001450
2667 0.001433
2148 0.001471
4149 0.001582
370 0.001492
2348 0.001502
2104 0.001416
2192 0.001413
3566 0.001485
1227 0.001482
1178 0.001479
2201 0.001476
3782 0.001439
2912 0.001442
111 0.001520
1676 0.001527
722 0.001462
1511 0.001450
3361 0.001456
958 0.001440
2000 0.001517
3053 0.001453
2619 0.001461
617 0.001411
4232 0.001472
3278 0.001465
1701 0.001406
3668 0.001389
997 0.001479
701 0.001467
4075 0.001481
2333 0.001493
1553 0.001463
4235 0.001450
3678 0.001471
1335 0.001476
4106 0.001510
2084 0.001461
2566 0.001521
1368 0.001545
1165 0.001446
3797 0.001436
3066 0.001450
2603 0.001468
1289 0.001434
1508 0.001487
1697 0.001567
1618 0.001457
502 0.001516
3473 0.001415
2374 0.001516
1136 0.001476
466 0.001510
166 0.001507
2145 0.001439
2377 0.001462
4142 0.001440
3185 0.001421
3370 0.001439
756 0.001515
417 0.001484
2552 0.001565
2458 0.001460
1803 0.001530
356 0.001490
918 0.001464
3538 0.001476
3773 0.001384
3231 0.001527
1264 0.001428
1417 0.001477
3998 0.001451
293 0.001414
4058 0.001492
4081 0.001424
904 0.001487
3933 0.001412
1899 0.001459
2958 0.001478
1562 0.001519
851 0.001459
621 0.001463
4162 0.001488
1492 0.001534
1128 0.001477
531 0.001537
3748 0.001475
1797 0.001530
3216 0.001508
3042 0.001505
1619 0.001501
1114 0.001466
1898 0.001511
986 0.001483
2792 0.001509
161 0.001451
2365 0.001480
2202 0.001482
317 0.001516
2395 0.001468
1104 0.001428
1274 0.001534
3418 0.001461
1159 0.001426
4124 0.001440
3986 0.001434
1226 0.001520
1103 0.001570
712 0.001545
1746 0.001456
3316 0.001475
1252 0.001442
580 0.001521
2804 0.001501
357 0.001544
537 0.001492
1979 0.001467
698 0.001454
2071 0.001517
2611 0.001394
601 0.001507
2483 0.001431
4157 0.001446
2616 0.001472
4049 0.001553
1206 0.001413
690 0.001456
3266 0.001409
1661 0.001424
3011 0.001435
3357 0.001507
116 0.001505
641 0.001490
2651 0.001488
1532 0.001439
2889 0.001514
2146 0.001442
3576 0.001489
1831 0.001457
3753 0.001509
1152 0.001478
925 0.001512
3871 0.001433
2478 0.001501
2516 0.001561
2731 0.001503
1208 0.001576
2449 0.001402
1187 0.001490
3793 0.001445
3811 0.001469
2467 0.001438
2061 0.001477
4110 0.001482
1498 0.001427
3161 0.001531
114 0.001507
2741 0.001467
1866 0.001475
224 0.001458
844 0.001503
3515 0.001493
1058 0.001459
10 0.001480
593 0.001458
1268 0.001524
3607 0.001425
3099 0.001452
163 0.001453
2431 0.001491
3190 0.001498
1272 0.001455
2043 0.001430
3184 0.001478
1805 0.001477
2602 0.001478
4199 0.001511
397 0.001464
3548 0.001532
2756 0.001468
967 0.001394
2454 0.001504
3347 0.001453
1317 0.001463
2218 0.001484
2471 0.001570
1153 0.001442
181 0.001463
3830 0.001491
251 0.001471
369 0.001451
2754 0.001468
855 0.001438
260 0.001455
3117 0.001491
2417 0.001494
3175 0.001437
3443 0.001455
3451 0.001467
3049 0.001457
1875 0.001477
1365 0.001427
2207 0.001446
2861 0.001457
2311 0.001435
1145 0.001465
3419 0.001442
3302 0.001501
3270 0.001459
2800 0.001587
2397 0.001507
3919 0.001489
1586 0.001422
998 0.001490
3461 0.001482
2579 0.001450
3943 0.001494
3070 0.001393
3177 0.001446
2961 0.001535
742 0.001478
1029 0.001463
2681 0.001454
3670 0.001423
1223 0.001461
1220 0.001486
1340 0.001395
1707 0.001454
1666 0.001389
581 0.001495
290 0.001411
3217 0.001449
2004 0.001486
2039 0.001427
120 0.001466
2797 0.001460
1543 0.001450
3771 0.001429
4009 0.001471
1413 0.001451
1751 0.001493
3569 0.001407
4023 0.001516
383 0.001485
4117 0.001528
2519 0.001390
355 0.001529
2065 0.001460
3382 0.001472
4243 0.001478
3699 0.001405
195 0.001463
3915 0.001509
1018 0.001469
3327 0.001456
3048 0.001489
2459 0.001409
2162 0.001458
2761 0.001484
4204 0.001451
3977 0.001449
71 0.001440
835 0.001449
1453 0.001439
3535 0.001519
1217 0.001507
3373 0.001470
2696 0.001534
344 0.001516
3181 0.001429
3567 0.001425
1204 0.001477
3085 0.001497
1565 0.001451
132 0.001530
1660 0.001477
2225 0.001511
2154 0.001457
3822 0.001516
707 0.001461
45 0.001491
981 0.001483
1237 0.001442
4217 0.001476
3504 0.001503
2793 0.001474
3616 0.001523
3642 0.001490
1766 0.001457
2984 0.001468
3228 0.001514
4240 0.001422
3765 0.001520
1775 0.001481
3422 0.001483
1030 0.001537
3352 0.001479
2783 0.001474
1975 0.001528
724 0.001456
2357 0.001406
3815 0.001474
2626 0.001459
138 0.001432
637 0.001492
3288 0.001472
3924 0.001507
3293 0.001466
3120 0.001407
4072 0.001517
2917 0.001450
3140 0.001527
2422 0.001476
2647 0.001524
193 0.001443
3056 0.001456
3249 0.001490
2539 0.001542
3546 0.001507
1043 0.001473
760 0.001464
2789 0.001468
1397 0.001542
2640 0.001481
175 0.001506
1650 0.001448
3454 0.001405
800 0.001430
913 0.001444
3414 0.001489
3084 0.001392
407 0.001527
640 0.001445
363 0.001511
645 0.001455
2246 0.001374
1732 0.001529
1633 0.001455
1894 0.001406
2924 0.001407
512 0.001426
4114 0.001419
1191 0.001546
1175 0.001481
3372 0.001491
72 0.001482
866 0.001484
3363 0.001471
1885 0.001423
2189 0.001464
2243 0.001453
253 0.001438
3634 0.001549
3675 0.001457
130 0.001554
1407 0.001495
2343 0.001508
1455 0.001478
359 0.001461
2620 0.001476
2152 0.001521
521 0.001534
473 0.001471
2816 0.001487
3917 0.001395
472 0.001492
249 0.001428
1593 0.001471
2203 0.001441
3626 0.001492
3622 0.001456
3320 0.001486
3154 0.001444
1079 0.001523
3679 0.001463
4102 0.001415
1102 0.001446
2062 0.001459
1249 0.001522
3794 0.001540
2196 0.001520
3478 0.001454
2249 0.001431
3173 0.001512
4153 0.001441
4127 0.001504
1037 0.001466
2837 0.001370
3816 0.001426
1325 0.001417
2485 0.001459
2420 0.001461
3044 0.001513
1504 0.001517
4047 0.001496
2470 0.001519
3147 0.001443
3520 0.001492
1095 0.001448
1393 0.001531
2710 0.001551
1517 0.001392
485 0.001450
4143 0.001408
2972 0.001474
4028 0.001517
1036 0.001593
296 0.001419
441 0.001453
2011 0.001475
2758 0.001457
1374 0.001497
177 0.001490
309 0.001477
2389 0.001543
1032 0.001552
3550 0.001447
380 0.001472
273 0.001502
1838 0.001490
3558 0.001476
4193 0.001436
1756 0.001452
2274 0.001471
516 0.001552
3990 0.001395
2649 0.001447
2906 0.001539
1082 0.001432
239 0.001484
3384 0.001404
3492 0.001461
2631 0.001472
863 0.001492
2655 0.001463
2040 0.001421
895 0.001432
1651 0.001536
2919 0.001472
1246 0.001468
1363 0.001474
145 0.001471
497 0.001507
4126 0.001489
3565 0.001489
263 0.001495
3904 0.001414
272 0.001461
779 0.001487
1303 0.001404
155 0.001473
3260 0.001498
661 0.001477
4018 0.001481
3388 0.001428
3542 0.001490
1644 0.001569
1302 0.001513
3300 0.001433
1610 0.001456
3911 0.001438
1443 0.001461
3536 0.001478
1484 0.001503
762 0.001488
3273 0.001491
318 0.001486
3852 0.001402
1733 0.001491
2193 0.001460
3601 0.001519
2659 0.001487
4210 0.001555
954 0.001483
1961 0.001428
3589 0.001451
159 0.001476
2310 0.001507
1440 0.001545
3851 0.001490
4079 0.001436
1185 0.001458
2642 0.001436
432 0.001415
1991 0.001429
427 0.001468
3595 0.001517
3909 0.001518
176 0.001432
1059 0.001495
659 0.001472
1819 0.001460
1826 0.001490
3261 0.001488
3926 0.001469
285 0.001494
1667 0.001513
4006 0.001479
2293 0.001391
2561 0.001582
795 0.001450
3086 0.001462
4160 0.001488
2215 0.001489
3012 0.001455
959 0.001419
1425 0.001447
2135 0.001481
1081 0.001520
299 0.001422
3341 0.001437
333 0.001453
2796 0.001481
1378 0.001559
1533 0.001501
1387 0.001573
1282 0.001518
389 0.001520
9 0.001523
48 0.001473
1998 0.001485
3789 0.001450
3580 0.001454
1005 0.001482
1039 0.001501
4226 0.001411
32 0.001485
3113 0.001490
4020 0.001510
2415 0.001475
3523 0.001494
3251 0.001482
165 0.001510
3770 0.001487
700 0.001444
1332 0.001498
2533 0.001500
28 0.001458
692 0.001521
2107 0.001497
256 0.001517
3284 0.001456
493 0.001452
1802 0.001552
2144 0.001518
413 0.001457
1182 0.001469
3568 0.001509
2370 0.001464
4086 0.001488
971 0.001449
2253 0.001499
2707 0.001466
3499 0.001488
3383 0.001426
3005 0.001475
2684 0.001521
604 0.001400
106 0.001450
2111 0.001449
1319 0.001389
2295 0.001405
1231 0.001518
410 0.001467
1375 0.001440
2831 0.001536
2778 0.001466
668 0.001525
2482 0.001494
105 0.001443
1620 0.001432
3021 0.001492
3135 0.001435
2998 0.001484
2862 0.001504
2727 0.001481
3962 0.001420
2464 0.001474
1118 0.001477
2281 0.001491
2210 0.001470
3929 0.001424
3334 0.001525
4159 0.001552
2569 0.001468
1817 0.001487
3210 0.001460
1774 0.001519
2610 0.001495
2822 0.001532
160 0.001445
3612 0.001469
838 0.001556
3041 0.001527
2914 0.001482
1469 0.001487
677 0.001497
52 0.001424
2235 0.001443
40 0.001464
880 0.001414
3319 0.001475
3176 0.001520
3055 0.001580
683 0.001447
2879 0.001495
2401 0.001495
2068 0.001443
765 675
2731 0.001492
3903 0.001416
1600 0.001514
2560 0.001453
3929 0.001440
2707 0.001416
1452 0.001474
1632 0.001478
3967 0.001507
3371 0.001502
1398 0.001498
817 0.001468
3670 0.001501
4094 0.001492
3872 0.001482
1994 0.001451
138 0.001466
3915 0.001443
606 0.001482
3029 0.001483
1335 0.001475
3757 0.001518
1278 0.001501
856 0.001532
2996 0.001472
3315 0.001472
1716 0.001529
4115 0.001502
1059 0.001500
1695 0.001498
1101 0.001403
3656 0.001461
302 0.001568
200 0.001448
1156 0.001462
2761 0.001535
1305 0.001513
4131 0.001441
1846 0.001483
511 0.001493
3160 0.001437
2261 0.001460
3622 0.001551
3811 0.001572
700 0.001498
3344 0.001484
1026 0.001453
662 0.001515
2178 0.001493
2779 0.001451
3807 0.001513
1208 0.001458
2770 0.001456
237 0.001472
3317 0.001445
2973 0.001448
1065 0.001523
3863 0.001454
3571 0.001558
3006 0.001555
3856 0.001495
3148 0.001506
2670 0.001485
3533 0.001508
2259 0.001487
1236 0.001510
1437 0.001419
1209 0.001483
1798 0.001515
3905 0.001501
1302 0.001504
2977 0.001416
1920 0.001475
4182 0.001518
1270 0.001431
1000 0.001476
642 0.001399
2682 0.001479
1966 0.001511
680 0.001452
1559 0.001473
3354 0.001479
4126 0.001551
431 0.001430
2313 0.001460
2101 0.001411
3950 0.001479
3701 0.001502
467 0.001430
1849 0.001412
318 0.001535
48 0.001430
3185 0.001485
614 0.001465
1017 0.001469
3455 0.001456
4091 0.001519
1082 0.001465
2225 0.001448
2791 0.001448
3774 0.001489
3013 0.001482
2450 0.001460
2231 0.001469
2986 0.001555
3624 0.001433
3368 0.001562
267 0.001489
1316 0.001532
3412 0.001443
3218 0.001489
1604 0.001446
2340 0.001555
3457 0.001424
2763 0.001530
2684 0.001409
2467 0.001487
3866 0.001459
2040 0.001484
79 0.001463
2373 0.001495
1427 0.001455
113 0.001476
3328 0.001556
2529 0.001494
710 0.001463
780 0.001538
2573 0.001450
2499 0.001407
3917 0.001499
3619 0.001494
2338 0.001418
105 0.001523
513 0.001509
2655 0.001432
389 0.001410
3722 0.001420
2459 0.001543
946 0.001487
2476 0.001523
1523 0.001456
1020 0.001502
3128 0.001441
3964 0.001542
3220 0.001537
1780 0.001461
2509 0.001490
1040 0.001481
2417 0.001411
1170 0.001435
1797 0.001437
1833 0.001459
2385 0.001488
4048 0.001466
3742 0.001506
1557 0.001445
3763 0.001423
670 0.001505
1191 0.001456
1730 0.001556
3180 0.001378
25 0.001459
2890 0.001449
3529 0.001544
3519 0.001483
1886 0.001467
3461 0.001416
1136 0.001437
514 0.001570
2998 0.001499
434 0.001481
1193 0.001533
21 0.001477
1071 0.001524
3305 0.001406
2257 0.001510
346 0.001490
2821 0.001450
378 0.001477
2134 0.001507
2455 0.001522
3299 0.001477
1160 0.001533
681 0.001459
95 0.001427
1055 0.001470
3687 0.001447
2389 0.001514
3854 0.001514
1327 0.001466
528 0.001527
2727 0.001490
912 0.001504
4143 0.001553
1355 0.001439
166 0.001483
451 0.001431
15 0.001425
3408 0.001494
3535 0.001476
3664 0.001484
3396 0.001511
3511 0.001531
1555 0.001515
3092 0.001554
1252 0.001465
3976 0.001519
1370 0.001441
399 0.001496
2264 0.001472
4163 0.001498
3740 0.001503
3339 0.001492
1255 0.001507
3035 0.001588
2093 0.001441
3313 0.001505
1586 0.001505
3812 0.001503
3143 0.001476
1649 0.001522
385 0.001396
1693 0.001451
2739 0.001424
801 0.001467
1306 0.001519
4045 0.001559
276 0.001481
2899 0.001534
2157 0.001447
2232 0.001473
1979 0.001544
2997 0.001376
1283 0.001474
1771 0.001405
3574 0.001427
3626 0.001442
3440 0.001442
1308 0.001411
2462 0.001559
2715 0.001388
2146 0.001486
3422 0.001415
2173 0.001479
1497 0.001503
1368 0.001509
197 0.001567
3919 0.001495
1636 0.001459
2692 0.001458
2283 0.001443
2468 0.001485
3743 0.001469
3925 0.001503
1696 0.001496
833 0.001498
2124 0.001509
1532 0.001532
1213 0.001452
462 0.001500
3056 0.001452
4103 0.001482
1615 0.001398
1465 0.001559
4135 0.001494
1147 0.001531
756 0.001449
1742 0.001458
1100 0.001510
2581 0.001544
2588 0.001437
3604 0.001428
3217 0.001513
1376 0.001501
4001 0.001571
3679 0.001511
1499 0.001422
255 0.001477
2366 0.001474
2352 0.001492
2689 0.001461
531 0.001520
3222 0.001500
1312 0.001355
2685 0.001491
1566 0.001552
1091 0.001512
1015 0.001549
2388 0.001390
2989 0.001520
315 0.001470
2016 0.001459
2926 0.001417
663 0.001523
2216 0.001441
4145 0.001458
2775 0.001468
3880 0.001528
2370 0.001427
1621 0.001462
2668 0.001525
3445 0.001500
2067 0.001527
2426 0.001527
1362 0.001475
253 0.001474
2795 0.001498
40 0.001531
1858 0.001457
2515 0.001485
1805 0.001467
2844 0.001439
578 0.001503
1974 0.001446
4201 0.001485
1720 0.001506
3075 0.001471
2443 0.001491
24 0.001480
293 0.001429
1549 0.001465
2722 0.001564
3712 0.001476
1810 0.001508
2098 0.001468
2878 0.001511
892 0.001482
2456 0.001460
1990 0.001481
2291 0.001468
1766 0.001409
852 0.001406
4158 0.001563
1548 0.001513
749 0.001479
1666 0.001553
1044 0.001445
3096 0.001486
2647 0.001468
2663 0.001477
2022 0.001541
4117 0.001488
3203 0.001446
2955 0.001483
2598 0.001439
1167 0.001457
888 0.001478
3678 0.001399
3150 0.001504
2315 0.001512
266 0.001525
2335 0.001459
2747 0.001449
3770 0.001482
924 0.001502
2330 0.001435
2870 0.001402
2474 0.001536
3861 0.001512
611 0.001441
1998 0.001430
459 0.001488
3552 0.001477
568 0.001448
694 0.001468
1538 0.001441
643 0.001481
4084 0.001492
155 0.001476
4081 0.001484
422 0.001458
1114 0.001500
1629 0.001501
1310 0.001487
1259 0.001475
815 0.001523
2065 0.001446
1954 0.001475
3040 0.001503
2235 0.001526
468 0.001459
1663 0.001537
4184 0.001521
1406 0.001482
2532 0.001503
4120 0.001465
3304 0.001494
2679 0.001507
2533 0.001447
990 0.001540
518 0.001461
1138 0.001538
2572 0.001505
2422 0.001442
2982 0.001548
1573 0.001522
1764 0.001445
1612 0.001515
3614 0.001456
1746 0.001494
1231 0.001551
337 0.001517
1784 0.001486
1914 0.001538
38 0.001475
1188 0.001474
4132 0.001502
891 0.001466
3553 0.001508
2903 0.001554
2442 0.001474
617 0.001523
427 0.001514
3963 0.001491
4110 0.001489
3810 0.001454
3674 0.001456
20 0.001481
1699 0.001541
2237 0.001449
1723 0.001499
300 0.001560
3922 0.001415
32 0.001525
4174 0.001483
1535 0.001498
99 0.001465
441 0.001505
992 0.001457
1241 0.001436
3568 0.001563
540 0.001494
2606 0.001438
2280 0.001414
1433 0.001441
3169 0.001510
748 0.001463
922 0.001537
671 0.001508
942 0.001486
3016 0.001505
391 0.001471
523 0.001430
3103 0.001498
3256 0.001467
137 0.001448
1832 0.001586
3145 0.001510
3379 0.001471
3281 0.001534
2954 0.001441
521 0.001514
3924 0.001482
1519 0.001475
2452 0.001507
1326 0.001492
2174 0.001458
1481 0.001409
3285 0.001493
3748 0.001526
3906 0.001548
711 0.001513
2136 0.001528
1192 0.001520
301 0.001493
2927 0.001512
241 0.001474
3336 0.001507
139 0.001474
1558 0.001448
4181 0.001507
1484 0.001488
1804 0.001497
1246 0.001509
2937 0.001543
1412 0.001467
2310 0.001420
3198 0.001458
2571 0.001433
1770 0.001456
4018 0.001452
745 0.001471
902 0.001418
3352 0.001529
3266 0.001520
429 0.001532
2142 0.001491
2109 0.001471
3104 0.001430
1028 0.001505
3921 0.001467
30 0.001552
456 0.001488
802 0.001454
1087 0.001467
3781 0.001487
1884 0.001486
1080 0.001463
1495 0.001424
3847 0.001483
3881 0.001542
905 0.001538
3907 0.001489
3951 0.001435
2320 0.001493
2076 0.001448
1672 0.001504
1889 0.001462
4136 0.001431
1813 0.001528
2399 0.001446
2550 0.001530
279 0.001466
310 0.001447
1439 0.001436
500 0.001463
496 0.001436
2764 0.001499
3132 0.001416
1685 0.001514
4230 0.001443
3616 0.001463
280 0.001454
4133 0.001528
2858 0.001479
3324 0.001487
3550 0.001482
3159 0.001443
3113 0.001513
2855 0.001504
2555 0.001547
3805 0.001461
2052 0.001498
3302 0.001463
3837 0.001467
2278 0.001465
214 0.001522
3391 0.001447
4160 0.001421
1866 0.001434
3097 0.001448
1423 0.001540
3264 0.001451
2018 0.001577
3916 0.001490
3634 0.001510
1906 0.001470
3077 0.001527
181 0.001473
3232 0.001464
2756 0.001514
2841 0.001506
3630 0.001480
222 0.001497
1374 0.001473
1022 0.001442
3818 0.001470
1381 0.001521
987 0.001502
216 0.001465
3867 0.001493
2827 0.001455
1837 0.001442
2999 0.001514
2001 0.001548
1253 0.001421
1411 0.001495
1792 0.001399
108 0.001375
2105 0.001535
1487 0.001527
675 0.001396
2962 0.001466
1105 0.001480
1214 0.001445
1989 0.001430
247 0.001554
1298 0.001484
471 0.001498
561 0.001478
3249 0.001480
2461 0.001534
1372 0.001471
2658 0.001448
3 0.001498
493 0.001568
308 0.001432
27 0.001502
3472 0.001462
2276 0.001510
2252 0.001483
3257 0.001423
3337 0.001522
43 0.001485
175 0.001490
4095 0.001433
3738 0.001588
612 0.001499
744 0.001489
1772 0.001493
3833 0.001415
26 0.001509
1018 0.001487
591 0.001477
3642 0.001456
2970 0.001472
1490 0.001490
650 0.001444
3838 0.001501
4053 0.001578
3588 0.001444
1599 0.001526
1176 0.001425
4109 0.001466
1287 0.001443
4209 0.001496
633 0.001525
977 0.001420
1502 0.001475
951 0.001418
2966 0.001509
46 0.001500
103 0.001465
2306 0.001491
3322 0.001526
4205 0.001418
194 0.001458
2112 0.001534
3042 0.001501
1865 0.001436
4097 0.001490
2072 0.001524
765 0.001495
3525 0.001488
1552 0.001522
2312 0.001478
1589 0.001494
1210 0.001483
623 0.001498
2300 0.001482
4232 0.001472
3972 0.001446
414 0.001356
3086 0.001435
3851 0.001463
3467 0.001452
3822 0.001447
460 0.001541
3083 0.001444
1888 0.001465
3734 0.001452
2504 0.001495
616 0.001546
1944 0.001496
1915 0.001411
3912 0.001534
2733 0.001493
2411 0.001462
4073 0.001462
716 0.001424
2760 0.001454
1942 0.001481
3398 0.001466
2523 0.001476
1950 0.001471
604 0.001488
3349 0.001490
3518 0.001409
2025 0.001501
2728 0.001517
870 0.001511
3886 0.001460
1953 0.001436
1450 0.001498
1451 0.001443
339 676
2607 0.001463
2007 0.001515
3497 0.001494
23 0.001490
420 0.001447
3799 0.001510
2613 0.001445
2472 0.001480
4034 0.001439
291 0.001499
2257 0.001442
504 0.001466
1563 0.001473
2555 0.001479
3290 0.001497
4227 0.001475
2292 0.001492
659 0.001447
289 0.001425
2651 0.001450
508 0.001387
748 0.001393
3357 0.001449
358 0.001447
2191 0.001495
3280 0.001390
4078 0.001454
3867 0.001511
3732 0.001492
3741 0.001414
427 0.001428
556 0.001478
20 0.001416
1054 0.001477
434 0.001440
369 0.001502
3408 0.001439
1505 0.001529
3876 0.001476
108 0.001478
1125 0.001477
4221 0.001472
2314 0.001522
686 0.001466
2049 0.001533
834 0.001426
1429 0.001494
3811 0.001465
1272 0.001529
2316 0.001428
2755 0.001437
1494 0.001490
3557 0.001460
4107 0.001518
3030 0.001492
1 0.001526
1650 0.001427
4163 0.001472
2824 0.001423
2186 0.001489
695 0.001482
998 0.001461
2728 0.001506
1280 0.001459
3963 0.001491
4080 0.001461
1065 0.001467
3782 0.001430
2717 0.001487
1541 0.001526
2384 0.001500
2456 0.001495
2380 0.001535
3475 0.001441
2187 0.001512
1948 0.001468
3893 0.001479
2794 0.001509
1830 0.001466
364 0.001453
1704 0.001484
236 0.001502
1187 0.001533
953 0.001528
2346 0.001492
1514 0.001481
3825 0.001472
3480 0.001492
2892 0.001445
2950 0.001525
1068 0.001519
4024 0.001484
3253 0.001458
1696 0.001428
2945 0.001482
1534 0.001520
830 0.001458
138 0.001443
1648 0.001478
548 0.001439
2720 0.001408
3243 0.001477
1984 0.001481
1512 0.001489
3957 0.001453
3354 0.001451
2153 0.001427
3580 0.001498
3780 0.001388
14 0.001479
867 0.001556
3382 0.001449
1581 0.001527
3451 0.001515
1826 0.001457
2846 0.001464
552 0.001427
1169 0.001500
395 0.001490
1938 0.001491
1845 0.001569
3510 0.001455
1960 0.001467
1444 0.001431
682 0.001505
600 0.001490
777 0.001454
474 0.001528
2320 0.001478
2253 0.001491
1205 0.001340
2082 0.001416
2953 0.001497
2098 0.001429
514 0.001490
2094 0.001404
3074 0.001490
3245 0.001481
2486 0.001480
1927 0.001544
1401 0.001479
3880 0.001481
340 0.001461
923 0.001445
3632 0.001461
1580 0.001459
2663 0.001451
79 0.001486
2944 0.001438
1209 0.001476
3503 0.001478
3937 0.001485
3838 0.001507
2931 0.001467
1566 0.001409
426 0.001540
809 0.001486
3276 0.001422
1222 0.001475
661 0.001455
2304 0.001466
1286 0.001445
1196 0.001514
524 0.001550
1014 0.001515
1041 0.001468
3484 0.001461
3406 0.001458
992 0.001402
2050 0.001418
1363 0.001447
3634 0.001479
520 0.001520
4090 0.001485
1267 0.001512
2264 0.001474
4048 0.001424
3463 0.001424
1165 0.001536
2743 0.001518
1914 0.001560
714 0.001462
882 0.001438
2558 0.001421
490 0.001573
4220 0.001486
460 0.001442
716 0.001525
4150 0.001478
29 0.001498
3655 0.001489
2164 0.001561
2741 0.001456
2457 0.001512
637 0.001484
2421 0.001420
1478 0.001493
3471 0.001474
1738 0.001509
3886 0.001494
1791 0.001434
2820 0.001409
310 0.001459
3682 0.001388
1932 0.001523
1522 0.001478
2415 0.001434
959 0.001386
3325 0.001400
1240 0.001463
2485 0.001415
2949 0.001490
1139 0.001447
2905 0.001503
3589 0.001536
1400 0.001451
3407 0.001547
1812 0.001482
332 0.001443
2026 0.001404
651 0.001548
3368 0.001527
1607 0.001520
2245 0.001485
2268 0.001498
1972 0.001484
3045 0.001473
916 0.001446
2595 0.001429
208 0.001439
2537 0.001529
3061 0.001544
1640 0.001488
370 0.001499
1985 0.001506
462 0.001492
411 0.001557
338 0.001444
1601 0.001519
2976 0.001442
3386 0.001530
1976 0.001537
1961 0.001557
3772 0.001434
4174 0.001414
1853 0.001472
3492 0.001455
3658 0.001500
3116 0.001458
4066 0.001445
2995 0.001434
1341 0.001480
86 0.001466
2502 0.001480
1627 0.001447
3258 0.001466
1236 0.001482
2056 0.001452
1631 0.001490
2388 0.001505
632 0.001437
2235 0.001472
3040 0.001511
2408 0.001440
1158 0.001509
3716 0.001482
577 0.001507
3058 0.001454
2107 0.001550
1705 0.001480
383 0.001465
730 0.001531
2393 0.001408
2600 0.001550
2554 0.001446
2130 0.001483
4113 0.001437
3881 0.001496
2777 0.001452
2403 0.001480
941 0.001515
1807 0.001530
1979 0.001536
2643 0.001457
1353 0.001500
934 0.001489
1130 0.001485
422 0.001482
243 0.001494
2997 0.001534
458 0.001470
3994 0.001513
4154 0.001520
1986 0.001525
169 0.001517
3797 0.001500
2461 0.001429
3626 0.001541
2770 0.001467
627 0.001429
384 0.001503
639 0.001534
931 0.001487
2083 0.001512
1886 0.001417
1901 0.001481
3866 0.001528
4149 0.001571
1413 0.001469
305 0.001450
1759 0.001544
3255 0.001501
540 0.001464
479 0.001480
2527 0.001469
1486 0.001502
83 0.001485
3835 0.001416
1397 0.001532
3501 0.001545
1916 0.001478
902 0.001475
4040 0.001507
3262 0.001507
1975 0.001443
624 0.001476
1275 0.001483
1528 0.001523
3202 0.001435
3934 0.001443
1685 0.001434
464 0.001458
2439 0.001454
1590 0.001488
1178 0.001516
151 0.001513
655 0.001453
3775 0.001457
2474 0.001495
3054 0.001511
2580 0.001481
926 0.001466
2918 0.001507
1544 0.001500
1323 0.001507
248 0.001462
276 0.001425
4030 0.001437
1890 0.001507
2364 0.001468
1273 0.001433
2124 0.001462
3623 0.001462
1385 0.001446
3091 0.001485
478 0.001488
2880 0.001551
2298 0.001492
3371 0.001495
1175 0.001451
1799 0.001442
2101 0.001444
2593 0.001536
265 0.001538
2205 0.001442
3122 0.001534
906 0.001548
1315 0.001504
3224 0.001528
2324 0.001486
863 0.001462
3103 0.001473
144 0.001483
610 0.001482
1869 0.001484
3980 0.001435
2414 0.001459
3125 0.001415
1156 0.001449
1239 0.001481
977 0.001423
2329 0.001502
1404 0.001511
118 0.001414
1802 0.001473
1701 0.001492
1328 0.001553
2907 0.001481
2233 0.001516
3257 0.001488
2982 0.001464
2729 0.001442
1672 0.001531
2031 0.001483
1358 0.001446
4136 0.001460
3123 0.001481
2904 0.001487
459 0.001454
3842 0.001511
3868 0.001489
2261 0.001468
3133 0.001559
2528 0.001373
2632 0.001576
3174 0.001448
1479 0.001554
2621 0.001490
4148 0.001509
203 0.001460
2658 0.001509
3595 0.001509
578 0.001428
3583 0.001472
2004 0.001515
667 0.001521
1350 0.001512
1374 0.001476
2105 0.001430
1119 0.001460
1969 0.001449
1620 0.001521
315 0.001519
494 0.001474
1029 0.001483
1050 0.001482
3358 0.001466
1928 0.001579
855 0.001512
1086 0.001420
413 0.001397
22 0.001480
3442 0.001520
3119 0.001514
1213 0.001437
498 0.001495
569 0.001460
3295 0.001467
3644 0.001496
3207 0.001424
837 0.001478
3812 0.001471
2737 0.001519
1007 0.001512
4081 0.001428
874 0.001535
749 0.001587
3832 0.001468
3967 0.001502
270 0.001444
1555 0.001525
4243 0.001452
1834 0.001500
2688 0.001510
1292 0.001468
2116 0.001506
3251 0.001444
3289 0.001485
3150 0.001452
612 0.001472
3982 0.001475
470 0.001489
1510 0.001485
634 0.001480
3529 0.001529
3846 0.001500
2598 0.001493
3647 0.001528
2436 0.001500
3590 0.001502
995 0.001445
736 0.001494
1813 0.001475
2523 0.001502
3365 0.001486
2028 0.001453
3924 0.001375
3874 0.001455
3093 0.001471
1471 0.001427
1026 0.001454
1549 0.001466
910 0.001467
294 0.001503
599 0.001491
1745 0.001423
1070 0.001492
1768 0.001457
704 0.001439
1910 0.001492
2089 0.001481
2302 0.001531
3229 0.001437
1954 0.001461
4099 0.001490
3064 0.001496
372 0.001505
4029 0.001462
2685 0.001486
2331 0.001439
611 0.001501
1450 0.001520
2674 0.001413
1606 0.001445
2899 0.001528
4132 0.001462
1963 0.001421
3260 0.001576
3189 0.001481
2091 0.001576
3412 0.001419
2987 0.001467
3976 0.001470
2208 0.001489
946 0.001449
1655 0.001521
1346 0.001459
4139 0.001514
3374 0.001457
2524 0.001507
3977 0.001455
2938 0.001477
1251 0.001489
2841 0.001465
1022 0.001399
355 0.001486
3525 0.001450
1142 0.001438
277 0.001488
4018 0.001551
3142 0.001465
1290 0.001424
1897 0.001534
3929 0.001487
3726 0.001486
2934 0.001422
2373 0.001497
2917 0.001561
2799 0.001476
812 0.001487
2574 0.001517
3077 0.001470
2723 0.001432
3320 0.001483
109 0.001477
2851 0.001564
4023 0.001479
2108 0.001442
3107 0.001455
2845 0.001529
1133 0.001496
1423 0.001540
1646 0.001488
2084 0.001481
603 0.001447
2800 0.001506
1095 0.001508
3743 0.001492
1540 0.001464
3707 0.001497
3774 0.001492
159 0.001494
1929 0.001513
3028 0.001492
2284 0.001515
2774 0.001447
2147 0.001466
2843 0.001461
1833 0.001477
712 0.001474
3156 0.001440
709 0.001507
3895 0.001552
4186 0.001459
672 0.001431
1543 0.001434
889 0.001425
2680 0.001504
3219 0.001466
222 0.001509
962 0.001476
471 0.001534
2377 0.001456
527 0.001541
247 0.001460
1321 0.001442
1414 0.001494
2058 0.001486
3308 0.001497
3801 0.001450
813 0.001452
1516 0.001523
3619 0.001439
3537 0.001422
4144 0.001508
3246 0.001531
793 0.001504
3622 0.001505
3568 0.001476
1392 0.001437
4158 0.001478
492 0.001411
1238 0.001465
3843 0.001487
62 0.001538
3143 0.001560
1136 0.001453
3192 0.001469
1680 0.001523
2275 0.001459
1291 0.001515
2080 0.001558
2244 0.001458
718 0.001446
11 0.001517
3023 0.001439
1447 0.001468
767 0.001447
1918 0.001415
2319 0.001415
3959 0.001505
3085 0.001493
3817 0.001482
775 0.001489
4147 0.001490
2024 0.001454
1784 0.001461
2798 0.001420
650 0.001507
875 0.001518
1402 0.001485
3629 0.001466
3361 0.001480
3604 0.001490
2226 0.001453
3786 0.001540
3278 0.001522
3543 0.001463
2438 0.001471
4237 0.001484
1411 0.001427
1752 0.001450
1754 0.001579
2382 0.001490
1613 0.001525
1383 0.001481
2903 0.001449
1017 0.001453
2442 0.001453
2669 0.001492
832 0.001453
3144 0.001465
3928 0.001493
2060 0.001449
2254 0.001510
3998 0.001456
3438 0.001550
2522 0.001445
3643 0.001463
1097 0.001456
2227 0.001495
3405 0.001517
3942 0.001548
3313 0.001545
3018 0.001444
711 0.001501
2878 0.001459
2802 0.001528
361 0.001458
2835 0.001494
1920 0.001478
827 0.001412
2428 0.001517
1433 0.001450
1733 0.001537
2622 0.001500
553 644
3857 0.001582
17 0.001564
2717 0.001575
512 0.001556
3916 0.001583
268 0.001563
1162 0.001520
804 0.001554
3124 0.001585
3438 0.001519
2010 0.001567
1208 0.001604
966 0.001593
1630 0.001480
3375 0.001590
3319 0.001563
3046 0.001589
2691 0.001545
1739 0.001555
1847 0.001609
3113 0.001560
3594 0.001573
3912 0.001567
2524 0.001577
3970 0.001601
2169 0.001552
987 0.001564
823 0.001616
1467 0.001570
2060 0.001487
1498 0.001524
351 0.001564
2027 0.001594
924 0.001472
3125 0.001551
1501 0.001587
1219 0.001464
392 0.001561
3551 0.001560
39 0.001582
1060 0.001516
2618 0.001588
1900 0.001538
3369 0.001499
2876 0.001575
952 0.001549
33 0.001573
2449 0.001513
2746 0.001568
2744 0.001590
2907 0.001503
1122 0.001552
3602 0.001557
811 0.001527
864 0.001553
54 0.001496
1808 0.001575
3078 0.001516
1350 0.001543
929 0.001578
3833 0.001569
2331 0.001554
686 0.001578
71 0.001473
3575 0.001504
2185 0.001591
1268 0.001463
1142 0.001510
2884 0.001562
333 0.001558
1405 0.001571
2228 0.001551
3653 0.001544
2866 0.001590
4139 0.001534
3818 0.001500
3886 0.001567
3677 0.001598
4093 0.001508
2157 0.001566
3946 0.001573
3316 0.001602
3764 0.001601
3502 0.001553
637 0.001643
909 0.001544
2195 0.001541
616 0.001554
1182 0.001481
2105 0.001592
2030 0.001500
1421 0.001554
3618 0.001641
234 0.001522
808 0.001539
4005 0.001551
2014 0.001546
1447 0.001508
506 0.001550
2170 0.001613
3370 0.001528
2590 0.001599
3120 0.001558
448 0.001541
835 0.001577
1786 0.001550
1760 0.001554
2141 0.001533
3443 0.001579
1526 0.001554
2040 0.001585
1073 0.001620
825 0.001553
3523 0.001510
2652 0.001611
4204 0.001639
1000 0.001567
3458 0.001509
2860 0.001578
2893 0.001628
1642 0.001610
164 0.001650
1906 0.001513
546 0.001560
3965 0.001514
3586 0.001538
442 0.001519
4183 0.001650
3399 0.001618
2927 0.001525
2821 0.001523
3501 0.001575
1437 0.001575
2210 0.001571
2716 0.001539
1558 0.001496
2568 0.001591
887 0.001573
3542 0.001545
1151 0.001563
77 0.001567
4061 0.001525
1325 0.001543
2504 0.001594
2284 0.001575
1401 0.001496
1211 0.001549
1882 0.001520
1575 0.001528
595 0.001558
838 0.001496
3072 0.001553
926 0.001521
165 0.001611
3612 0.001608
201 0.001563
3206 0.001574
371 0.001601
248 0.001519
3 0.001537
2369 0.001593
999 0.001593
569 0.001550
2930 0.001558
2525 0.001526
2815 0.001483
3335 0.001553
2503 0.001485
1376 0.001501
1194 0.001579
2897 0.001609
2645 0.001640
179 0.001645
1464 0.001532
1061 0.001527
772 0.001490
69 0.001519
550 0.001530
3806 0.001590
2596 0.001630
4136 0.001482
249 0.001528
4000 0.001588
833 0.001544
3311 0.001592
3676 0.001619
1397 0.001560
1106 0.001540
3076 0.001549
2895 0.001502
1461 0.001509
24 0.001543
688 0.001492
4196 0.001576
2429 0.001558
2813 0.001558
3556 0.001527
3269 0.001527
3127 0.001520
2954 0.001562
3495 0.001468
2465 0.001581
2301 0.001599
3716 0.001617
3163 0.001535
2067 0.001558
902 0.001508
4174 0.001523
2272 0.001479
862 0.001561
1118 0.001560
1264 0.001499
4203 0.001634
692 0.001500
3654 0.001586
321 0.001593
818 0.001556
1874 0.001548
2153 0.001564
3726 0.001557
445 0.001567
3934 0.001551
2703 0.001637
836 0.001527
986 0.001574
1754 0.001577
2903 0.001642
2514 0.001568
2011 0.001580
2849 0.001603
3453 0.001549
1794 0.001493
399 0.001620
1525 0.001524
2956 0.001540
2330 0.001545
641 0.001491
3161 0.001541
3053 0.001534
1189 0.001488
1307 0.001545
312 0.001542
1729 0.001518
1163 0.001599
2658 0.001523
444 0.001545
3426 0.001572
2988 0.001546
1476 0.001516
82 0.001477
1857 0.001611
662 0.001510
3964 0.001589
1665 0.001507
112 0.001588
2129 0.001590
2720 0.001568
507 0.001545
1216 0.001532
1947 0.001510
2757 0.001547
3744 0.001618
1791 0.001499
2456 0.001594
3640 0.001571
4104 0.001606
3626 0.001618
1513 0.001482
2426 0.001552
2279 0.001639
3309 0.001527
2686 0.001567
422 0.001536
2572 0.001610
452 0.001597
1879 0.001559
2916 0.001621
146 0.001591
4044 0.001552
1244 0.001572
587 0.001634
4124 0.001608
4067 0.001599
1876 0.001602
1215 0.001575
1486 0.001535
2865 0.001615
65 0.001587
1392 0.001557
3787 0.001461
3693 0.001602
2908 0.001477
2689 0.001521
4127 0.001579
1326 0.001594
2071 0.001564
2012 0.001489
190 0.001565
961 0.001508
743 0.001486
3650 0.001593
3642 0.001629
3371 0.001459
1960 0.001578
2084 0.001534
942 0.001592
2512 0.001581
1415 0.001557
3139 0.001498
3619 0.001562
934 0.001566
56 0.001525
4032 0.001577
781 0.001582
1218 0.001611
3679 0.001569
2085 0.001588
4059 0.001534
3045 0.001554
293 0.001565
1431 0.001557
2109 0.001509
1359 0.001498
843 0.001477
3808 0.001528
261 0.001509
41 0.001461
2522 0.001626
3027 0.001473
2017 0.001587
535 0.001506
1930 0.001514
989 0.001533
4212 0.001506
1245 0.001559
1533 0.001587
1027 0.001616
948 0.001551
2713 0.001582
791 0.001633
3838 0.001568
273 0.001486
2763 0.001524
313 0.001565
3811 0.001581
1507 0.001499
2058 0.001525
1553 0.001587
3793 0.001577
198 0.001581
2727 0.001609
1239 0.001573
1138 0.001563
954 0.001497
754 0.001537
1632 0.001552
3729 0.001555
1284 0.001551
110 0.001557
1972 0.001497
4242 0.001587
3918 0.001570
1082 0.001539
1200 0.001525
1041 0.001606
3094 0.001557
2092 0.001564
770 0.001465
1119 0.001493
66 0.001539
2270 0.001531
240 0.001613
1030 0.001552
1828 0.001581
530 0.001553
383 0.001570
2393 0.001496
3162 0.001558
717 0.001591
3588 0.001599
1571 0.001577
586 0.001527
3749 0.001592
3250 0.001599
67 0.001541
2317 0.001500
1400 0.001544
1496 0.001531
2820 0.001574
3431 0.001555
1673 0.001531
1416 0.001584
4150 0.001482
2048 0.001518
3393 0.001557
316 0.001611
3300 0.001508
2417 0.001617
628 0.001506
712 0.001620
1441 0.001567
1818 0.001650
2391 0.001543
715 0.001562
439 0.001523
1607 0.001541
2639 0.001529
305 0.001617
698 0.001429
3675 0.001493
3226 0.001598
537 0.001547
2259 0.001536
984 0.001512
62 0.001543
2332 0.001503
1692 0.001570
144 0.001598
1103 0.001519
3956 0.001563
1169 0.001490
3990 0.001655
3121 0.001530
551 0.001492
2145 0.001542
796 0.001530
3774 0.001504
3031 0.001506
2238 0.001557
4101 0.001528
738 0.001543
2543 0.001522
218 0.001542
3145 0.001540
216 0.001521
3325 0.001539
4221 0.001558
1782 0.001533
1417 0.001581
3549 0.001521
3539 0.001512
438 0.001535
1623 0.001629
2054 0.001535
759 0.001583
3315 0.001552
4148 0.001598
2974 0.001546
865 0.001585
2003 0.001552
432 0.001507
61 0.001600
1064 0.001546
204 0.001509
1583 0.001503
3705 0.001605
428 0.001578
3678 0.001559
1709 0.001504
94 0.001551
26 0.001506
3381 0.001580
2681 0.001527
3552 0.001606
4238 0.001547
1986 0.001562
3615 0.001577
2260 0.001555
1311 0.001563
993 0.001571
1253 0.001540
2123 0.001531
1365 0.001582
3149 0.001511
2416 0.001555
3422 0.001586
3144 0.001444
1255 0.001571
792 0.001552
4145 0.001562
4125 0.001586
1508 0.001532
3179 0.001619
3184 0.001563
3133 0.001529
3945 0.001524
892 0.001567
3086 0.001541
1449 0.001557
649 0.001598
1659 0.001578
2662 0.001549
696 0.001581
2285 0.001532
370 0.001577
2081 0.001616
2945 0.001546
326 0.001565
3382 0.001506
2600 0.001511
4225 0.001553
1940 0.001551
396 0.001588
3239 0.001482
1339 0.001540
2249 0.001538
3286 0.001486
3470 0.001602
2436 0.001544
347 0.001523
3216 0.001553
1296 0.001505
4197 0.001630
1574 0.001553
2444 0.001498
2858 0.001536
3565 0.001549
414 0.001515
2641 0.001529
3056 0.001535
3557 0.001490
2213 0.001510
3809 0.001576
4154 0.001562
2359 0.001508
3927 0.001549
1895 0.001594
2222 0.001540
3714 0.001572
2455 0.001589
3875 0.001544
1959 0.001534
2955 0.001517
3829 0.001561
3985 0.001522
1638 0.001521
2550 0.001593
1009 0.001533
2539 0.001551
28 0.001608
1742 0.001577
1589 0.001555
1262 0.001558
4239 0.001555
4190 0.001548
3778 0.001601
3061 0.001533
2189 0.001543
1096 0.001576
1677 0.001592
4113 0.001563
2381 0.001573
3839 0.001566
1538 0.001552
126 0.001527
2131 0.001488
4102 0.001553
2375 0.001528
3638 0.001555
3861 0.001571
2688 0.001561
2741 0.001594
2680 0.001528
3867 0.001537
3416 0.001509
1653 0.001511
564 0.001530
540 0.001553
1975 0.001541
1985 0.001572
3096 0.001548
3180 0.001513
976 0.001522
3922 0.001582
4024 0.001547
538 0.001470
1263 0.001496
896 0.001595
1878 0.001577
3706 0.001495
1837 0.001591
2152 0.001555
2241 0.001483
3540 0.001520
1190 0.001533
4034 0.001526
1744 0.001568
455 0.001527
3130 0.001587
13 0.001570
2009 0.001527
3746 0.001470
1603 0.001542
377 0.001546
1731 0.001526
3270 0.001485
2856 0.001616
2970 0.001531
1718 0.001579
3761 0.001610
3444 0.001584
3509 0.001580
543 0.001522
3481 0.001525
4217 0.001552
2419 0.001548
2634 0.001607
3073 0.001500
1062 0.001533
882 0.001544
1175 0.001518
851 0.001544
1734 0.001521
708 0.001589
473 0.001586
2295 0.001475
3660 0.001575
1608 0.001596
2475 0.001538
2068 0.001632
4209 0.001589
2770 0.001498
2571 0.001523
3522 0.001520
4045 0.001502
2696 0.001593
3894 0.001538
1360 0.001593
4042 0.001557
1738 0.001548
50 0.001610
1939 0.001530
510 0.001574
407 0.001552
1528 0.001536
120 0.001587
2552 0.001515
2173 0.001577
4184 0.001602
3238 0.001523
3403 0.001503
135 0.001566
2986 0.001613
122 0.001603
513 626
2396 0.001616
943 0.001568
921 0.001603
1369 0.001641
3470 0.001536
2169 0.001637
2437 0.001643
3967 0.001621
625 0.001575
1559 0.001637
350 0.001600
2079 0.001631
1516 0.001637
3178 0.001658
4162 0.001544
1569 0.001643
1051 0.001614
3651 0.001618
616 0.001628
634 0.001613
1386 0.001621
3293 0.001612
3254 0.001658
2189 0.001596
702 0.001598
900 0.001591
21 0.001574
2694 0.001647
3564 0.001549
2223 0.001590
2330 0.001650
440 0.001572
3592 0.001635
3887 0.001594
381 0.001628
3571 0.001642
2927 0.001651
1359 0.001537
3789 0.001626
2009 0.001559
1453 0.001676
2503 0.001642
1679 0.001656
1497 0.001587
395 0.001556
2909 0.001585
3911 0.001554
804 0.001662
438 0.001615
2145 0.001638
582 0.001592
865 0.001649
1983 0.001651
3339 0.001612
2770 0.001568
1646 0.001640
1611 0.001598
3099 0.001519
1020 0.001535
99 0.001639
472 0.001581
1244 0.001592
1160 0.001556
2466 0.001640
2674 0.001601
828 0.001610
2624 0.001633
1947 0.001595
1909 0.001596
2102 0.001582
2257 0.001579
1331 0.001591
500 0.001647
212 0.001623
2902 0.001627
1057 0.001575
1878 0.001587
2944 0.001601
906 0.001583
3314 0.001628
463 0.001553
3362 0.001528
871 0.001621
3376 0.001587
2718 0.001647
2697 0.001590
2643 0.001564
626 0.001614
3125 0.001554
2537 0.001595
3618 0.001599
2159 0.001578
1108 0.001581
136 0.001568
2501 0.001649
1999 0.001595
2783 0.001578
3020 0.001565
2073 0.001639
2758 0.001533
1375 0.001622
1865 0.001605
678 0.001579
1627 0.001553
3885 0.001571
3370 0.001548
3728 0.001653
3214 0.001560
2310 0.001574
1882 0.001682
1096 0.001498
3943 0.001535
913 0.001540
3272 0.001565
1956 0.001576
2564 0.001562
1191 0.001583
3933 0.001577
1723 0.001668
2502 0.001600
1464 0.001559
4036 0.001562
492 0.001610
3233 0.001632
2879 0.001619
4240 0.001662
1574 0.001652
1815 0.001614
2732 0.001636
2052 0.001595
3374 0.001594
3227 0.001636
3946 0.001613
1060 0.001585
276 0.001579
1590 0.001590
418 0.001626
52 0.001648
2897 0.001596
4207 0.001619
3353 0.001574
998 0.001569
2926 0.001595
3189 0.001528
1617 0.001597
34 0.001610
197 0.001547
3235 0.001601
176 0.001629
2403 0.001554
1914 0.001660
1141 0.001519
3326 0.001593
2946 0.001610
1638 0.001617
1163 0.001581
3041 0.001623
2237 0.001578
2700 0.001555
3442 0.001641
1484 0.001571
3336 0.001570
1962 0.001600
2898 0.001588
442 0.001698
3541 0.001649
1811 0.001612
4038 0.001549
955 0.001551
2810 0.001654
4046 0.001701
1449 0.001598
3375 0.001619
2854 0.001564
1330 0.001585
4177 0.001567
3077 0.001598
3807 0.001608
2961 0.001643
3033 0.001539
116 0.001623
3533 0.001620
2802 0.001599
1987 0.001509
962 0.001662
49 0.001656
1681 0.001663
133 0.001592
1459 0.001616
59 0.001620
3930 0.001654
3893 0.001595
1887 0.001584
3410 0.001624
2608 0.001504
2202 0.001597
3387 0.001587
3908 0.001598
2877 0.001655
2313 0.001616
4228 0.001589
2397 0.001615
3133 0.001586
681 0.001594
3231 0.001589
1680 0.001537
483 0.001616
2684 0.001658
1734 0.001570
2586 0.001638
3526 0.001625
1047 0.001502
2413 0.001518
1310 0.001602
1823 0.001604
2452 0.001579
890 0.001564
2480 0.001671
2439 0.001640
1927 0.001599
530 0.001624
2469 0.001656
833 0.001660
2651 0.001630
3593 0.001574
2814 0.001559
1552 0.001625
420 0.001536
744 0.001616
3687 0.001552
1270 0.001614
465 0.001587
452 0.001566
3765 0.001568
2730 0.001546
3145 0.001625
2923 0.001617
4161 0.001591
3550 0.001553
2267 0.001533
3121 0.001556
770 0.001629
2004 0.001636
641 0.001552
361 0.001597
3624 0.001616
3824 0.001599
823 0.001574
346 0.001566
1034 0.001631
3380 0.001561
1207 0.001555
2934 0.001585
311 0.001578
1675 0.001616
3401 0.001607
924 0.001599
909 0.001624
4074 0.001565
794 0.001621
340 0.001598
4132 0.001581
1930 0.001622
4054 0.001621
4146 0.001653
2166 0.001639
2558 0.001573
679 0.001561
3986 0.001592
2788 0.001574
1285 0.001546
32 0.001528
1293 0.001587
3851 0.001562
1620 0.001607
1774 0.001585
958 0.001598
2255 0.001630
3332 0.001558
1447 0.001611
2029 0.001555
3237 0.001608
3440 0.001668
2644 0.001544
3419 0.001593
2605 0.001613
3521 0.001574
2270 0.001596
2374 0.001560
3755 0.001654
398 0.001583
1671 0.001640
1075 0.001606
199 0.001617
2774 0.001589
150 0.001595
784 0.001636
1309 0.001532
1669 0.001590
4091 0.001622
289 0.001628
3743 0.001659
1849 0.001560
2025 0.001593
883 0.001515
736 0.001640
4150 0.001651
571 0.001581
3065 0.001572
1805 0.001601
2426 0.001625
222 0.001616
3005 0.001629
891 0.001584
1046 0.001616
4024 0.001547
2572 0.001651
1820 0.001633
2976 0.001582
1162 0.001580
840 0.001583
1472 0.001610
3124 0.001648
815 0.001571
2478 0.001624
487 0.001610
528 0.001633
777 0.001604
1355 0.001610
1676 0.001620
3136 0.001620
2486 0.001601
1655 0.001499
2983 0.001590
3034 0.001583
1068 0.001631
3151 0.001643
2599 0.001630
3707 0.001593
1837 0.001586
542 0.001621
266 0.001599
584 0.001592
2950 0.001546
747 0.001533
415 0.001598
3064 0.001627
3508 0.001638
2253 0.001617
1705 0.001569
1374 0.001585
4205 0.001537
4197 0.001588
731 0.001638
89 0.001506
4105 0.001582
383 0.001558
1986 0.001574
2336 0.001555
138 0.001601
3819 0.001583
3294 0.001575
1274 0.001568
1103 0.001587
2193 0.001569
3239 0.001665
3920 0.001560
877 0.001601
51 0.001604
3292 0.001589
1673 0.001554
3534 0.001577
433 0.001621
2657 0.001589
578 0.001551
1443 0.001611
3821 0.001612
87 0.001583
2082 0.001555
3399 0.001628
1102 0.001668
4032 0.001608
2292 0.001590
789 0.001505
4050 0.001598
127 0.001569
135 0.001578
4081 0.001593
3905 0.001594
592 0.001532
1876 0.001590
720 0.001609
1831 0.001586
3 0.001556
1081 0.001599
201 0.001575
3097 0.001651
3812 0.001595
1372 0.001621
3648 0.001617
1980 0.001584
3582 0.001509
4230 0.001571
2864 0.001603
152 0.001567
1792 0.001545
3621 0.001574
3742 0.001602
2151 0.001580
38 0.001636
3335 0.001669
1969 0.001613
2194 0.001557
1990 0.001594
3895 0.001559
627 0.001601
4180 0.001604
3479 0.001634
3671 0.001586
4204 0.001569
3574 0.001584
2493 0.001561
2786 0.001550
3992 0.001504
1234 0.001591
3601 0.001626
2095 0.001585
2373 0.001572
3202 0.001632
3262 0.001607
2621 0.001560
2143 0.001566
2883 0.001604
2239 0.001622
3643 0.001601
1037 0.001689
1829 0.001551
2245 0.001598
2076 0.001525
1199 0.001613
3695 0.001610
881 0.001538
2547 0.001639
2807 0.001578
389 0.001616
839 0.001550
3436 0.001642
1776 0.001622
1528 0.001635
106 0.001586
3833 0.001588
936 0.001578
2887 0.001587
1073 0.001587
1220 0.001563
2906 0.001538
1313 0.001645
588 0.001625
175 0.001520
3542 0.001555
3467 0.001684
3964 0.001561
996 0.001574
3706 0.001611
1988 0.001574
2705 0.001571
3794 0.001556
365 0.001559
2101 0.001597
2989 0.001596
1164 0.001560
3193 0.001590
1537 0.001535
3061 0.001657
4062 0.001565
662 0.001600
2085 0.001569
2230 0.001577
3042 0.001563
3503 0.001621
4056 0.001588
4138 0.001594
112 0.001633
3723 0.001573
2384 0.001604
3265 0.001572
790 0.001543
2831 0.001600
2635 0.001540
450 0.001506
3021 0.001640
1006 0.001612
2435 0.001550
1215 0.001611
1848 0.001532
1468 0.001649
2311 0.001601
2779 0.001643
3071 0.001659
37 0.001645
3391 0.001598
3519 0.001650
2763 0.001637
1934 0.001545
3096 0.001644
1901 0.001580
2116 0.001673
362 0.001591
1413 0.001674
1993 0.001611
2924 0.001600
990 0.001553
3974 0.001609
835 0.001612
2948 0.001604
3379 0.001675
1457 0.001649
1996 0.001641
2361 0.001625
2332 0.001583
3090 0.001614
1206 0.001599
286 0.001659
2233 0.001640
1948 0.001640
196 0.001537
485 0.001553
1469 0.001472
1408 0.001624
3848 0.001543
3473 0.001694
3763 0.001690
3622 0.001574
1785 0.001572
713 0.001666
1836 0.001607
3291 0.001538
1819 0.001591
2663 0.001566
2498 0.001640
1193 0.001533
325 0.001555
2170 0.001550
1425 0.001630
126 0.001655
1924 0.001582
724 0.001612
2609 0.001613
3251 0.001580
376 0.001572
2351 0.001560
3948 0.001620
1054 0.001589
717 0.001555
1403 0.001633
894 0.001683
1629 0.001583
2852 0.001593
3263 0.001626
738 0.001584
2966 0.001618
3614 0.001608
1517 0.001545
503 0.001620
2097 0.001614
3056 0.001650
3223 0.001565
3158 0.001621
2986 0.001668
2158 0.001571
3022 0.001615
1711 0.001624
3171 0.001568
2451 0.001565
3737 0.001566
1651 0.001552
1105 0.001638
2818 0.001597
4061 0.001500
602 0.001587
1495 0.001604
2188 0.001668
1781 0.001629
108 0.001695
348 0.001655
1013 0.001516
2664 0.001555
3877 0.001631
476 0.001608
3152 0.001677
3790 0.001592
3297 0.001638
3384 0.001597
822 0.001572
3475 0.001532
3182 0.001601
4026 0.001654
1813 0.001591
3629 0.001587
788 0.001608
4084 0.001546
712 0.001618
3471 0.001678
3782 0.001672
3731 0.001596
3101 0.001649
2846 0.001601
2242 0.001670
100 0.001639
1021 0.001579
3341 0.001616
3348 0.001590
1340 0.001561
855 0.001571
885 0.001589
2612 0.001590
650 0.001608
9 0.001634
1534 0.001605
3273 0.001597
3477 0.001485
4154 0.001610
2228 0.001533
545 0.001565
4237 0.001599
1798 0.001644
861 632
244 0.001559
755 0.001577
2297 0.001603
2417 0.001555
2861 0.001516
2915 0.001584
2426 0.001576
843 0.001593
1433 0.001668
2831 0.001613
102 0.001640
3758 0.001582
1600 0.001532
3022 0.001589
1819 0.001557
2077 0.001604
4036 0.001561
1890 0.001568
453 0.001597
1438 0.001580
50 0.001590
3506 0.001583
3615 0.001648
2305 0.001519
601 0.001588
1383 0.001605
3265 0.001606
1713 0.001560
4003 0.001608
466 0.001591
1948 0.001510
3073 0.001633
2833 0.001645
3166 0.001580
1511 0.001525
1151 0.001465
1466 0.001574
3613 0.001595
202 0.001666
3926 0.001598
257 0.001619
3347 0.001569
2136 0.001545
2977 0.001599
563 0.001580
1154 0.001629
3698 0.001593
2954 0.001566
1916 0.001561
2636 0.001637
1844 0.001518
2844 0.001571
1770 0.001589
2529 0.001569
1688 0.001594
2941 0.001543
668 0.001564
3747 0.001642
3208 0.001635
1493 0.001570
298 0.001657
784 0.001513
499 0.001589
845 0.001590
2094 0.001557
621 0.001542
1972 0.001560
2166 0.001652
830 0.001613
3685 0.001554
687 0.001580
2938 0.001628
3745 0.001549
594 0.001567
3724 0.001602
2500 0.001582
3411 0.001613
56 0.001576
1842 0.001573
2002 0.001578
2193 0.001562
242 0.001625
3610 0.001556
163 0.001539
861 0.001603
1328 0.001530
2130 0.001527
619 0.001570
199 0.001580
1434 0.001600
1326 0.001559
3354 0.001572
4113 0.001567
388 0.001627
3173 0.001615
3656 0.001496
4027 0.001635
3609 0.001557
773 0.001609
3664 0.001614
3867 0.001542
2989 0.001547
1189 0.001551
605 0.001606
382 0.001549
3180 0.001640
109 0.001565
2866 0.001628
243 0.001629
3649 0.001594
1040 0.001624
2162 0.001609
1856 0.001645
748 0.001539
3059 0.001580
3417 0.001597
1731 0.001589
1196 0.001558
2761 0.001547
2692 0.001518
1494 0.001549
3163 0.001550
3378 0.001519
2499 0.001616
3294 0.001582
2331 0.001534
2969 0.001631
380 0.001626
3910 0.001591
1362 0.001607
1169 0.001600
1087 0.001545
2923 0.001627
3917 0.001543
1447 0.001610
1882 0.001570
3306 0.001619
3575 0.001524
1970 0.001562
909 0.001585
1340 0.001585
535 0.001602
2396 0.001501
3190 0.001587
1377 0.001611
2868 0.001571
157 0.001606
3670 0.001477
253 0.001636
3725 0.001626
3640 0.001576
2758 0.001505
3183 0.001571
1804 0.001549
2771 0.001599
3578 0.001608
1056 0.001509
3600 0.001489
3906 0.001516
4072 0.001609
3472 0.001588
879 0.001607
470 0.001576
2822 0.001560
3743 0.001598
3994 0.001570
2571 0.001556
1964 0.001564
1173 0.001627
3017 0.001641
428 0.001552
1068 0.001564
2164 0.001509
79 0.001589
2022 0.001608
149 0.001542
1621 0.001539
1226 0.001568
2100 0.001564
3138 0.001575
4106 0.001598
1557 0.001583
1070 0.001647
1264 0.001646
3090 0.001561
2855 0.001565
180 0.001612
1489 0.001599
1465 0.001592
3798 0.001545
1843 0.001556
912 0.001648
3145 0.001658
1197 0.001620
1726 0.001574
3160 0.001605
2409 0.001624
16 0.001584
979 0.001526
3008 0.001571
1459 0.001590
2561 0.001627
941 0.001526
743 0.001583
3792 0.001575
3603 0.001660
1456 0.001620
4223 0.001659
1115 0.001549
2129 0.001613
411 0.001532
2155 0.001540
3771 0.001620
1394 0.001540
3388 0.001638
3886 0.001587
3012 0.001587
4081 0.001545
2465 0.001584
2348 0.001580
780 0.001606
1528 0.001567
3709 0.001635
4242 0.001643
2934 0.001589
3559 0.001619
917 0.001574
3074 0.001616
634 0.001549
299 0.001609
1849 0.001577
1876 0.001600
331 0.001566
1301 0.001621
974 0.001586
3851 0.001578
485 0.001555
3585 0.001571
922 0.001525
2266 0.001568
32 0.001588
1996 0.001529
3405 0.001557
4079 0.001597
1921 0.001556
2258 0.001580
1318 0.001554
440 0.001582
2449 0.001587
930 0.001552
459 0.001566
3692 0.001599
1807 0.001585
3426 0.001629
3065 0.001594
1983 0.001549
4184 0.001522
2660 0.001565
2723 0.001639
1873 0.001582
18 0.001550
3825 0.001604
1398 0.001643
3919 0.001613
229 0.001586
44 0.001590
516 0.001680
971 0.001556
4161 0.001605
496 0.001589
1920 0.001547
2459 0.001658
473 0.001568
3864 0.001540
1909 0.001590
3924 0.001530
28 0.001572
94 0.001600
3386 0.001567
3052 0.001608
1765 0.001598
597 0.001526
2961 0.001642
1984 0.001646
3199 0.001591
3840 0.001545
3517 0.001591
3127 0.001610
3922 0.001570
1236 0.001493
2715 0.001574
3705 0.001530
3044 0.001627
685 0.001518
3938 0.001643
3895 0.001586
1207 0.001626
2655 0.001622
322 0.001573
1120 0.001597
882 0.001560
1214 0.001633
1198 0.001680
2644 0.001589
593 0.001596
2309 0.001614
4047 0.001603
2734 0.001601
95 0.001598
3450 0.001605
1544 0.001543
2651 0.001609
3312 0.001573
2487 0.001564
1215 0.001514
133 0.001564
2787 0.001610
1694 0.001557
100 0.001559
3806 0.001561
442 0.001597
3560 0.001579
17 0.001593
1854 0.001531
168 0.001586
3992 0.001577
3817 0.001527
720 0.001563
3630 0.001631
1654 0.001602
797 0.001559
820 0.001637
2298 0.001485
3372 0.001538
3602 0.001553
587 0.001518
1823 0.001578
2358 0.001595
4208 0.001578
1619 0.001593
808 0.001686
2142 0.001619
1863 0.001579
2592 0.001579
3119 0.001620
2694 0.001579
1615 0.001574
3339 0.001559
3242 0.001557
3930 0.001518
187 0.001569
1419 0.001561
1093 0.001575
1841 0.001616
1405 0.001627
3555 0.001577
421 0.001631
1449 0.001557
2325 0.001597
612 0.001598
1333 0.001542
2891 0.001576
479 0.001534
3151 0.001594
3448 0.001577
815 0.001531
733 0.001625
1758 0.001512
3999 0.001589
1533 0.001537
1076 0.001590
2141 0.001565
734 0.001570
2391 0.001531
522 0.001638
4120 0.001568
3655 0.001599
3977 0.001563
1979 0.001620
3353 0.001628
1150 0.001625
3833 0.001536
1798 0.001589
725 0.001605
108 0.001549
2600 0.001548
170 0.001611
886 0.001638
2084 0.001579
2330 0.001545
407 0.001584
1644 0.001584
2538 0.001494
1103 0.001553
4063 0.001654
212 0.001575
2533 0.001620
530 0.001582
1896 0.001572
3948 0.001540
3153 0.001622
1993 0.001582
2790 0.001494
228 0.001572
291 0.001520
2023 0.001572
834 0.001633
477 0.001538
938 0.001605
1038 0.001591
3233 0.001573
2811 0.001532
216 0.001560
1075 0.001592
705 0.001609
255 0.001604
1945 0.001578
2654 0.001605
3443 0.001534
294 0.001559
4189 0.001582
1706 0.001558
2402 0.001563
2781 0.001600
2661 0.001550
715 0.001535
2968 0.001586
391 0.001574
2541 0.001565
271 0.001568
813 0.001573
1905 0.001613
3319 0.001593
4141 0.001620
1656 0.001500
500 0.001624
4009 0.001569
1012 0.001559
1445 0.001516
3407 0.001478
677 0.001574
1172 0.001565
3203 0.001587
1655 0.001589
2720 0.001630
3511 0.001563
1790 0.001619
1704 0.001553
888 0.001574
1780 0.001577
2281 0.001622
2608 0.001564
437 0.001570
2621 0.001529
747 0.001478
3419 0.001585
1353 0.001563
2706 0.001558
1922 0.001597
4062 0.001623
1294 0.001557
2978 0.001639
1799 0.001572
3301 0.001558
2101 0.001570
2229 0.001638
2015 0.001545
658 0.001532
3631 0.001652
2840 0.001615
3702 0.001634
3937 0.001564
1343 0.001589
2708 0.001603
1129 0.001548
547 0.001576
1145 0.001543
267 0.001597
1317 0.001560
2622 0.001543
1296 0.001568
1966 0.001537
4007 0.001611
1356 0.001659
1618 0.001563
645 0.001552
1684 0.001622
3612 0.001561
2700 0.001466
737 0.001630
158 0.001566
320 0.001623
4171 0.001495
800 0.001616
1446 0.001592
2113 0.001553
447 0.001548
3829 0.001580
144 0.001581
3856 0.001609
1045 0.001587
3592 0.001601
2750 0.001526
4086 0.001625
2707 0.001618
2913 0.001549
2051 0.001701
849 0.001617
3541 0.001599
1026 0.001577
3027 0.001524
1569 0.001566
1347 0.001544
1499 0.001590
2530 0.001660
1227 0.001589
200 0.001560
913 0.001620
1523 0.001558
1033 0.001613
2272 0.001568
2132 0.001592
3953 0.001592
615 0.001623
2360 0.001603
3940 0.001587
2371 0.001616
2819 0.001535
2031 0.001555
1958 0.001588
3325 0.001501
1957 0.001560
1019 0.001576
3632 0.001544
787 0.001535
2885 0.001576
871 0.001624
4190 0.001648
3234 0.001557
555 0.001573
3084 0.001605
4043 0.001564
2301 0.001554
2581 0.001619
4060 0.001574
4222 0.001536
3774 0.001618
2062 0.001579
1399 0.001537
574 0.001617
3193 0.001560
3320 0.001608
1775 0.001577
3590 0.001553
2985 0.001571
24 0.001558
2878 0.001580
880 0.001624
23 0.001536
2997 0.001627
2564 0.001667
3245 0.001673
1524 0.001574
770 0.001590
2194 0.001590
2730 0.001608
2589 0.001609
3399 0.001589
3177 0.001629
1667 0.001569
3484 0.001589
1240 0.001638
2905 0.001565
3874 0.001649
1119 0.001589
1321 0.001590
2403 0.001593
3687 0.001591
4115 0.001613
2267 0.001590
4018 0.001561
1159 0.001575
58 0.001594
3201 0.001566
3058 0.001623
3202 0.001630
3046 0.001582
1858 0.001560
3772 0.001547
1249 0.001597
3804 0.001639
3542 0.001598
156 0.001539
862 0.001553
3391 0.001601
303 0.001559
2506 0.001611
1690 0.001668
2776 0.001687
1629 0.001578
1685 0.001520
1769 0.001557
774 0.001609
2896 0.001571
1735 0.001600
630 0.001612
935 0.001629
562 0.001579
171 0.001535
4210 0.001594
2056 0.001548
1884 0.001639
1022 0.001517
544 0.001513
4209 0.001642
2323 0.001634
580 0.001581
376 0.001604
337 0.001563
2927 0.001635
3894 0.001555
1125 0.001635
768 0.001576
901 0.001630
3997 0.001544
3067 0.001618
967 0.001598
4099 0.001601
3508 0.001615
678 0.001577
2340 0.001603
412 0.001558
111 705
23 0.001419
280 0.001437
2890 0.001465
140 0.001359
854 0.001401
1346 0.001444
2776 0.001432
638 0.001431
4138 0.001391
1211 0.001393
2794 0.001368
2330 0.001388
27 0.001480
208 0.001442
648 0.001396
3444 0.001357
2904 0.001370
1806 0.001439
45 0.001453
2162 0.001379
178 0.001455
3118 0.001417
1570 0.001448
566 0.001439
3131 0.001362
2099 0.001325
879 0.001450
2656 0.001424
3027 0.001417
2246 0.001367
1820 0.001459
2632 0.001434
2572 0.001424
2915 0.001409
3776 0.001447
231 0.001420
1649 0.001423
3927 0.001397
814 0.001424
2615 0.001432
753 0.001397
3283 0.001366
40 0.001417
1003 0.001444
2031 0.001443
3574 0.001441
2725 0.001341
1199 0.001508
761 0.001382
679 0.001456
3202 0.001362
2830 0.001443
441 0.001473
4150 0.001471
306 0.001400
3935 0.001412
641 0.001490
4142 0.001440
1190 0.001467
2793 0.001395
2134 0.001443
3902 0.001449
3693 0.001435
2481 0.001430
2585 0.001458
313 0.001486
819 0.001434
2163 0.001468
3682 0.001446
89 0.001347
4193 0.001363
2646 0.001363
1922 0.001388
1646 0.001411
244 0.001428
1112 0.001386
678 0.001457
2424 0.001446
3866 0.001402
1812 0.001416
3751 0.001478
1558 0.001420
3429 0.001433
1917 0.001414
132 0.001401
2102 0.001388
2822 0.001459
409 0.001392
3619 0.001340
3349 0.001470
1650 0.001421
2288 0.001392
2378 0.001370
1946 0.001373
3898 0.001406
1713 0.001408
3120 0.001443
4098 0.001439
4200 0.001412
3379 0.001485
3626 0.001381
2863 0.001377
1685 0.001392
2531 0.001467
4122 0.001433
926 0.001475
3037 0.001438
4036 0.001409
1815 0.001346
2235 0.001474
4198 0.001504
2740 0.001494
2814 0.001435
327 0.001467
555 0.001393
2629 0.001456
151 0.001370
1903 0.001319
3160 0.001358
3888 0.001448
1377 0.001405
955 0.001404
1093 0.001422
401 0.001402
1643 0.001442
862 0.001377
3407 0.001423
3462 0.001467
3426 0.001428
2050 0.001507
2136 0.001416
2164 0.001403
3099 0.001393
1296 0.001407
3985 0.001423
4191 0.001432
3970 0.001401
1553 0.001428
3929 0.001453
376 0.001402
2736 0.001435
534 0.001382
92 0.001456
2789 0.001398
1023 0.001444
2694 0.001399
627 0.001421
2815 0.001441
3514 0.001385
3915 0.001453
2544 0.001455
3597 0.001394
3456 0.001463
1495 0.001438
3595 0.001463
748 0.001461
3737 0.001451
2884 0.001366
3015 0.001400
3723 0.001352
3047 0.001487
1897 0.001366
697 0.001388
2218 0.001454
1241 0.001429
2201 0.001401
263 0.001412
64 0.001448
2682 0.001416
375 0.001407
3775 0.001445
2693 0.001448
346 0.001395
174 0.001421
29 0.001411
1488 0.001434
302 0.001411
2463 0.001433
1480 0.001438
1804 0.001452
3603 0.001367
141 0.001387
474 0.001384
2014 0.001399
2842 0.001421
2129 0.001440
2182 0.001438
1193 0.001376
1384 0.001404
702 0.001421
2110 0.001412
3787 0.001418
37 0.001415
3276 0.001423
294 0.001408
3040 0.001416
30 0.001455
1761 0.001460
148 0.001476
2633 0.001474
3998 0.001476
2502 0.001394
2011 0.001433
2680 0.001398
3388 0.001423
2496 0.001436
4018 0.001418
2196 0.001402
47 0.001486
1450 0.001404
3841 0.001388
3138 0.001437
462 0.001329
2516 0.001452
2760 0.001468
986 0.001394
1073 0.001417
1146 0.001392
258 0.001457
2349 0.001444
3440 0.001428
2395 0.001392
4238 0.001412
2518 0.001405
2244 0.001368
3919 0.001437
1269 0.001424
1961 0.001453
769 0.001377
1671 0.001431
2398 0.001337
3543 0.001453
2605 0.001467
188 0.001465
933 0.001356
1032 0.001366
3088 0.001363
2318 0.001431
4118 0.001439
2307 0.001472
2733 0.001466
3774 0.001398
3406 0.001431
3839 0.001425
2871 0.001491
197 0.001446
3712 0.001397
845 0.001412
2739 0.001427
3267 0.001401
797 0.001397
324 0.001483
3312 0.001409
3404 0.001410
3699 0.001402
183 0.001441
3591 0.001399
2111 0.001447
384 0.001405
999 0.001395
3043 0.001362
2965 0.001402
3835 0.001402
1284 0.001451
2344 0.001425
1364 0.001449
2115 0.001388
2091 0.001398
691 0.001387
1868 0.001430
3178 0.001447
2180 0.001409
2475 0.001373
2548 0.001443
2804 0.001401
2103 0.001421
908 0.001428
3165 0.001461
1196 0.001404
3156 0.001379
1237 0.001358
1847 0.001415
628 0.001414
3650 0.001326
371 0.001394
3128 0.001450
308 0.001368
199 0.001398
546 0.001405
763 0.001417
2909 0.001410
207 0.001376
1131 0.001400
2779 0.001360
2816 0.001442
2599 0.001460
919 0.001378
3080 0.001409
1581 0.001416
1572 0.001410
2183 0.001391
3354 0.001448
3181 0.001422
3449 0.001393
817 0.001371
1322 0.001409
1608 0.001351
3613 0.001448
4223 0.001396
2001 0.001410
552 0.001396
2482 0.001397
1319 0.001426
4197 0.001423
1830 0.001418
1453 0.001432
2313 0.001421
3962 0.001404
2753 0.001454
523 0.001390
909 0.001445
3702 0.001473
836 0.001402
51 0.001332
1054 0.001376
1397 0.001431
2252 0.001341
1528 0.001378
3766 0.001426
157 0.001392
488 0.001399
4053 0.001428
984 0.001382
4203 0.001460
96 0.001424
3101 0.001437
1218 0.001393
1595 0.001399
1473 0.001403
657 0.001460
3330 0.001388
311 0.001440
1537 0.001428
97 0.001386
413 0.001410
3376 0.001452
2148 0.001479
1628 0.001442
4166 0.001427
105 0.001421
203 0.001403
3818 0.001395
1576 0.001468
36 0.001431
773 0.001387
1692 0.001406
3257 0.001400
3666 0.001365
1742 0.001427
2665 0.001430
499 0.001364
1268 0.001438
1976 0.001458
951 0.001428
494 0.001395
2107 0.001477
2820 0.001414
1302 0.001401
1872 0.001441
2457 0.001434
250 0.001499
639 0.001467
2994 0.001458
1294 0.001423
2792 0.001413
3811 0.001363
1067 0.001434
436 0.001331
1875 0.001488
1502 0.001438
2019 0.001406
1167 0.001464
2305 0.001381
2886 0.001391
1526 0.001476
2124 0.001371
2494 0.001416
4226 0.001415
2897 0.001388
1853 0.001482
328 0.001383
3575 0.001343
79 0.001398
177 0.001397
1282 0.001325
2721 0.001444
59 0.001484
925 0.001454
1183 0.001463
2364 0.001398
893 0.001414
2149 0.001474
2184 0.001392
2347 0.001324
3424 0.001441
2029 0.001407
867 0.001447
1307 0.001416
299 0.001424
3971 0.001395
2131 0.001380
2964 0.001398
16 0.001432
4147 0.001457
3008 0.001401
3698 0.001430
2797 0.001424
448 0.001373
337 0.001452
3747 0.001476
4013 0.001462
58 0.001365
2076 0.001437
1616 0.001458
3011 0.001438
1114 0.001451
2219 0.001476
3533 0.001456
1497 0.001397
3715 0.001479
1727 0.001327
1270 0.001462
1644 0.001349
146 0.001438
2348 0.001368
3757 0.001414
2634 0.001416
1452 0.001424
823 0.001367
756 0.001404
772 0.001446
1051 0.001418
359 0.001472
1781 0.001435
3636 0.001431
2542 0.001407
766 0.001364
3993 0.001387
2048 0.001458
2530 0.001380
1651 0.001418
113 0.001374
2007 0.001413
1338 0.001416
3706 0.001364
320 0.001371
1097 0.001414
2677 0.001452
813 0.001441
3831 0.001462
720 0.001435
1934 0.001383
1437 0.001437
3401 0.001364
3844 0.001390
1617 0.001357
949 0.001436
2280 0.001481
1403 0.001425
2276 0.001401
3871 0.001430
2264 0.001436
2761 0.001459
1846 0.001404
835 0.001437
3530 0.001376
194 0.001400
4211 0.001427
2484 0.001404
273 0.001422
2250 0.001458
2333 0.001400
3570 0.001413
614 0.001414
251 0.001399
2832 0.001507
2766 0.001422
2511 0.001503
1393 0.001398
2515 0.001444
2790 0.001440
2114 0.001396
2959 0.001440
3366 0.001408
960 0.001479
2000 0.001467
2649 0.001417
2947 0.001395
712 0.001570
4119 0.001459
2043 0.001387
4126 0.001453
3963 0.001433
152 0.001412
156 0.001447
3195 0.001363
857 0.001402
1039 0.001405
1257 0.001465
2755 0.001428
446 0.001416
751 0.001444
2301 0.001393
1860 0.001430
1491 0.001420
2582 0.001353
3186 0.001427
1870 0.001386
1305 0.001440
1217 0.001418
3489 0.001489
3175 0.001394
3002 0.001477
4016 0.001400
1049 0.001377
3517 0.001444
4006 0.001468
2735 0.001395
3736 0.001393
3555 0.001411
128 0.001428
1123 0.001478
3721 0.001341
172 0.001391
780 0.001473
3661 0.001421
1110 0.001426
2041 0.001412
3997 0.001369
674 0.001442
1589 0.001446
82 0.001449
2874 0.001403
453 0.001451
417 0.001458
2664 0.001398
2896 0.001399
3618 0.001403
3450 0.001404
553 0.001393
3414 0.001401
3106 0.001385
2026 0.001378
1158 0.001429
1863 0.001385
1720 0.001445
3189 0.001417
1151 0.001411
2336 0.001397
1886 0.001431
405 0.001439
3628 0.001417
3677 0.001433
2233 0.001415
3133 0.001400
1967 0.001478
3477 0.001371
1194 0.001387
1396 0.001395
1915 0.001441
868 0.001395
2093 0.001464
2850 0.001404
4121 0.001372
1362 0.001392
1009 0.001490
3170 0.001459
147 0.001418
2588 0.001423
631 0.001395
2480 0.001462
3571 0.001419
1867 0.001391
1066 0.001436
2327 0.001370
1557 0.001430
2422 0.001472
4204 0.001385
364 0.001485
1205 0.001447
2770 0.001408
1696 0.001378
2543 0.001454
1541 0.001444
2939 0.001389
2339 0.001399
196 0.001411
1427 0.001443
990 0.001396
1778 0.001413
1468 0.001379
3780 0.001471
3430 0.001354
192 0.001387
3986 0.001456
3552 0.001380
3125 0.001396
2112 0.001450
1170 0.001413
3951 0.001416
2843 0.001394
965 0.001400
1078 0.001411
2410 0.001365
3119 0.001394
764 0.001442
695 0.001386
1068 0.001487
1055 0.001372
2154 0.001464
2320 0.001466
2086 0.001397
31 0.001382
136 0.001440
3868 0.001464
709 0.001415
625 0.001462
1111 0.001410
1050 0.001402
1652 0.001441
1225 0.001489
1937 0.001422
524 0.001412
2918 0.001412
2580 0.001400
3319 0.001399
3620 0.001492
3830 0.001346
3272 0.001362
1415 0.001469
1758 0.001375
2802 0.001423
3051 0.001427
3635 0.001373
1604 0.001498
660 0.001424
219 0.001453
48 0.001391
3471 0.001479
979 0.001448
1900 0.001447
1612 0.001482
3926 0.001431
2689 0.001399
2020 0.001365
3931 0.001397
670 0.001411
3719 0.001419
329 0.001435
2343 0.001446
1854 0.001407
526 0.001443
1975 0.001431
2436 0.001437
3441 0.001359
559 0.001385
2913 0.001493
1072 0.001435
2988 0.001347
2104 0.001376
786 0.001463
2489 0.001393
3250 0.001419
1422 0.001378
1290 0.001378
4112 0.001404
624 0.001416
2165 0.001434
4148 0.001403
53 0.001378
2326 0.001387
237 0.001422
2611 0.001404
921 0.001414
3031 0.001455
1880 0.001412
2224 0.001452
972 0.001437
2391 0.001426
3328 0.001408
1226 0.001450
3009 0.001408
1007 0.001373
4169 0.001467
3357 0.001391
654 0.001468
2977 0.001447
44 0.001348
2899 0.001391
3531 0.001363
3654 0.001406
3050 0.001400
3356 0.001363
361 0.001395
1011 0.001393
