11 1187
392 11
2 0.099503
7 0.099921
9 0.100202
11 0.100470
4 0.099920
5 0.099607
6 0.100131
3 0.100076
10 0.100243
8 0.099926
743 0.000001
105 11
5 0.099703
4 0.100133
11 0.100194
1 0.100071
10 0.100067
9 0.099712
7 0.100150
8 0.099835
3 0.099897
6 0.100237
786 0.000001
894 11
7 0.100416
8 0.100008
6 0.099868
9 0.100014
1 0.099917
5 0.100100
10 0.099954
11 0.099535
2 0.099892
4 0.100295
75 0.000001
953 11
5 0.099660
2 0.100065
9 0.099580
8 0.099816
3 0.100564
6 0.099577
10 0.100363
1 0.100140
7 0.099757
11 0.100477
410 0.000001
633 11
9 0.099855
6 0.100271
8 0.100344
11 0.099536
10 0.099886
4 0.099886
7 0.099930
2 0.099751
1 0.100029
3 0.100511
431 0.000001
910 11
8 0.099843
7 0.100227
1 0.099909
11 0.100258
5 0.100110
3 0.099901
10 0.099998
4 0.099868
2 0.100061
9 0.099824
339 0.000001
760 11
4 0.099882
1 0.099818
10 0.100106
6 0.100124
3 0.100689
5 0.099808
11 0.099680
8 0.099669
9 0.099809
2 0.100414
52 0.000001
391 11
1 0.099539
4 0.099951
9 0.100365
2 0.099507
7 0.100197
3 0.099916
11 0.100054
10 0.100033
5 0.099745
6 0.100692
500 0.000001
443 11
11 0.100146
2 0.100111
4 0.100411
3 0.099678
5 0.099232
6 0.099856
8 0.100068
10 0.099926
7 0.100169
1 0.100402
1138 0.000001
453 11
9 0.100231
2 0.099795
4 0.099664
6 0.099993
5 0.100266
11 0.100243
3 0.099711
1 0.099556
8 0.100116
7 0.100424
246 0.000001
115 11
1 0.100363
7 0.099862
8 0.099746
2 0.100372
9 0.099761
4 0.100209
5 0.099854
6 0.099742
10 0.100204
3 0.099886
320 0.000001
