15 499
896 15
8 0.071386
4 0.071733
10 0.071665
2 0.071201
9 0.071345
3 0.071231
12 0.071224
14 0.071179
7 0.071354
15 0.071154
13 0.071514
11 0.071505
5 0.071505
6 0.072003
327 0.000001
378 15
7 0.071899
14 0.071307
11 0.071510
9 0.071501
10 0.071169
3 0.070910
12 0.071104
13 0.071797
6 0.071516
4 0.071541
15 0.071721
1 0.071511
8 0.071116
5 0.071397
45 0.000001
286 15
5 0.071699
10 0.071321
11 0.071519
4 0.071429
13 0.071334
8 0.071639
7 0.071185
15 0.071364
14 0.071377
6 0.071511
12 0.071499
2 0.071550
1 0.071434
9 0.071138
69 0.000001
699 15
2 0.071533
15 0.071060
9 0.071771
3 0.071639
7 0.071823
11 0.071441
12 0.071198
13 0.071644
8 0.071406
10 0.071838
14 0.071064
6 0.071592
1 0.071108
5 0.070882
436 0.000001
874 15
6 0.071430
14 0.071315
11 0.071310
12 0.071281
1 0.071516
8 0.071648
10 0.071721
13 0.071420
15 0.071431
3 0.070936
9 0.071321
7 0.071422
4 0.071316
2 0.071932
461 0.000001
307 15
4 0.071860
8 0.071223
7 0.071130
3 0.071265
12 0.071021
14 0.071455
9 0.071577
15 0.071472
2 0.071444
1 0.071206
10 0.071291
5 0.071949
13 0.071588
11 0.071518
54 0.000001
725 15
14 0.071212
4 0.071610
1 0.070915
6 0.071414
9 0.071434
10 0.071754
15 0.071594
13 0.071024
5 0.071654
3 0.071515
2 0.071646
11 0.071121
12 0.071589
8 0.071517
348 0.000001
737 15
10 0.071716
3 0.071512
6 0.071505
9 0.071376
1 0.071016
15 0.071769
7 0.071320
4 0.071385
14 0.071272
13 0.071249
2 0.071687
11 0.071397
5 0.071470
12 0.071325
466 0.000001
759 15
15 0.071456
6 0.071696
4 0.071215
1 0.071218
10 0.071631
8 0.071621
11 0.071954
3 0.070742
5 0.071430
12 0.071437
14 0.071202
7 0.071506
2 0.071169
13 0.071722
281 0.000001
318 15
12 0.071475
9 0.071140
6 0.071593
4 0.071282
13 0.071287
2 0.071847
15 0.071631
3 0.070964
8 0.071292
5 0.071489
14 0.071229
7 0.071428
1 0.071526
11 0.071816
497 0.000001
271 15
4 0.071390
7 0.071601
15 0.071490
10 0.071712
12 0.071262
14 0.071016
8 0.071400
2 0.071504
13 0.071365
6 0.071399
5 0.071428
1 0.071377
9 0.071567
3 0.071488
33 0.000001
874 15
4 0.071281
3 0.070974
11 0.071722
10 0.070969
2 0.071057
6 0.071832
5 0.071372
9 0.071487
8 0.071499
15 0.071705
1 0.071581
13 0.071569
7 0.071516
14 0.071435
362 0.000001
582 15
12 0.071186
2 0.071275
7 0.071273
6 0.071413
9 0.071424
14 0.071324
15 0.071490
11 0.071616
5 0.071648
8 0.071592
4 0.071401
10 0.071452
1 0.071526
3 0.071379
367 0.000001
187 15
5 0.071488
9 0.071242
12 0.071422
4 0.071331
6 0.071723
7 0.071565
11 0.071678
15 0.071199
13 0.071317
10 0.071029
1 0.071311
3 0.071921
8 0.071205
2 0.071568
149 0.000001
147 15
2 0.071443
10 0.071250
12 0.071360
14 0.071652
11 0.071789
8 0.071260
5 0.071278
4 0.071645
7 0.071199
6 0.071685
3 0.071464
13 0.071672
9 0.071381
1 0.070921
496 0.000001
