49 865
67 49
22 0.020916
41 0.020841
17 0.020847
2 0.020720
49 0.020764
32 0.020779
26 0.020549
6 0.020983
21 0.021031
4 0.020841
40 0.020875
30 0.020920
5 0.021007
44 0.020895
28 0.021144
34 0.020911
43 0.020630
16 0.020852
9 0.020789
25 0.020905
19 0.020912
12 0.020906
10 0.020879
35 0.020601
48 0.020953
36 0.020736
11 0.020896
33 0.020863
23 0.020876
15 0.020698
8 0.020635
24 0.020748
13 0.020686
27 0.020728
47 0.020877
37 0.020639
14 0.020783
45 0.020810
38 0.020784
3 0.020972
31 0.020772
18 0.021081
29 0.020806
42 0.020980
7 0.020668
20 0.020707
46 0.021030
39 0.020774
749 0.000001
561 49
24 0.020995
1 0.020791
6 0.020716
40 0.021100
21 0.020902
46 0.020802
12 0.020999
3 0.020838
11 0.020752
14 0.020664
47 0.020922
41 0.020942
43 0.020952
18 0.020875
33 0.020746
23 0.020813
39 0.020794
20 0.020890
48 0.020990
38 0.020995
37 0.020713
4 0.020573
30 0.020996
26 0.020816
44 0.020608
25 0.021024
10 0.020679
35 0.020723
22 0.020994
9 0.020747
49 0.020812
32 0.020894
45 0.020856
28 0.020951
17 0.020812
36 0.020708
15 0.020724
7 0.020986
31 0.020870
19 0.020818
8 0.020941
16 0.020708
29 0.020767
42 0.020660
13 0.020698
27 0.020903
5 0.020658
34 0.020882
328 0.000001
69 49
10 0.020929
35 0.020524
26 0.020856
13 0.020854
9 0.020766
6 0.020850
43 0.020816
46 0.020705
49 0.020739
44 0.020977
30 0.021024
24 0.020860
34 0.020557
39 0.020580
4 0.020807
12 0.020756
1 0.020712
38 0.020819
22 0.020763
20 0.020641
19 0.021020
23 0.020719
41 0.020840
48 0.020782
29 0.020942
28 0.020827
8 0.020692
18 0.021013
2 0.020667
42 0.020848
25 0.020998
15 0.020939
32 0.020674
40 0.021064
36 0.020794
5 0.020829
11 0.021004
14 0.020956
37 0.020515
27 0.020990
45 0.020997
47 0.020827
21 0.020932
33 0.020835
16 0.020961
7 0.020973
31 0.021038
17 0.020788
233 0.000001
95 49
37 0.020935
43 0.020747
29 0.020918
26 0.021041
42 0.020719
16 0.020728
14 0.020792
20 0.020842
6 0.020736
27 0.020797
15 0.020649
3 0.020755
25 0.020884
34 0.020858
7 0.020699
39 0.020856
45 0.020868
28 0.021081
41 0.020732
11 0.020665
8 0.020493
23 0.020777
32 0.021035
40 0.020797
1 0.020712
47 0.020844
33 0.021038
5 0.020779
46 0.021035
48 0.020956
44 0.020638
24 0.020836
30 0.020871
49 0.020838
12 0.020929
2 0.021010
35 0.020950
38 0.020971
36 0.021093
10 0.020820
31 0.020737
21 0.020793
18 0.020682
9 0.020778
22 0.020893
13 0.020815
17 0.020840
19 0.020737
63 0.000001
591 49
44 0.020540
43 0.020906
1 0.020866
3 0.020803
40 0.020823
38 0.020786
36 0.020826
4 0.020705
10 0.021127
7 0.020868
34 0.020682
6 0.020844
31 0.020783
18 0.020663
21 0.020904
17 0.020626
2 0.020664
46 0.020599
28 0.020927
15 0.020531
8 0.020971
49 0.021016
29 0.020547
30 0.020875
45 0.020716
12 0.020883
47 0.020989
13 0.020990
9 0.020697
48 0.020942
22 0.020910
23 0.020944
19 0.020997
14 0.020875
42 0.020644
35 0.021005
32 0.021000
16 0.020782
41 0.020737
33 0.020965
37 0.020940
11 0.020755
27 0.020965
26 0.020912
24 0.020693
20 0.020804
39 0.021089
25 0.020883
220 0.000001
197 49
2 0.020960
23 0.020979
27 0.020879
46 0.020989
30 0.020709
18 0.020831
10 0.021037
21 0.020842
28 0.020662
8 0.020716
14 0.020791
38 0.020696
11 0.021103
3 0.020884
4 0.020627
41 0.021069
22 0.021023
47 0.020984
45 0.020815
26 0.020677
44 0.020883
35 0.020764
24 0.020908
32 0.020635
16 0.020817
29 0.021066
36 0.020771
39 0.020617
40 0.020849
42 0.020898
13 0.020764
49 0.020782
19 0.020826
9 0.020604
31 0.020910
48 0.020969
43 0.020549
20 0.020752
12 0.020943
15 0.020917
34 0.020837
5 0.020706
7 0.020804
37 0.020940
25 0.020797
33 0.020872
17 0.020779
1 0.020767
208 0.000001
985 49
27 0.020833
14 0.020957
34 0.020762
45 0.020751
21 0.021028
36 0.020834
20 0.020695
43 0.020833
10 0.020925
15 0.020854
19 0.020895
11 0.020932
35 0.020743
39 0.020719
41 0.020507
30 0.021023
24 0.020691
2 0.020848
42 0.020784
49 0.020819
38 0.021033
18 0.020908
5 0.020675
25 0.020989
47 0.020993
46 0.021033
26 0.021070
44 0.020759
6 0.020723
22 0.020741
12 0.021366
13 0.020638
28 0.020782
17 0.020718
37 0.020691
3 0.020665
16 0.020881
8 0.020973
48 0.020841
4 0.020876
23 0.020760
29 0.020716
32 0.020747
1 0.020862
33 0.020740
9 0.020819
40 0.020840
31 0.020727
537 0.000001
988 49
32 0.020922
41 0.020760
20 0.020802
46 0.020899
37 0.020740
17 0.020835
19 0.020898
18 0.020682
3 0.020795
43 0.021020
39 0.020477
26 0.020727
42 0.020887
6 0.020990
30 0.020901
47 0.020762
31 0.020830
22 0.020842
36 0.020922
34 0.021021
4 0.020852
40 0.020796
28 0.020782
12 0.020732
13 0.020722
45 0.020888
27 0.020987
21 0.020857
7 0.020992
9 0.020856
44 0.020810
11 0.021058
29 0.020919
33 0.020975
1 0.021096
38 0.020632
49 0.020537
48 0.020727
24 0.020892
2 0.020942
35 0.020735
15 0.020566
23 0.020739
25 0.020742
14 0.020996
10 0.020847
5 0.020710
16 0.020900
152 0.000001
357 49
31 0.020735
11 0.020706
26 0.020958
43 0.020949
49 0.020880
34 0.020994
16 0.020996
42 0.020923
38 0.020675
44 0.020879
19 0.020948
21 0.020891
47 0.020719
30 0.020766
35 0.020874
29 0.020734
10 0.020698
2 0.020906
28 0.020493
15 0.020666
7 0.020856
24 0.020790
23 0.020788
6 0.021003
22 0.021132
36 0.020986
17 0.020934
48 0.020803
18 0.020770
32 0.020819
39 0.020823
37 0.020848
33 0.020823
46 0.020845
8 0.020754
27 0.020842
12 0.021080
20 0.020815
25 0.020714
41 0.020760
14 0.020953
1 0.020715
4 0.020854
45 0.020906
5 0.020753
13 0.020793
40 0.020761
3 0.020689
718 0.000001
419 49
47 0.020819
3 0.021125
17 0.021073
11 0.020778
35 0.020650
14 0.020716
1 0.020878
15 0.020762
7 0.020957
30 0.020615
34 0.020783
48 0.020909
42 0.021024
9 0.020909
13 0.020797
6 0.020925
25 0.020949
36 0.020758
37 0.020934
44 0.020900
32 0.020602
40 0.020763
26 0.020833
18 0.020777
16 0.020623
46 0.020834
19 0.020638
39 0.020719
21 0.020775
4 0.020822
41 0.020953
45 0.020977
8 0.020989
24 0.020630
43 0.020800
23 0.020899
33 0.021042
31 0.020882
20 0.020718
22 0.020782
5 0.020761
29 0.021052
27 0.020808
38 0.020787
28 0.020930
2 0.020789
49 0.020742
12 0.020811
841 0.000001
720 49
43 0.020562
23 0.020943
46 0.020728
42 0.020760
34 0.021078
8 0.020809
10 0.020863
27 0.020811
4 0.020938
41 0.020739
31 0.020854
2 0.020655
6 0.020813
14 0.020870
15 0.020811
1 0.020823
36 0.020769
18 0.020806
39 0.020612
24 0.020778
17 0.020755
29 0.020930
37 0.020663
38 0.021037
48 0.020771
35 0.020948
19 0.020857
7 0.020774
25 0.020766
20 0.020866
47 0.020817
32 0.020672
49 0.021019
28 0.020810
30 0.020740
33 0.020926
44 0.020984
13 0.020871
3 0.021069
45 0.020871
5 0.020901
21 0.020713
12 0.020982
9 0.021113
16 0.020750
26 0.020678
22 0.020858
40 0.020836
859 0.000001
491 49
35 0.020909
13 0.020750
36 0.021107
20 0.020899
1 0.020695
40 0.020903
32 0.020859
25 0.020553
42 0.020662
11 0.020941
44 0.020682
37 0.020941
29 0.020809
27 0.021116
9 0.020962
46 0.020803
43 0.020714
19 0.020659
2 0.020965
38 0.020745
21 0.020675
16 0.020502
8 0.020729
5 0.020699
41 0.020845
10 0.021024
4 0.020839
3 0.020790
7 0.020945
26 0.020737
23 0.020900
33 0.020806
30 0.020875
17 0.020850
14 0.020812
24 0.020854
22 0.020840
28 0.020973
34 0.020896
49 0.021037
15 0.020975
48 0.020535
39 0.020805
31 0.020793
18 0.020935
45 0.020807
47 0.020721
6 0.021126
515 0.000001
925 49
9 0.020831
17 0.020819
26 0.020610
36 0.021080
10 0.021016
38 0.020722
14 0.020865
16 0.020895
22 0.020809
48 0.020791
2 0.021041
11 0.020948
15 0.020764
33 0.021161
40 0.020831
41 0.020822
49 0.020929
4 0.020916
37 0.020977
5 0.020808
31 0.020752
46 0.021003
7 0.020809
24 0.020973
3 0.020810
30 0.020816
18 0.020917
1 0.020726
39 0.020797
44 0.020559
28 0.020767
32 0.020803
25 0.020955
35 0.020801
23 0.020584
45 0.020620
20 0.020916
12 0.020898
43 0.020842
19 0.020875
47 0.020666
29 0.020787
34 0.020874
21 0.020861
27 0.020775
6 0.020700
8 0.020773
42 0.020705
113 0.000001
412 49
49 0.020757
13 0.020847
34 0.020974
41 0.020838
26 0.020474
24 0.020740
27 0.020676
5 0.020785
45 0.020906
36 0.020874
32 0.020546
7 0.020594
3 0.020984
42 0.021047
47 0.020941
19 0.020810
2 0.020785
37 0.020725
46 0.020911
20 0.020922
44 0.020879
18 0.020993
9 0.020861
38 0.020844
29 0.020982
11 0.020783
33 0.020829
12 0.020902
23 0.020779
16 0.020732
17 0.020716
1 0.020944
35 0.020565
10 0.020874
4 0.021010
31 0.020758
8 0.020930
43 0.020690
6 0.020882
22 0.020684
40 0.020967
30 0.020847
39 0.020737
21 0.020956
25 0.020937
28 0.020863
15 0.020976
48 0.020943
757 0.000001
401 49
36 0.020845
2 0.020891
20 0.020700
39 0.020804
18 0.020983
22 0.020878
34 0.020980
42 0.020899
19 0.020402
23 0.020828
13 0.020888
29 0.020792
45 0.020691
25 0.020772
10 0.020651
40 0.020756
35 0.021099
33 0.020818
30 0.020872
32 0.020620
38 0.020891
26 0.020925
6 0.020776
49 0.021055
24 0.020904
7 0.020868
43 0.021061
44 0.020705
16 0.020813
46 0.020669
47 0.020922
17 0.020646
41 0.020915
3 0.020890
12 0.020564
14 0.020955
11 0.020852
48 0.020808
28 0.020896
8 0.020772
5 0.020868
37 0.020802
31 0.020965
27 0.020965
1 0.020640
4 0.020997
21 0.020806
9 0.020900
239 0.000001
461 49
37 0.020840
33 0.020809
10 0.021007
36 0.020608
5 0.020578
44 0.020561
17 0.020802
43 0.020657
21 0.021076
15 0.020784
14 0.020653
42 0.020656
32 0.020802
13 0.020688
34 0.021024
7 0.020856
12 0.020647
47 0.020781
22 0.020876
26 0.020895
6 0.020991
24 0.020871
1 0.020792
18 0.020975
25 0.020778
19 0.020959
23 0.020566
31 0.020932
4 0.020956
8 0.020800
41 0.020961
3 0.020924
39 0.020672
9 0.020865
46 0.021050
38 0.020971
29 0.020647
49 0.020968
30 0.020777
11 0.020699
35 0.020873
28 0.020837
48 0.020963
2 0.020962
27 0.021044
45 0.021036
20 0.020586
40 0.020944
176 0.000001
550 49
20 0.020803
13 0.020866
32 0.020719
36 0.020720
35 0.020754
40 0.021011
11 0.020846
12 0.021010
31 0.020562
39 0.020807
15 0.020866
10 0.020958
22 0.020829
26 0.020648
48 0.020957
23 0.020814
8 0.020900
27 0.020949
45 0.020806
28 0.020924
24 0.020794
21 0.020502
6 0.020883
18 0.020936
19 0.020791
49 0.020718
34 0.020825
16 0.020532
43 0.020721
37 0.020959
42 0.020755
7 0.020604
9 0.021083
30 0.020824
47 0.020676
38 0.021019
3 0.021216
4 0.021099
14 0.020931
5 0.020656
46 0.020766
29 0.020818
2 0.021081
44 0.020895
1 0.020780
25 0.020836
33 0.020702
41 0.020848
150 0.000001
262 49
16 0.020594
47 0.020826
27 0.020969
7 0.020728
8 0.020741
41 0.020722
12 0.020690
5 0.020746
35 0.021120
31 0.020923
14 0.020605
1 0.020929
33 0.021003
37 0.020879
20 0.020827
43 0.020797
36 0.020844
32 0.020838
25 0.021017
46 0.020726
49 0.020869
4 0.020886
6 0.020611
48 0.020936
2 0.020802
19 0.020874
30 0.020918
34 0.020901
11 0.020822
3 0.021002
38 0.020811
26 0.020761
10 0.020739
28 0.020639
29 0.020670
39 0.020909
23 0.020676
21 0.020899
45 0.020875
15 0.020629
40 0.021048
9 0.020919
44 0.020792
22 0.020867
24 0.020810
42 0.020735
17 0.021095
13 0.020980
195 0.000001
732 49
12 0.020990
17 0.020881
10 0.020753
46 0.020914
49 0.020986
31 0.020633
40 0.021068
43 0.020681
20 0.020679
7 0.020816
35 0.020898
29 0.020726
42 0.020654
44 0.020827
39 0.020899
13 0.020838
28 0.020690
6 0.020967
21 0.021005
32 0.020877
33 0.020752
47 0.020801
38 0.020958
16 0.020796
18 0.020775
11 0.020842
3 0.020853
30 0.020752
48 0.020852
4 0.020911
41 0.020698
2 0.020593
1 0.021157
15 0.020786
45 0.020694
36 0.020900
34 0.020983
22 0.021127
24 0.020802
9 0.021036
25 0.020709
14 0.020718
37 0.020811
27 0.020828
8 0.020806
5 0.020727
26 0.020618
23 0.020932
582 0.000001
888 49
31 0.020917
13 0.020647
5 0.020920
2 0.020648
3 0.020686
11 0.020820
32 0.020764
41 0.020670
8 0.021049
29 0.020821
42 0.020832
4 0.020919
9 0.020942
37 0.020837
6 0.020863
10 0.020861
45 0.020655
12 0.020808
28 0.020721
1 0.020651
23 0.020849
14 0.020807
25 0.020705
36 0.020810
26 0.020768
46 0.020811
48 0.020645
33 0.020821
15 0.021012
22 0.020805
24 0.020856
34 0.020977
43 0.020692
17 0.020921
38 0.020740
39 0.021017
47 0.020702
7 0.020859
27 0.020731
49 0.020989
35 0.021028
40 0.020906
21 0.021011
16 0.021022
44 0.020759
30 0.020927
19 0.021008
18 0.020790
238 0.000001
594 49
29 0.021006
48 0.020867
38 0.020895
41 0.020819
9 0.020808
47 0.020827
25 0.020839
28 0.020861
23 0.020728
16 0.021070
27 0.020956
46 0.020714
42 0.020659
14 0.020701
24 0.020751
10 0.020822
17 0.020864
7 0.020836
1 0.021058
3 0.020936
19 0.020906
4 0.020728
31 0.020914
37 0.020871
8 0.020704
13 0.020622
30 0.020677
35 0.020846
33 0.020738
5 0.020844
39 0.020721
26 0.020982
6 0.020928
32 0.020848
12 0.020609
34 0.020958
15 0.021018
22 0.020959
44 0.021016
43 0.020824
40 0.020794
45 0.020694
18 0.020796
11 0.020715
36 0.020952
20 0.020956
49 0.020752
2 0.020610
477 0.000001
427 49
13 0.020900
47 0.020767
8 0.020954
40 0.020829
44 0.020761
35 0.020973
7 0.020818
34 0.020943
18 0.020905
23 0.020849
24 0.020702
33 0.020920
25 0.020958
16 0.020667
30 0.020850
32 0.020934
41 0.020581
36 0.020822
27 0.020670
3 0.020952
49 0.020842
21 0.020701
31 0.020561
4 0.020869
48 0.020959
14 0.020926
28 0.020955
46 0.020867
20 0.020946
11 0.020771
1 0.021021
39 0.020711
26 0.020766
37 0.020818
15 0.020872
5 0.020514
6 0.020753
10 0.020872
2 0.020755
43 0.020708
42 0.020957
29 0.020845
12 0.020951
45 0.020960
9 0.020670
17 0.020973
19 0.020844
38 0.020857
211 0.000001
585 49
47 0.020893
27 0.020822
11 0.020765
30 0.020816
41 0.020817
3 0.020799
39 0.021082
22 0.020831
2 0.020628
15 0.020833
45 0.020742
38 0.020634
24 0.020903
46 0.020807
43 0.021037
12 0.020864
40 0.020762
49 0.020883
8 0.020998
26 0.021211
34 0.021002
42 0.020771
1 0.020856
18 0.020794
4 0.020765
16 0.020717
31 0.020788
48 0.020936
10 0.020709
35 0.020929
25 0.020706
9 0.020864
20 0.021073
36 0.020954
37 0.020774
14 0.020731
17 0.020632
32 0.020715
44 0.020907
29 0.020833
6 0.020810
21 0.020884
5 0.020884
19 0.020775
33 0.020909
28 0.020759
7 0.020571
13 0.020824
510 0.000001
550 49
5 0.020795
47 0.020708
30 0.020880
38 0.020796
49 0.020838
17 0.020879
27 0.020771
4 0.020896
7 0.020798
28 0.020945
33 0.021039
1 0.020865
32 0.020701
37 0.020871
12 0.020943
25 0.020976
8 0.020706
16 0.020906
26 0.020796
29 0.020702
44 0.020919
42 0.020822
40 0.020908
15 0.020975
11 0.021045
2 0.020937
31 0.020802
39 0.021068
13 0.020694
14 0.020833
6 0.021077
43 0.020692
3 0.020820
19 0.020798
18 0.020706
21 0.020829
35 0.020974
34 0.020785
9 0.020513
48 0.020649
36 0.020895
10 0.020713
46 0.020754
41 0.020726
22 0.020910
45 0.020727
20 0.020783
23 0.020834
751 0.000001
464 49
15 0.020945
6 0.020817
30 0.020846
38 0.020669
26 0.020832
13 0.020689
44 0.020945
20 0.020727
34 0.020455
23 0.020713
31 0.020831
43 0.020737
14 0.020953
1 0.020766
22 0.020769
46 0.020765
47 0.020941
9 0.020702
42 0.020906
27 0.021056
7 0.020528
45 0.020971
12 0.020882
37 0.021016
3 0.020854
16 0.020950
32 0.020742
35 0.020847
19 0.020795
48 0.020888
4 0.020700
2 0.020793
17 0.020819
29 0.021093
36 0.020842
49 0.020966
11 0.020761
21 0.020826
33 0.021066
28 0.020793
24 0.020943
8 0.020766
40 0.020829
18 0.020745
41 0.021071
5 0.020834
10 0.020671
39 0.020944
663 0.000001
321 49
9 0.020623
31 0.020751
2 0.020922
14 0.020678
48 0.020823
21 0.020702
10 0.020635
19 0.020993
33 0.020992
23 0.020828
49 0.020807
12 0.021053
39 0.020980
27 0.020571
28 0.021045
16 0.020836
44 0.020859
29 0.020811
5 0.020643
6 0.020766
13 0.020968
11 0.021030
20 0.020801
42 0.020717
41 0.020921
30 0.020868
4 0.020887
15 0.020851
7 0.020732
17 0.021010
1 0.020896
37 0.020826
40 0.020674
46 0.020887
45 0.020864
47 0.020898
32 0.021097
43 0.020848
36 0.020706
18 0.020672
38 0.020785
34 0.020894
22 0.020920
25 0.020820
35 0.020444
3 0.020885
8 0.020996
24 0.020784
436 0.000001
816 49
12 0.021070
21 0.020984
17 0.020978
42 0.020918
33 0.020476
25 0.020947
48 0.021035
28 0.020764
4 0.020757
30 0.020808
2 0.020700
15 0.020842
38 0.020926
34 0.020960
14 0.020613
49 0.020728
39 0.020853
26 0.020753
43 0.020885
35 0.020772
7 0.020905
45 0.020573
8 0.020941
40 0.021039
22 0.020793
20 0.020798
11 0.020707
46 0.020929
5 0.020779
32 0.020733
3 0.020728
19 0.020806
47 0.020888
10 0.020824
24 0.020729
23 0.020990
18 0.020719
16 0.020899
6 0.020940
9 0.020643
37 0.020688
1 0.020839
29 0.021025
44 0.020567
31 0.021016
41 0.020879
36 0.020833
13 0.021020
312 0.000001
413 49
3 0.020734
16 0.020702
38 0.020796
11 0.020520
13 0.020962
31 0.020892
8 0.020671
34 0.020966
1 0.021110
30 0.020676
4 0.020611
29 0.020567
20 0.020715
18 0.020818
2 0.020972
9 0.020781
41 0.020740
40 0.020758
32 0.020781
44 0.020860
33 0.020925
35 0.020685
12 0.020811
27 0.021069
21 0.020757
37 0.020915
46 0.021015
49 0.021040
45 0.020819
19 0.020747
14 0.020839
42 0.020696
48 0.020836
23 0.020987
6 0.020770
24 0.020888
25 0.020965
47 0.021083
43 0.020753
15 0.020634
22 0.020909
10 0.020985
7 0.021023
26 0.020915
17 0.020664
5 0.020778
36 0.020927
39 0.020932
450 0.000001
968 49
36 0.020905
24 0.020710
45 0.021133
2 0.020988
46 0.020785
22 0.020922
33 0.020979
8 0.020893
10 0.020860
11 0.020568
21 0.020939
37 0.020700
27 0.020876
42 0.020793
41 0.020605
43 0.020971
12 0.020862
18 0.020780
40 0.020869
26 0.020651
20 0.020646
31 0.020617
28 0.020604
47 0.020656
1 0.020793
38 0.020940
7 0.020701
25 0.020687
17 0.021038
49 0.021105
9 0.020890
23 0.020847
35 0.020859
15 0.021098
19 0.020754
32 0.020919
14 0.020716
39 0.020785
16 0.021019
44 0.020793
48 0.020601
34 0.021022
13 0.020548
6 0.020957
30 0.021014
5 0.020839
4 0.020876
3 0.020886
66 0.000001
321 49
46 0.020676
40 0.021010
29 0.020854
8 0.021040
43 0.020891
23 0.020927
33 0.020508
35 0.020836
17 0.021231
1 0.020715
2 0.021062
12 0.020787
5 0.020982
36 0.020732
26 0.020608
47 0.020831
37 0.020927
48 0.020762
44 0.020873
31 0.020701
34 0.020977
24 0.020935
6 0.021023
16 0.021216
28 0.020723
10 0.020825
25 0.021027
19 0.020927
38 0.020716
27 0.020857
45 0.021057
41 0.020666
15 0.020698
21 0.020732
14 0.020513
7 0.020625
11 0.020965
42 0.020742
18 0.020952
3 0.020701
49 0.020818
32 0.020975
9 0.020678
4 0.020839
13 0.020473
39 0.020766
22 0.020844
20 0.020776
72 0.000001
801 49
41 0.020726
1 0.020755
20 0.020772
12 0.021001
7 0.020900
18 0.020888
17 0.020807
25 0.020669
27 0.020995
39 0.020888
36 0.020539
8 0.020790
37 0.020832
3 0.020820
5 0.021030
14 0.020821
49 0.021182
35 0.020667
15 0.021167
40 0.020965
48 0.020675
34 0.020792
26 0.020767
11 0.020851
6 0.020537
28 0.020877
47 0.020863
9 0.020954
43 0.021039
21 0.020870
13 0.020627
2 0.021032
42 0.020819
10 0.021088
19 0.020785
30 0.020677
29 0.020697
45 0.020708
23 0.020786
33 0.020800
22 0.020698
44 0.020764
46 0.020836
4 0.020732
32 0.020971
38 0.020820
16 0.020835
24 0.020885
644 0.000001
230 49
37 0.020634
28 0.020802
6 0.020855
22 0.020777
33 0.021130
21 0.020752
14 0.020963
19 0.020836
7 0.020886
43 0.021047
34 0.020792
15 0.020929
35 0.020696
23 0.020936
27 0.020831
44 0.020860
1 0.020860
3 0.021019
26 0.020702
38 0.020793
24 0.020836
13 0.020986
42 0.020718
5 0.020931
20 0.020798
8 0.020951
47 0.021029
2 0.020936
40 0.020929
36 0.020645
17 0.020693
49 0.020611
4 0.020866
25 0.020741
16 0.020661
41 0.020865
46 0.020838
11 0.020829
45 0.020896
29 0.020884
18 0.021009
12 0.020519
31 0.020931
39 0.020655
9 0.020586
10 0.020868
30 0.020888
48 0.020800
535 0.000001
314 49
14 0.020926
43 0.020654
38 0.021132
44 0.020771
28 0.020558
2 0.020586
32 0.020774
19 0.020518
48 0.020617
21 0.020845
27 0.020810
22 0.020916
40 0.021110
30 0.020759
9 0.021209
24 0.020897
36 0.020814
12 0.020802
37 0.020873
26 0.020879
45 0.021091
47 0.020928
34 0.021026
31 0.020768
17 0.020823
29 0.020860
46 0.020732
20 0.020989
49 0.020845
15 0.020924
8 0.020827
16 0.020945
18 0.020817
7 0.020927
10 0.020725
3 0.020805
41 0.020594
39 0.020846
42 0.020707
25 0.020992
5 0.020985
6 0.020801
4 0.020621
1 0.020652
23 0.020838
13 0.020956
35 0.020582
11 0.020943
719 0.000001
820 49
38 0.020925
22 0.020736
12 0.020812
8 0.020886
23 0.020851
47 0.020770
37 0.021086
42 0.020971
41 0.020604
30 0.020659
14 0.021135
10 0.020790
46 0.020723
27 0.020670
9 0.020686
18 0.020920
32 0.020684
13 0.020932
28 0.020740
31 0.020678
3 0.020942
19 0.020988
40 0.020708
1 0.020985
36 0.020885
48 0.020811
2 0.020833
35 0.020856
20 0.020804
11 0.020789
6 0.020872
21 0.020680
44 0.020966
16 0.020799
7 0.020746
26 0.021000
29 0.020901
45 0.020944
33 0.020755
5 0.020836
24 0.020875
49 0.020835
39 0.020884
17 0.020788
25 0.020718
4 0.020933
15 0.020875
43 0.020733
334 0.000001
788 49
1 0.020702
8 0.020785
44 0.020969
4 0.020936
22 0.020949
19 0.020792
34 0.020641
32 0.020762
6 0.020804
37 0.020593
46 0.020827
9 0.020797
40 0.020793
20 0.020826
13 0.021131
41 0.020957
16 0.020690
15 0.020885
48 0.020924
38 0.020688
5 0.020586
28 0.020831
33 0.020920
26 0.020871
47 0.020915
11 0.020916
49 0.020669
18 0.020957
36 0.020973
43 0.020905
25 0.020784
14 0.020890
23 0.020866
10 0.020747
21 0.020922
30 0.020893
45 0.020768
42 0.020814
2 0.020807
17 0.020703
7 0.021048
27 0.020978
29 0.020670
24 0.020768
39 0.020925
31 0.020898
3 0.020664
12 0.020860
563 0.000001
890 49
46 0.020866
34 0.020858
47 0.020682
22 0.020921
42 0.020907
32 0.020757
7 0.020782
45 0.021126
40 0.020622
8 0.020811
48 0.021079
5 0.020894
1 0.020922
11 0.020762
16 0.020833
30 0.020979
14 0.020977
3 0.020785
21 0.020748
9 0.020754
15 0.020973
35 0.020889
13 0.020923
12 0.020742
41 0.020541
27 0.020778
24 0.020840
44 0.020950
38 0.020685
28 0.020810
23 0.020838
2 0.020467
31 0.020951
18 0.020928
17 0.020725
29 0.020798
10 0.020845
49 0.020943
39 0.020876
4 0.020867
6 0.020978
33 0.020913
25 0.021006
20 0.020643
26 0.020621
43 0.020823
37 0.020732
19 0.020849
77 0.000001
406 49
22 0.020772
29 0.020757
49 0.020924
11 0.020902
45 0.020685
2 0.020841
13 0.020691
23 0.020512
30 0.020828
31 0.020799
3 0.020583
26 0.020900
6 0.020903
25 0.020823
8 0.020987
4 0.020869
42 0.020701
34 0.020735
14 0.021105
5 0.020771
43 0.020708
15 0.020923
10 0.020997
20 0.020781
32 0.020946
41 0.020688
27 0.020749
21 0.020667
18 0.020937
35 0.020929
17 0.020736
12 0.021120
44 0.020696
46 0.020925
24 0.020878
16 0.020769
47 0.020783
19 0.020636
39 0.020769
7 0.021004
33 0.021082
38 0.021063
40 0.020801
9 0.020886
36 0.020909
48 0.020870
1 0.020931
28 0.020728
750 0.000001
168 49
13 0.020831
14 0.020778
49 0.020656
6 0.021018
28 0.020892
20 0.020885
8 0.021026
36 0.020811
21 0.020686
23 0.020819
40 0.021158
37 0.021079
43 0.020701
25 0.020585
27 0.020714
31 0.020768
7 0.020906
44 0.020788
42 0.020864
32 0.020828
3 0.020734
5 0.021022
2 0.020734
4 0.020937
39 0.020509
22 0.020764
12 0.020808
16 0.020740
46 0.020683
35 0.020876
17 0.020700
19 0.020792
47 0.020985
41 0.021044
11 0.020664
34 0.020693
33 0.021171
30 0.020720
15 0.020818
9 0.020904
48 0.020877
45 0.020826
10 0.020965
24 0.020667
29 0.020904
18 0.020960
1 0.020970
26 0.020739
630 0.000001
657 49
43 0.020603
19 0.020759
25 0.020904
21 0.020731
36 0.020778
7 0.020727
26 0.020809
15 0.020706
40 0.021108
46 0.020940
45 0.020713
8 0.020646
38 0.020816
34 0.020785
22 0.020660
31 0.020924
9 0.020692
30 0.020784
41 0.020803
33 0.020852
10 0.020830
32 0.020850
17 0.020833
42 0.020797
47 0.020961
27 0.020842
6 0.020759
37 0.021010
16 0.020926
2 0.020815
3 0.021048
5 0.020662
18 0.020954
13 0.020756
14 0.021035
1 0.020860
4 0.020693
48 0.020854
49 0.020660
44 0.020779
20 0.020895
35 0.020928
12 0.020698
29 0.020943
28 0.021011
24 0.020996
23 0.020953
11 0.020911
739 0.000001
471 49
31 0.020979
46 0.020818
1 0.020619
49 0.020962
7 0.021069
36 0.021035
45 0.020852
26 0.021043
23 0.020831
19 0.020640
8 0.020701
28 0.020672
48 0.020589
14 0.020761
34 0.020849
2 0.020699
22 0.021050
38 0.021044
33 0.021024
42 0.020902
27 0.020766
15 0.020600
3 0.020968
25 0.020599
20 0.020682
44 0.020835
12 0.020886
41 0.020738
10 0.020880
21 0.020832
17 0.020794
29 0.020841
9 0.020850
30 0.020903
37 0.020742
18 0.020830
24 0.020818
35 0.020932
6 0.020954
13 0.020937
11 0.020599
39 0.020822
43 0.021044
4 0.020941
47 0.020758
5 0.020909
16 0.020589
32 0.020811
486 0.000001
604 49
13 0.020865
5 0.020590
43 0.020856
32 0.020950
22 0.020906
16 0.020810
33 0.020704
8 0.020585
19 0.021045
29 0.021010
9 0.020739
14 0.020610
49 0.020756
44 0.020685
6 0.021017
2 0.020908
15 0.020870
30 0.020995
31 0.020892
10 0.020665
27 0.020934
48 0.020875
20 0.020669
3 0.020749
38 0.020815
36 0.020785
39 0.020849
42 0.021182
28 0.020925
11 0.020895
35 0.020758
17 0.020741
21 0.020490
1 0.020760
40 0.020731
4 0.020719
18 0.020436
47 0.020809
25 0.020883
23 0.021045
34 0.020942
45 0.020844
46 0.020902
12 0.020930
37 0.021090
26 0.020925
7 0.020943
24 0.020915
832 0.000001
678 49
39 0.021054
13 0.021033
38 0.020844
37 0.020856
29 0.020934
41 0.020635
8 0.020733
15 0.020950
10 0.020613
26 0.020737
11 0.020832
44 0.020762
6 0.020674
3 0.020921
24 0.020755
2 0.020682
48 0.020720
21 0.020815
32 0.020935
31 0.021053
33 0.020967
49 0.020964
16 0.021121
1 0.020902
36 0.020950
35 0.020784
19 0.020819
9 0.020624
34 0.020766
12 0.020848
18 0.020782
5 0.020989
28 0.020971
46 0.020618
7 0.020728
4 0.020795
14 0.020874
23 0.020896
17 0.020929
40 0.020743
47 0.020718
45 0.020843
22 0.020732
25 0.020959
27 0.020819
30 0.020775
43 0.020725
20 0.020820
319 0.000001
103 49
10 0.020689
14 0.020838
34 0.020966
9 0.020707
40 0.020728
18 0.020911
3 0.020820
42 0.020662
47 0.021047
39 0.020890
1 0.020807
24 0.020752
16 0.020852
13 0.020872
37 0.020869
29 0.020802
7 0.020761
21 0.020645
38 0.020560
27 0.020843
11 0.020738
44 0.020819
31 0.020716
8 0.020985
6 0.021054
20 0.020879
30 0.020906
41 0.021252
25 0.020772
26 0.020844
28 0.020817
12 0.020847
36 0.020845
5 0.020995
15 0.020937
22 0.020717
17 0.020838
48 0.020847
2 0.020630
45 0.020846
46 0.020737
19 0.020771
49 0.020854
33 0.020654
32 0.021026
23 0.020745
35 0.021012
4 0.020895
629 0.000001
223 49
15 0.020809
2 0.020671
33 0.020709
32 0.021162
5 0.020905
22 0.020852
18 0.020933
28 0.020878
3 0.020831
40 0.020825
26 0.020874
25 0.020708
21 0.021003
43 0.020759
30 0.020642
11 0.020864
36 0.021042
7 0.021072
19 0.021091
35 0.020955
10 0.020820
47 0.020826
27 0.020859
49 0.020912
13 0.020685
6 0.020689
31 0.020957
4 0.020693
23 0.020821
39 0.020920
14 0.020684
1 0.020934
34 0.020894
8 0.020902
42 0.020765
16 0.020664
12 0.020866
20 0.020671
48 0.020947
41 0.020617
17 0.020701
37 0.020886
38 0.020698
29 0.020870
45 0.020652
46 0.020854
9 0.020859
24 0.020768
414 0.000001
566 49
28 0.020800
30 0.020839
31 0.020852
22 0.020813
44 0.020774
37 0.020690
14 0.020734
13 0.020991
36 0.020921
21 0.020934
32 0.020928
1 0.020825
46 0.020884
42 0.020884
33 0.020640
5 0.020777
35 0.020696
24 0.020738
9 0.020733
8 0.020503
39 0.020822
6 0.020950
27 0.020710
20 0.020795
34 0.020986
12 0.020676
48 0.020914
17 0.020945
16 0.020665
15 0.020572
49 0.020995
4 0.020715
7 0.020788
3 0.020805
10 0.020809
23 0.021002
19 0.020991
40 0.020884
26 0.020800
29 0.020787
2 0.020784
11 0.021081
18 0.020669
38 0.021046
25 0.020774
43 0.020863
41 0.021261
47 0.020954
53 0.000001
480 49
1 0.020940
47 0.020879
34 0.020889
23 0.020897
4 0.020722
45 0.020691
22 0.021001
11 0.020816
14 0.020691
42 0.020939
21 0.020639
40 0.020826
43 0.020789
33 0.020852
29 0.020972
18 0.020897
35 0.020927
48 0.020650
31 0.020932
5 0.020583
26 0.020588
39 0.021079
25 0.020841
8 0.020729
41 0.020784
13 0.020645
20 0.020757
27 0.020718
19 0.021007
12 0.020797
6 0.020548
44 0.020575
15 0.020833
17 0.021100
10 0.020807
2 0.021229
30 0.020932
24 0.020609
7 0.021022
9 0.020969
36 0.020835
3 0.020782
37 0.021023
32 0.020772
28 0.020993
16 0.020842
38 0.020636
49 0.021015
135 0.000001
934 49
19 0.020739
31 0.020697
18 0.020725
22 0.020636
21 0.020987
5 0.020791
41 0.020711
33 0.020813
17 0.020611
38 0.020775
7 0.020777
35 0.020683
11 0.020810
32 0.020850
24 0.020941
2 0.020971
42 0.020701
34 0.020993
29 0.020709
36 0.020772
25 0.020979
30 0.020961
12 0.020564
40 0.020724
26 0.021084
39 0.020923
14 0.020825
6 0.020963
16 0.020624
28 0.020839
13 0.020998
27 0.020743
20 0.020728
8 0.020741
46 0.020943
15 0.020903
43 0.020828
48 0.020860
49 0.020900
3 0.020920
1 0.020998
23 0.020959
9 0.020953
44 0.021101
37 0.020712
10 0.020803
4 0.020991
45 0.020740
149 0.000001
288 49
34 0.020795
13 0.021033
40 0.020886
12 0.021181
25 0.020931
11 0.020811
6 0.020912
1 0.020886
47 0.020631
31 0.020983
42 0.020882
20 0.020693
2 0.021193
41 0.020799
33 0.020671
18 0.020876
3 0.020914
16 0.020908
7 0.020874
26 0.020832
10 0.020473
30 0.020641
35 0.020816
38 0.020719
23 0.020787
45 0.020668
37 0.020892
22 0.020801
28 0.020877
17 0.020894
27 0.020793
49 0.020900
15 0.021086
24 0.020615
46 0.020881
9 0.020713
19 0.020765
32 0.020926
43 0.021162
29 0.020845
39 0.020787
36 0.020776
5 0.020676
8 0.020788
14 0.020757
44 0.020891
4 0.020654
21 0.020725
303 0.000001
213 49
39 0.020797
12 0.021084
43 0.020932
44 0.020633
35 0.020823
36 0.020996
15 0.020675
17 0.020941
30 0.021003
6 0.020951
46 0.020733
42 0.020871
38 0.020842
40 0.020867
48 0.021070
45 0.020761
5 0.020895
9 0.020699
29 0.020632
34 0.020870
2 0.020912
21 0.020833
33 0.020922
23 0.020879
31 0.020816
10 0.020810
16 0.020930
37 0.021028
3 0.020742
24 0.020582
28 0.020879
7 0.020898
18 0.020597
47 0.020690
19 0.020808
41 0.020778
20 0.021010
27 0.020858
14 0.020587
13 0.020750
25 0.020966
4 0.020829
26 0.020910
1 0.020770
11 0.020509
32 0.020874
22 0.020944
8 0.020813
308 0.000001
