10 4300
309 10
6 0.111058
5 0.111350
10 0.111553
8 0.110844
3 0.111349
4 0.110863
9 0.110611
7 0.111034
2 0.111337
562 0.000001
815 10
4 0.111032
10 0.111045
1 0.111136
9 0.111391
7 0.110607
3 0.111311
8 0.111013
6 0.111143
5 0.111321
1780 0.000001
904 10
7 0.110963
10 0.111677
9 0.111326
2 0.111071
4 0.111271
5 0.111112
8 0.111157
6 0.110638
1 0.110784
593 0.000001
927 10
3 0.110628
7 0.111410
9 0.110749
10 0.111236
1 0.110983
6 0.111221
5 0.111334
8 0.111264
2 0.111174
3417 0.000001
236 10
2 0.110606
3 0.111687
6 0.110807
8 0.111540
4 0.111168
7 0.110947
10 0.111288
9 0.111121
1 0.110835
1821 0.000001
39 10
4 0.111107
7 0.110921
10 0.110870
9 0.111512
8 0.111260
2 0.110857
1 0.111146
5 0.110855
3 0.111471
2849 0.000001
888 10
6 0.111261
10 0.111063
4 0.111482
9 0.111120
5 0.111230
1 0.110783
3 0.110968
8 0.110993
2 0.111099
1815 0.000001
247 10
4 0.110911
9 0.111366
5 0.110654
1 0.111837
10 0.111047
3 0.110915
2 0.111207
6 0.111209
7 0.110853
3866 0.000001
860 10
10 0.111544
5 0.110418
1 0.111349
2 0.111150
4 0.110911
7 0.111038
8 0.111647
6 0.111147
3 0.110795
1249 0.000001
440 10
8 0.111490
3 0.110967
9 0.110844
6 0.111251
2 0.111300
1 0.111035
4 0.110997
7 0.111131
5 0.110984
2485 0.000001
