10000
03247544
174
484
134
7450994
34
914
95701554
8474
51374
4
4
760485824
919884
4087094
67634544
4004
24
5371322264
595044
24
4472704
4
7274
464
4755135664
0817079164
399639634
54
88164
4
1553604
270991384
560651904
434554
4
33053224
311511964
084243574
966915524
4976432394
32951654
455542094
3114
8520013804
57154
414
284
970802614
876388794
75136504
2695164
7344
0363010364
404
5844
04
26934
852061464
2434739774
2732420294
37864
5040670114
4484
592438464
0624
14666704
529662574
0478224
304
8125115574
753015144
17544
751959634
974
1632952904
7106924334
23880804
9484
4
164
625767154
33733344
01554
944
19013084
63267274
5484
4
94
4
52394
4870754
233094
7021724
7014
4
471934
684
494984
187804
1164
1280824
7884
338231344
7395532594
8920344
3230483084
336732044
644
3804
24
16942084
994
247313344
79684
4
6767579244
698975774
570244
3740994
44
51310874
9170794
84
38496044
4
256742984
41788214
2776464
14704
262014
6478904
794
41948424
799284
4324
284
23614
454
300185014
4
8171864
62414
594030384
471005004
33691694
2194
74
04
3124
724
444
969094
254
9408268414
45831784
75064
5432944
4825904
4
224718564
208534
23814
44
000733334
4
4
24
754494
5582064
214
117484
984
5352894
24
64
5834
66264
619554
884901194
92914
454
897844
690344
97605254
3417664
94664
253833404
7836321494
05674
6734
54
1804144
634135174
6633887344
1246764
684
6754
026121204
241147654
1553693974
024
109464
61834
82875104
51724494
4
65724
0684814
139664214
4
5798114
522984
344
4
612264
90800664
554
564
24
162004194
74
28324
8765484
8879094
0658294
32317254
04004
026134
80314
0004
84
02364
626874154
763830004
34
8126654
237862074
240794
9934
28284
9385474
4
534
64
018625074
3232086094
27824
18433264
0063304
34
54
94
2220074
77214
2515044
4
8752693534
24
594
853174
6202804
93874
094
074734
79204764
41964
14634
53404
164
4314
093844
294
79034
4914
384
0644
64
32354
42258084
29291274
0494
203084
607844
043505894
9652444
1998324
101484
665274
4
4
644
9494
224454
4
44
55807134
84
9904814
3154
17128574
47531004
24734764
034
4285564
581623704
51554
14
4
274
513820254
5657954
299374
792134
93875184
3484
404
7625855054
41224
6066885254
104
04
233064
94
228157054
6271194
994
4488484
1784
55174
699889104
77204
40846714
457551054
5614923264
7074
4
206644
624300054
0374924
44
4179113484
87624
393070334
503994
1550404954
84863634
9654
4
904
4
146435394
4
4
54
94
74
5969064
9705202864
824
0374
14
7714708274
6313485544
444
4
6643364
6752474
5628166894
1967924
345304
02466394
4484
4862111274
48047114
7139644
67684
911266064
74
4925967364
154
4
5440954
57650364
94
894
17750384
95424
545404
64924
24493104
697585344
0903714
552424
58124464
5756495174
4
084
114425204
517644
4
5194
0844
4
77343874
354
0224
496554084
498365094
7439432654
164
752814
32784
0504
814
84
1064
4
334
4
4
1615071844
875812984
4
4749094
654
8069493284
7517813474
64
4
9194
14
8224
160899144
4
5527553044
11584674
4
744502374
764734
574
7264
434
4
7264819604
04
638874
883814994
84
68424
24
433214
44
114
178494
6424
9461334
26595514
4
511170064
69322524
283634
4
054
41248494
694
5757598994
8420294754
38244
64314
4659703014
539614
14
2544
352863874
3998968284
201904
495134
00322054
56474
61792804
68673994
21704
6749024
4064144
45524
864
8827734
094846304
3239924
94
2794
8948364
490624
622684
9604
884
16004
482494044
874
73554
44
50210634
2984
2468297474
84
844
543994
4
99484
334
01035214
99540044
03044
54
3530505974
14
674154
4
9389714
064
09382564
4
19114
054
354
51674
6414
50454134
94
04
997044
2000244
44797654
5564
3143804
552934
8628024
695283374
6485989724
73034
64
49310624
6404
4
784684
4
9279792484
24
431686094
8800294184
364
304
0552803444
54487464
5294
1495044
4
20747014
38384
94
20371964
071321504
9754884
36551634
89014
8644
2562394
875542084
98594
8407724
20570984
8199912034
1144
784174
474494414
61064
84
7324
64
705194
91422964
826134
984
8352894
4842264
620798654
2556104
088054
2254
2200854
50324
64794
43666504
4
8164
1212394
55635024
84
44
186442804
34
9652984
94714
0325054524
914
4482500604
731094
23384
9214
2729913614
873744
1140068854
1417851494
338254
34
94
04
7994
069204
601774
1019020414
836459214
44
04104
74
454
4
20644254
88784
486033464
6915184
4135944
4
4
50681004
00604
44
202255074
4
3494
134
84
5134
7191460224
84
64
40607224
8044
67404
4
94
093987984
4
961789214
0704
376504
32862154
278564924
10826754
58534
74
804
6364
000304104
9622024
32834
4
0993524
43484
87402604
7011884
0817238794
070564
87970644
53714
5488674
07403444
14
989190244
4
904
914
949146234
44
807702854
3986854
606634
6054
174
660554
62254524
6745724
6154
174
81034
136284
88174
5467449094
562841434
4
04
374
31732444
84
35303704
94
179291744
3832994
558814
4
2144174
163124
65244
0165244
64
1914954
209474
4
477584
209365734
2901644
303554
6024
194
4
6539134
4
714
034
464
3506472744
1554
193628764
74504
24
28534
67544
73454
781534
84
717976084
4
89600154
024924
779524
70500954
4
38624
486154
39344
4
4
9694
3914
54
15439084
40803304
364
398584
0934
36554
9386306844
54
95934
931013404
003694
848985804
862714
8738274
5968494
779824
60744
5455680654
204
43334
585406614
50999564
548174
55334
4
1662903464
584
5118584
394
4
84
914
427810104
0044384
72539814
9434
3464697694
294
4349844
1196964
9996114
317524
30537604
456644
577381624
8004
119916414
89634
864
47974144
7465342534
24774
44
9934
44
4
74654
3316459324
6988934
9463924
4
64
8939244
4
31744
4
4034
4
8040821794
305868394
4
1965656194
94
64
04
070704
19334514
553924
4774
175331984
95607304
688816984
94
15254
968024
193209834
6197844
6805660
4354
4
71336464
9644
51984
7574
854
303961334
98005064
42658644
594154
4544
0209464
464
36938644
089824
4
95724
84
86724
50604
4
64
598236284
5374636434
6904179034
7978683254
869484
356474
55368594
4748034
3442994
6826694
04
0174
04
651237104
351365364
4
1454
28939734
039504154
7454
403484
7423392134
4
0129165774
8021374
018963354
888396134
530497014
6267074814
4
894
2125184
9674
11129694
844859574
4
5518868194
94501944
7518404
1112694
9514
8739414
21509494
67824
54
1434
7670064
649574
69115344
7738664
55814
504613404
16893354
464
24
0383109394
6998077404
316945634
674
354
4
77034
094
16634
8324
5446084644
6984
99854
6661591414
704
3829050184
5332994
44
0353556404
4
34
494
34
062494
4588494
68584
305224
4049824
4
60123034
504
0629619304
572856114
96319564
5891884
517644
8818384
191454
3644
95174
4
4524
64
25244
474
3384
03058374
186294
5850904
3004
4
512594
062232154
0263734
883474
03604
7981280024
4
71804
581734
4
9404
54
4
874
3087080964
348574
984
12186124
74
014524
617604
183435214
2959032284
695014
44753304
073504
28253964
7184
6755044
604
86273174
5514
9624
019982844
763184
544
384284
616973064
8877674
214
04
24
4
4
0458924
242934
54
2784
5671614
174
4
17682214
003965594
4704
64
94024
04274
60944
01723294
446664
548144
33361224
168137024
754423564
104
7742160414
54564
52336424
772687584
7029229364
7246543344
6424
94
83604
04514
4864
1707984
112724
5364
4
074
874
554
89424854
1063704624
0774344
67224
6668894
4
59506084
2279344
3233610784
34
34164
5252133354
5605202534
30960854
4
487551154
4
94
3404
8011768264
419976634
14
86527004
402719404
94194
124
0662684
141669854
4967214
04
2354
37014
82584
3325654
74
07324
59982674
585019204
24
3334
994
4
616021184
540753704
4
0484
0394
48814
7787054674
6187624
3074824
578234
14
380814
3934
105434
4
0160634
14
8007846444
94
6627035404
4
739784284
234
492104564
00171564
8064
8696046694
4
914
221734
25900474
151274
702634
200444
895434
97344
04
36696134
0146769094
0936674
004
0464
3034
952776774
1475396474
3058970374
1012944
199893734
922054
8900813604
9169500334
0974
638204
04453764
747205344
37457354
048162214
54
283176864
27256434
3374184
374
167447324
41839094
4
324
364674
34
04
5879964
50408184
98593264
56754
241404
24
4
649404
065248704
8145623154
44
7470644214
016130404
0134
74
4
32304484
5994
4
44
88374
814668254
5114
9262534
06231574
4
8344816394
643802434
628635334
2647333854
51464
7065084
650604884
4
34
9164
80674
2184
4
0238789794
4
024
2748634264
35957284
7750364
83940664
4431608684
874
143464
63616014
74
88667974
8694
925114
44944
14
4362796224
84
915394
494
04
4
44
5504489164
7174
4
83044
999504
3481574
14
2128398094
164
413258484
4514725684
28769414
14
0824
7454
9704
63284
79934
6494
234
3584270504
24
4993006134
774
4
24784
593348564
614
47324
94
3755334
9355775424
2313322424
4
654
9415375424
320784
600494
724
24
2390690054
95962184
18639204
84
539894
889714
842583764
65969634
3283904
700704264
24472784
687115024
525924854
157064814
64
0518956424
32835044
184
74
3214827614
6581424
134229514
60652624
74
4224320324
075274
6474731454
34054
024
574474
824
44584
72606544
1199624
0975096374
582628014
861975144
663486944
804
95394
364
8364
4
60586464
399500884
40055434
3944
104
084
8094921274
2045473754
076239224
384
0164135484
82804
7988734
95294
41563244
1844
2666254
895584
54
83414
4
314
713663354
14084
3076254
7475364
6558012054
848876784
3894
6288632244
124
007794
19315444
964
4
962289844
98981814
8114
79974
114
4
994
2034
5394
4
05073384
6554
244
614524
14
74
54
943179774
7355694
2263987014
9361754
4
9534960684
29214
812034
404
774
2984
435794
6604
040011724
9294
298225774
75471694
95724
63911234
54746714
634
4
6380134744
34
753374
78479634
7594
179624
574
24944
4
724694
739269914
654
634
5897135964
927511764
50264
24
3194
1564164954
024
04
27661134
084
534
051945334
979744
509376584
131132084
434
45284
04
54
85904
0734
744
550889924
64
353575394
514
3110974
8008134
4
5235084
14215234
4971039894
560023244
4555034
74424
1527107034
746367704
0638094144
1574
93104
4
727160324
164931834
62584054
25604
4
099873574
004
4033434
8075584
5496804
3874
04519414
59282324
144
248626314
044664674
06205164
8549173184
84
454
513867044
835024
0068194
14324
14
44
014
046634
642054
050554
06915014
5093194
054
4
58764
24
924
92834
4
691935794
4
3992704
170194794
06284
6468104
7544
54
235454
284
5824030784
3324
94
0423352454
10196784
4
4
2520799244
6900724
458826904
0173777304
296214
73834
353745764
4187134
7737554
48814
44
9405346084
8664
07204
84
21704
9164
0644
62497184
4
31393184
6414893384
40004194
964
944
754
434
4
67244
7314
4
84164
009969564
811734
04
95918574
4334
31764
4448584
4
6044
5706519364
4
612206694
054
5943908014
79346994
56834664
77584
782574
9426574
19926264
4
733777344
84
4
1112413504
54
235155874
94
4
210364
4
5334
32014
72758974
304
4
3308644
1408162064
962418344
22984
83664
64
7184
6573687104
14274
74
927274
0514
4
38820444
69174
894
58104
61931284
4
610513084
6129660944
94
3237324
99032524
4543816484
2514
05864
5934458214
7204
4784
4
3314
612488244
44
5734
572514
55554
4
8498942994
2458188594
1212038604
247024
6455026724
7074244
54224324
114
800444
84
5725854
737519894
134
804441414
5297585264
916280994
3620004
54964
797056654
4
2914534
07510064
29904
100378884
0391825454
17334
289165634
3355062324
8614
084596294
014
83254
7623860324
2621935554
580394734
4
4
7604
340382194
7493854
7779944
4
52914
7233664484
94674
664
924174
82737824
294
3570044
1788682474
4
262704
348424764
384
3264
944
06764304
076104
7964
574
207374
2024
94
61484
74
639457184
4
966186994
4
454
4
989344
254
167089144
4
84
48374
53968934
4874
44
08130684
54225974
254
136824
421964
80074
4
54
04
1325604
4
0194
040314454
553050864
3064864
72181184
0435184
2184
56334
79178844
692554
2040146094
4
9596614
482714
560434
4554
268234
4
8149163794
85031724
0801014
174
634578024
441326864
34
3614
57024
81534694
4473444
245904
24
3354
524
4
9344889834
59364
25814
251051074
73184
4
2674
48734724
2144143954
30691204
54
376581894
669264
184
763330224
7799224
4
249024
54
2955856524
73894
99924
448855174
4
4
4074898894
773924
991864
174
303314
7749898664
70054
4
14752594
16854
13318664
07641504
589895744
19654
1924
5864
56608754
9964
774
4
9198054
94094
9144
58082934
04
38314
4
4
577904
974
2864
0942704
4
3864
386784
4
86524
4
808670164
0711367824
4
593214
29041894
74
4
501194
0874
24
1809594
4
4
320344
877379344
2716714
174
4
4042444
45686884
4
3932673894
5139074
1274
8859770044
5564
1843854
64
1050504554
0662320424
4
468584
774
34
979455944
69974
5620844
04
91224
160093
23174
259664
355508744
620197524
007404
0959404
45534
124
966722344
4549614
56824084
44
9737303114
917314
57544
488424
394
072800034
57946324
4
2915588444
14
6794
9353854
7506584
32144
4
465527114
94
4771512104
42934
6154514024
121154
774
74
48320804
386934
994
70794234
6245024
22204
4133997784
34
05213854
3954
4
5497106284
052144
6744
3903884
726834
261382324
23667804
74
4
9805963514
1824493214
762294
327002854
4931910574
62358924
4
4664
45704
402307784
1331054
9554
731754
4686434
4091794
4
4
237693254
7478750854
143954
85732734
2652664
94
06214
1864
7124368644
5854
499024094
4
81854654
56604
86874
7119404
1963214
274
454
74018534
5234024
2185519884
5548735824
5516314
31833254
33204
359814
6595022634
314
3148677174
92704
20034
4
582496494
0342307394
842724784
778434
21082434
08460124
4945164064
9275444
0804
208763874
9637774
388265314
9719816664
344
1834
44
28264
24
2099191534
4
32180824
595764
110034
47846444
1470834
04
1874
7089424
99351984
15954
6812991754
873009834
8893304
108379964
774
179108844
0074
1791544
291814
075024
54
6207189524
4954
4481741394
4
3104
93189714
4
0264413834
34
94
06274
74024
294
420793664
394004
7054
4
286334
84363034
8914051504
64
75134
05155884
2714
12107414
821515244
394
18557684
54
17424
7385717034
854
34374
2344
83818764
2131282594
14404
4
179193554
55124
312769744
7483714004
778783374
046180694
144
86213564
24
70925044
75811164
594
56594334
9289721834
0177743024
01760954
134
4
5964
154
8549824
3690834
94
5927047144
56414
576354
016974784
06594
180184
416514334
98354
224
244
93154
4
2274
1683536824
583350444
4
04
0894
1916106164
4
37424
424
91784
034
134
130795514
2594
94
3304
0585924
80684
868674
1379344
81881784
93984
4322894
1644
13146454
04554
1739624
037554
4
29634
194
77614
4
5500464
4
794
644
126061484
528034
7684
049264
984
6324
466534
655078274
8094
4122494664
466053684
75854
520459114
758214
314
84
8984
892904
4
1564
76260634
4
522614
005060664
80784
4926105824
4
1144
944
75484
5589013254
6669844
4
1699216084
1524804
334
573574
982067644
534704
674
64104
4
4
64
04
2824
15064
15668314
4
854878074
4
26189464
164
74
1072487644
4854
460044
251680354
377594
99398764
316692054
7293994
6104
603183234
24
063345364
1970314
38660044
9260434
7646734154
5024
2804
4
7488423574
4954
24
4
956294064
06834
4
4178164
14
8204
3960887854
6904
344
097629454
354
218425294
01604
0262853074
3571011014
14142994
064
324
6684
2644
614
0864123434
957074
199677144
20924
84
94614
06774
9680409724
209724
4
54394
524
194274
540448844
4
4
94784964
6907454
255404
184
986805894
9013184
1954437984
1854
0814
1064
134
9594
161674
001264
54
42994
4
9677634
2580871774
9744
4
9413186454
51358074
114
4124
11530844
5830551574
4
64
424
8784
2850974
04
04
94
04641644
4974
444
3680014
42314084
96310664
85084
366000524
414
934
14
792053564
332348614
24
4
9304
4
23152824
11107254
32904
4524444
494
4
787322594
7225029924
3693029064
665704
484
16785194
708234
44
4
3174
674
324
1009364
927157374
7384
79829454
619320244
42134
44
921894
39664
14
99087164
97814
0774
2321104
4
164
874933454
75128144
4
9639224
306830424
3562460694
4
394
544954
8399954
434
673193334
903114
44
824
4
2590599884
252454
4
245758134
774
048224
2927154
5094
562574
14
4
169024
98488624
4615700164
1679708944
574606864
82384
00574
4
274
543394044
43148094
4098154
92774
90604
00668444
16234
479077184
35978804
4
294
934
391424
44
2754
7260914
74
4
909604994
54704
624
4
5467194
40174
0648336804
4
74
3474
3159757134
188934
9210524824
484
63994
4
814
334
4446504
5420830644
9299804
4
24
766766414
043893074
2320644
194
674
014
8316309174
226700264
812538814
5324
94
4
24737554
2613254
6112938564
35551214
4914
2033114
04
14
4
282255844
6059411414
24
4
50480984
8274
74
843744
98974174
4836501284
70714
4330844
090244
6647704
270821374
634
4
5064
9162664
4
7474
333084
964404
4
54
3193502094
01634
34
34
185535664
39384
9850834
0692064
04
61838964
940804
534
857664
13439044
74
760374
0281384
612584264
54
34
96659684
6334
1173816074
63664
68409814
640797334
555204994
0564615404
354
10874
41524794
78624
324
9829684
1534706224
564
75344
99624
464
7848724
1135804
94
5633284304
33194
834
134
4
4
4
110081464
9236573014
54
4
6844760124
5885425554
7941155254
4
8047106154
2304
495794224
654
304
1223724
015215004
87595744
335303494
870125244
54
816408884
388114
4583104
96064
5234
714
308624
984
714
4
144317844
537553974
73404
434
27104
4236253304
952552734
84
244
37394
3074
404
514
640484
32224
84
19454824
54
60614
73264
209574
4
81374
2534
594
35262294
305677014
704
5022994004
890894
279607514
85104
79584
23644414
111899494
58554
07924
9536616074
147834
40353664
74
7340475444
474
02914
0904
3638912184
4636077644
4
344
2474
22234
027393494
4
4
814
744
38564
84
4
404
24
203704554
2614750794
6396214
8834
635512784
098789984
914
4
7644973824
24
1004470434
04796424
7605585084
601444944
03884
4
104
4
34235344
94
340290874
5287404
4
36014
74
78630834
024934
293174
74
04
03554
1714
34904
005100354
5404584
804613174
4
344
539258094
0204
164
679344
23707954
4
534
63069734
4
966944
514
30679514
9284
4
24
9834
958570354
8106010434
621854
0169974
30114
8002798804
4
4294970174
4
9400364
4
2385844164
4
418194
4
1164
7635775934
0874542574
28144
9603660194
55384
86482754
69957544
194224
4
54
2192604
5744
352084664
529724
264
9498224
7029691114
9917514
944
7174
407289164
090505344
17921974
057640884
4
6854
1374
4
5110076784
51764
85475504
078974
8990854
683954
14
6498877064
35044
3052544
4
114
494
5074
104
536253614
371584
5282915174
3904
666664
78722104
324
97764
212512514
11250224
245804
44
736524
184
72663974
84
5120104
0414
03044
97024
84
4
38924
051924
584239984
5393683464
47719094
4465234
6451905534
7544
42481034
634
5714
3940580974
936505544
6479604
0066524474
272534
36714
84
4
4
64
864
29064
400144
35279164
4024
03653294
4886290334
274
064
4
037255534
4
8314
4
8874
884
4
994
03769364
214
03644
86568914
4819486264
104
2964
5958214
41604
3853829364
10164
667044
138354
3170809804
4
74
4
4304
656487494
254
8780114944
9226424
04
8608664
84
964
974934
689354984
1542514
4
3081395274
37584
3734
224
36798884
7280854
583994
2944
44
3978834
112712674
133632444
43256604
32892334
4
44
6836622234
94914
74
0264
842750484
4
183094
7899904
130034
278314
84
46672544
78331644
77264
9518614
9824
727424
92080164
71134
4964
54
33938934
7104598414
4
7125318924
9598775884
726097624
522774
9230645904
3205603814
732528134
68637774
41214
4
588474
585804
8772924
64
195484
782237454
4
0098854444
68123344
8917706514
04
3507309414
344
46970414
55054
05994
5794
4
752391254
003788174
69015254
66549114
84
18754
6824
15244
44
710654574
998796574
547784
14614
9441724764
451414
24
903672294
3674
4
75894
81034
0193023234
810794
48966984
990691294
078644
674
6207042144
8322765944
211104984
44
620943084
3489784
4194244
4
8532034
552212954
46845214
24
53720584
2234
94
4
69824
4
4
09387364
4
54554
04
310074844
3026283274
6512534
3804734
311174
09984
2824
4
9005704
84
64
0503481494
797998374
90224
4
113972584
64
44
87974
22034
60803934
1654064124
842564
928223194
4672204
194
14
6324
74
64
4
384
4
1833234
54
104424
31763234
1314654
574
4
5027242484
780153144
64
13644
759464
29975024
799628134
7147864
591044
3143384
245014
1004
36143234
1312734
2284441344
4
131774
4
188634
4
644
0780755184
4
605384
24
97678734
37651014
9572894
4
4
454
234
5302724
7034185534
74
464
4
944
41996074
3113634
60939174
4
976952384
04
881781464
04
4454474
933354
7731914
8784
6731180494
2932724
4
3855484624
02852414
9174
2234
249820864
4749274
4
2859237564
12894
9220424
54
585564
638634
846314244
729523634
188916914
14
4
4613899174
34
6638334
761058404
66054
494
4
164
4294
524
1217258374
4
61101444
8094254
1184
9702190574
7387014544
970214604
74
297570244
228314
4
1704
4534654
4234
85684
4084
0030414
8025682474
46314
9594
5019724
604864
9278361104
754
4
94409034
3584
4
47506984
985364
551361374
19
626734
7204
76922124
64
490748804
444
51404
8644
64
946794
896982514
3690834
8919980424
67770154
4
16554
3966064
4675444
3471973214
26785444
195624
3004
48014
2397924
52910034
1244
16840654
4
74
42214
2509044
14
89794
04974
4
334
86894
7524
17923364
553150514
3534
54
0088346004
84684
914
7596258234
44
1473802884
223344
962246524
94
4935556914
3014
227764
9744
5164
19938904
1043044
42467224
2859078064
34
655033594
40245524
84
9874841104
729284
4572908164
102674
384
434
617644
9065122594
85044
97358994
7086144
9754
41590744
1011624
54
07433534
4
795756314
38169394
654
436524
05840894
97194
4
45164
542844
203034
43324994
95615394
4604
412364
334
9839074
92340284
434
2804
98354
66031524
44664
4
244
04
34
0804
8285594
54
97364
491160844
948267444
62974074
219731384
472437034
9772738484
353531434
810214
4
24
46003994
44974
7714
117674
49709484
9864
846954
23219474
7395214
76744
352177164
4
310874
9105858054
4
9230358344
0244
194
559244
2734
04
904
81696414
5104
6626274
264
460923774
81555984
2670470974
39014
734979004
4043364
74047634
16871964
964
4903274
2754
2348034
54
460944184
4
4332254
581894
54234
4820689474
44
4782174
895454
634
24
6094810554
732175644
34
2454
713804
605944
134
2870034
64
8814
7444539064
096664
452704
831214
77668164
3557114284
10468904
44
4
094
38416624
996854
5755641024
697714
89924
40093034
02712304
2531834
01992604
7784639764
4097434
753946494
649064834
94
746724
924
6386864
4
716019364
013834
634212954
874054
189661794
4
54
8824
479614064
95365094
12095704
94
085404
4
4
618085874
768699224
224
60006264
53784
539799954
634
062094844
8267921444
54
018684
0877732874
24
18804
59721554
4
4
3194
090224
204
7600188554
34
157306974
00709074
700394
6684330944
89568834
373441254
8404
554
21084
00949154
9638564
0702854
9284118664
607984
34634
5139174594
552908704
47955574
5924
72564
2590595714
8919394504
0554130524
5262668904
16573394
3472104
554
4
85334
69749484
06860454
52578054
299430564
8564
34
4
48177394
3541654
994
9344
9562958334
46938204
11154
31794
7600542614
1564
4
436244
4
9164
84
59324
9252604
4
8016475134
4202654
9874
707830304
914
90737974
4
174
09084
44
23944
334654
8619118264
1544
184382104
7895424
867679884
99411324
64
4
9292194
37474
834
57104
9404
3172614
618074
412084
4
6705936334
985864
659974
14
26424
65874
71977274
7864
42344
6801734
64
340087744
84
81300224
117514
44
1714
242994
665844
58304544
5984
87044
3554
584
28774424
9361228514
60075664
664531304
4
1210199884
511841274
71574
9094
81094
6984
94
0810234
27341954
4
7996124
6738094
3064234
910044824
0444524
3124
85392794
6554214224
0910031954
2044
153894164
67364
4
5584544
7928134
185058044
94
771694
674
7252844
74
9804
024
914
694
1938514
791584
424
64
662278274
4
4
740676144
48554
74
9543169774
06729534
794282084
99639154
874424
94
7804
94
8511086154
4
044
61025564
88364
4
454
4
1914
2404584
4
4
27880014
464
03654
274104
2344
375718944
944
7424
64
944
7474
3614
4774
5524
413834
959314
22634
4934
3192549664
722619154
496369844
4
83434644
0603594
77674
1269011384
69704
4
89429114
36376964
862939954
5051686624
54
6917234
342814
500447884
660870144
47786664
6264
7175627734
4634
299964
6063543354
103958194
274
76242874
42424
415282594
24
0868690364
863314274
0916434754
694
63924
7824
8944
424
8697402
8574
828254
4
144
259184
7494
4497684
0495874
4
4
5478874
853900884
6054
80174
44
122325334
8468553234
5234
07124
4104
24
5260674
884
9336129174
3334
531775414
984
198108004
794
09519644
244
4
2254
110074354
44
90726584
9464157674
7674
3804
73914
514
5134
30674
3944
9349115144
73584
2932384
154
728254374
7451243534
50459184
4
0559824
8165482124
324
5454481594
4604
738007654
1770170854
6196407724
4
4
3784
814
62869524
8231594
4
4
56334
4
624
485104
04
4400879864
3718544
1244
5008714974
79444
4
260198784
205101464
156920634
54
64
964
9044
4
84
97779604
34
0063960254
8214
500494
908907214
55652714
451521104
66399134
1014
4
636717134
1694944
4
8118522044
4813174
1117694
14
83814
6956279734
4
042558424
394148474
369805084
20127154
7505199144
814
4855698564
7793974
9197794
7214
6470125864
0522774
261887184
5332204
4984
44
783744
8853626064
922924
240674
6125244
2624
4
0797734
876751814
54
0974
906012854
9914
9623623604
634
8196224
643484
9902564
44
7238634
1004
525033604
134
54
2671644
34
829484
7380534
9154
0695699414
34
93974
34
4715554
2524
444
044
9276653954
022930444
3954
075599554
94050854
96260264
9654
4
4
234
078154
974
94
4877384
34
334
4
074
6136621384
54
75354
312844
4
9354
2574
534
916824
05
05788344
1194
386814
104
1718450324
07996934
3214
34
197317314
6524
210694
994
9287714
34
5169134
069344304
17894
463332314
97891264
1479914
6036734
8574
50988184
7172934
4144
471006094
0535624
06802404
51114
9524751294
531114444
4
4
744
1674
984
4
107159214
4
3064
5145294
316194
208895134
763174
0412625924
384
424
9404
4
4
6875101644
4
10194824
04
074
354
368734
834
4
4
0907064
0614
9782568354
34
2594
0378754
14
1064572524
4578954
87774
3405137894
401784
789364
14
9904824
24
9076969744
1254
54
101933204
224
4
79844
34114
6635154
4
6685516284
584
424
830804674
822894
9804
4
4
0634
8683654
55464
04
45971964
37220654
094
4
4304
74
41162264
44
3879954
2206884684
4
7264
32056944
124
2444
6174
3531230294
069324
00930904
044
3814
33984
298901054
1860614
8624
4
3927974
6504
38959494
174
03874
454
124411974
4
8795144
5354
5863004
4
8246904
7569104
79554
6518533654
9552068784
94
944
54
287604
7334433984
276872374
4
4
64
5781877084
32070084
994574
95559374
13244
574
104048074
26594
58952114
94
50664
060294
255671534
36884
4662354814
2892868564
8856046904
439954
618500274
84
7025314
9507385204
684188184
0949554
9650490674
423979164
04
324294
39844
13684
088174
2344
025228384
3570068754
39683624
423643594
370259224
124
95865314
1084
718314
7828576874
0454
124
86034584
6323044
0006545974
84
056354
091167844
94
5536947554
46624
14
01864
2374
9375185324
56874764
41747344
7124
84
5020013314
63664
4
094
04
34
290994
514
805476434
2422264
9444684
4686812864
2834
89673014
69504
9754774684
05314
17194
4
7671391414
54
866364
6004
756484
4
600521514
96533574
7324
5319449844
274
43767654
5084
7414
4
817777154
567276044
54884
53014
0355474
742554
708522814
994
022214
12913284
4
9718254
8828487264
82562234
94
4
40804
278911434
059104
2934754
967924
4614
84706994
6954
1924
46924
91904
503514
33009364
237869654
98765984
4
4
00104
88206384
07434
00878154
8552824
0403965134
1702357314
77334
72094924
50244
627089114
9233504
752894
748659134
64
6804344
54
013954
8454
037101704
4
104864
734
25464
4
4
9984
73518014
27354
7517174
7227467884
9474
7241884
1474
4190054
587513634
6146894
4784
04088714
4656654
44
508899724
4
4
24
824
2942018404
945314
346774
064
145501814
4
07897384
93567614
87804
2548444
3494
85104
404
14
64
494
527223134
914
54
7578534
4
98423124
87296644
4
1299885954
8064
397244
34
7559404
5525824
8566264
24
305274
594
643546974
946994
3053244
092544
19672224
984
54084
810929494
214
8110074
64
731204
1516419304
14
824
64
45174264
214118724
3724
0304
718694
13834
84
803434
1884
5684
74504
55410334
678104
114
104
4
1649844
0854
603694
57048874
9694
4124
064
14
360873594
74
4
3874615144
0694
64471584
174
62844
69244
210664
2294
4
7923345314
28113124
1096534
333984
14
336804
4
73802824
08892724
14
4
650744
1794
0167434754
37941154
321674
793844
4324204
42014
8394
752274
750919804
3985840434
6982754
9584
444
846476154
4
843344
233434
74
39677034
34
2907354
3394814
013883404
28719234
787444
4
5404
98450914
98194
74
7834
4
139970694
4
15545704
179314
588036114
22980784
804736524
08624
6444
33996784
6768002644
38456914
73844
97828124
34082964
74
193415644
13952404
04
8274
477504
1014
364
074
4
5264
464
6349684
294
5413878764
1574
54
24
2774
9534
4
17257024
326906984
4404
1007047094
564
54
4
4
4
07274
97708984
94
994
14244
62024
08112164
14
2674
5533544
956795264
848145014
3664
8984
624
21804
24464
04
744
1237764
5921157454
64
76458214
17561914
284
785125544
6354
4063324
3578404
62974
36698844
04
429058324
86184
75678444
4
91485884
94
919682854
4
2271831124
240674
9428124
82104
4
694
1944
98677764
034
4
54748324
26034
554
42324
2134
4522024
988197634
684984
7963144054
16134
922041394
7189116864
619564
561624
9198094
7134
17294
64
0125094
78768124
234
950924
6369564724
4
3155214
4
079024
5582472854
34
4
53395214
54
637654
4
17224
7060344594
139860574
07987624
0952774
09024
3654
9394
231704
0459185094
441034
724
4
63894
3814
082388214
58568874
9791634
6009607444
714
200324664
4
67099884
2804
5772034
72874
2840474
42918054
78994
84
1862395164
7280802454
34
16432694
7084
34
644
174
96114404
816347614
04
5842056784
94
84
9990885064
624
6495524
54580744
4144194
9744947834
4
848486924
724
71465304
4
319720054
820729264
853604
2505327084
5390840884
284
774311424
4751752344
343779434
766284
738014
7661174
85604
8117073224
0446884
214
154
4
9024
684968164
4
7639755534
903494
9924
774
055974584
283004
046494
9284525764
1631724
03915784
583224
7549307384
549958564
6693957064
583564
94
2444
7939124
7514
64
5903485144
3512955944
4
18270044
4765408464
17617414
496664
32627374
536154
6908374
7665925754
4
6754284
34
77435694
4
34353484
324
1218504
6968484
4734
7599944
237474
14
7794
704
4
964
824
4
116754
6289476014
4
044
924054
4
89266614
24
9861493504
4
154
8928244
4481684
26933324
1560874
2806548094
054
4
8081774
00594
550624
188844
34
3285674
36594
74754
4
02761674
524
0783449464
41845044
54624
724
0554
3314
29644
093214
564
89964964
29590404
756734
64
1359324954
9831104
44
4353654
5394
4874
865174
243361754
23870374
12118854
694
4
4173854
4
7754877284
159473824
02675794
413734
4
04
2979765424
4
09940744
0034
17414
205660114
7784
06434
04
917984
474
6203774
4144
4
963834
6854
765744
94
30324
0277884
4
6158436054
474
5030204
66490744
62986194
1245172954
618542804
82484
84
735824
37144
354
5780584
3024
44
5295154
432234824
79774354
08400624
8117324
0975172264
4554
0832314
4495637494
78964084
25524
3084
687695674
099896164
864
32215114
64
54
534
4
066156964
6718784
434497234
42084
7534
738154
6104
6961306534
975284
41985924
9761871744
9866514
1000417244
03694
2933662394
55994
4094934
178204
887524
598947154
0825179284
54
494
44
1658904
79598854
047073184
5726014744
8079504
26560304
566334
4804634
34
8129994
74
5758324
64
4
7214
520644
631874
583157924
37324
2607244
51954
658242034
269234
1704
4454
94
4
27664
4
558203814
2203214
4
4017124
04
34
074
304
2516034
59484
864
1051904
2414
4
044
9291924
70766114
34
3094
7027369804
5794
185566144
125644534
44
8477664914
2533094
69194
7794
1561024
94
3854
5879601854
574
79182894
67864
4
4
25469144
4
7243414
4
4
884
0152214814
724
828094
790304164
73434
81384304
9683841284
893881384
526637274
864
534
4954
04
9540694
4
53334
4
9036241244
75029614
84340494
1914
457984
7558583904
6630993024
324
45964
2095643254
82534804
9399794
64
781600374
4
14
9133404
174514
89922654
324
6334
3804514
0914
429134
779776854
324
2400674
2177063114
827199064
9294
447224
591872084
54
64
684
4
77035854
897988614
14
2298934
8668361394
4068070224
24
7763914
262194
0207384
2279731224
6580704
9602014
367510974
64864
4
6262238744
38794
478504
197764854
16974
75906554
147754
5511994
346224
2326898994
6814
114
4
461842054
984
6010874
479424
3573053234
6288254
1084
34
7086958604
1514264
8054
01638694
0365000544
477704
4
65054
14308834
42187244
91001414
014
07196314
396344
5454
14
9004
77358774
5634
0394268214
4
224
694
4587588494
3849298514
6364214
1494
2731449284
2959544
4
330424174
732784
775424
345398044
2092074
034
3553754
74
5989704
54
79038324
6918227644
0243611814
955304
96834834
4
49526014
39302514
549104
4
2694
54
95514
694
029585904
64684
4
7964
1218016414
86834
34
2154364
5933724554
264
53991584
63824
5366784324
7189410624
541714
903952604
54
184
759114
120201114
567714
6489336834
455204054
5133474
4
4142634
956576184
783872694
4
67714
025938134
4674815104
35005814
2674
04
61784444
64
698244
56804
886734384
90244
5241584
18688034
54014
74
6844
0493474
3804
496754
371758074
266732514
3217104
6534
4
864
84
34
64
09336714
115514
1564584
0546079314
5006073344
97954
30424
85994
2754
0357194
1914
60604
4720424
093354
18460694
025240874
168593654
6862909794
73110924
1464
8716844
4
14
8824600664
667087894
0768604
4
74
908204
5674535144
6854
8424
4
254
9936284
97142194
04
044
352044
7953344
7984
47424
2311610284
4
402824
84
4
3674173404
04
928588214
16813654
5604
303604
8506838674
4
9669242244
557624
4694
453349304
6839594
7834
26130884
8259694
8664
9297698414
8885454
446544
44
2375724
52854
456648314
624
1112304
356603874
6144552454
22826144
4
624
5375732394
70484
04534
0630354
4198119944
3831754
062164
789544
807299764
4
34
5802086944
074490564
70914
561534
4
21587984
1696551494
804644
85494
79214
1601164824
29325524
73744
04
42044
7818454
79154
32388204
983784
059765604
6464
130094
603065284
94
7695940124
4816874
579850944
39674
1307384
228434
357474
58894
95234204
8404892434
503774
36169834
825984
1957444
7031414604
733464
274486114
3722388344
9184286664
91004
7041324
4
5346962094
501997314
3930534
4
4
023867254
914
5594
254
437514
64136934
39186674
050094
14
4
21334
23783994
4
296235494
8624
985834
14
504236734
9586494084
56708574
65130454
1834
8686714
4
338369044
9464
4
4
184
955677824
5376314
9137934
7064
6627884
1505148934
1700644
04984
880034504
645244
244
904
954
14
8894
0219244
7979684
28174
4
55974
106352184
514
44
3464
066073244
815217354
14218004
4
3376581584
284
8454
7794
4
9884
144
51814
94
9139518364
64
0084
2354
14
404
652305054
7461134
004
367276424
834854764
74
69134
504
5918204064
3784
4
9041404
54
3654
393894
0334
764
04
03851704
494
4
1755424
4
98569894
7314
4
21504404
644
535340494
24
91405414
49111074
519584
7964
27927064
4
4
74
6334386194
972471614
729304
2234
484
475084
133874
72150834
044
064
45208454
302374
56020214
84
94
41574014
4
8008024
4
565952174
4990910354
091104
2874
5064
951390524
294
8981244
016224
9684
4
924
2792706944
511144
24
401864
9334
3505064
854
4
421959214
894264994
90674564
84969864
966904
14
9104
320145434
3716214
73531904
4
58809424
6354769074
4
72044
4
3060914
843685334
604
94234
383634
9648284
4
06064
7432990774
4
8584
3949498854
4
16564034
29832574
230687484
854
921604
904
3110751644
5479294
5241724
907202724
652802814
21284
4984
3024
44
57544
74
4
941390494
667924
7052322394
213506644
4267231614
81094
19264
899144
10724
4
44
84
740254
4
434694
98000694
84
0398044
431505704
3176359464
433372244
8149474
14
546914
86450204
287009914
4
95994
4
84
4
657974
7104
1034
127734
2574
0248474
4
4
79018724
252034
99306734
54
639414
886617884
1775234
80694
4
924
424
05064
6934
7144
33050504
134044
658724
14
274203094
64
4
9426689834
274
34
99514
4
798925224
84
7615423214
1797554
4
184734
5680803854
4404
4
3824
68537204
2534
24
330654004
064
5344
254334
24
0904
0814
515813264
3494
39594
5961744
7525824
804
778274
453864
184974124
464
9274
9674
1534
9464
9915744
844484
9970136134
2379104
1943727534
8195914
814
21364
147784244
2004793724
2810429884
4
866926984
1027514
461763784
3826024
64
9658034
82732794
64
4
2054
7584
27604
8107675574
85210774
23943894
354
81708034
627025384
81364
85624
544074
5114
54
84289874
824
6910715404
5070794
6314
97556374
0274
446264
94020474
9580354
4
643054
977364424
467154
4
4579674
0574
34
7736194
6114
34
64
930982874
4
43535774
4634294
90200614
07294
82084
9241530504
6134
4
602266704
619804
74
0902544534
04
54
43774
42024
570184
4
96864094
21874
3394
3403934264
9642274244
91454
864
27604
94996694
49794
9644
84
91184
64
34
2662594
4
48724
4
64
034
9054
8824
7954
384
43481164
34
164
2461847284
34
1000354
9774220424
3177356214
6890571404
774
45624
094
8166324
4
664
57694
44
7904
894054
89414
872234
584
74
199274
7224
10384
938684
45794
9975480824
987392644
4
4149717204
157914
93264
05287334
2572784
624
2543004
19679904
803084
916667704
273544
6304
4
157554
946087014
755064
6694
4876344
4765554
810912904
1825844
770384
40963764
164
8110354
27994
84554
24864064
75444
24
67144
3456994
842965224
724
932354
1874
77561894
81302854
6414
64
466474
4190044
6720514
14
4544
24
8320861014
4
4
4
4
5634
095774
561544
4
4
46144
083754
926864
4034
500925364
9969569014
364
2602944
5775014
4
4
7841014
84
06290114
50961044
360322154
1562274
57669444
334
604
759707034
384
5994724
23214
82864
19997284
944
81606954
5079547504
3179434
078954144
474550294
11745334
184
5785874
92339784
684
855194
1616004
27824
95734
43924
5448044194
329964
14
19154
2885678544
34
3771544
4
6191884
2596927294
4
4
269363074
202014
780114
69844
70059524
172134
45819134
04
1254
304
4
544
71644
4
34
4
4281754
564163734
3546784
14
13199554
44
38064544
3408304
886380704
944
554
64
354
0544
298162134
7394
4
98429244
91934
390394
754
154
3626592184
4
764
32804
00574
553124
65064
82994
49997254
4
2754
2014
054
1515664
04
7854
744452704
94
253793104
734
0762554
38968324
184747334
099074
84764
646876194
186507204
2446064374
84
476044
93964
9494
37849804
44
9943124
7858644
03306474
88194
3124
76644
88424
8664
3414
5994
4834
530174
991951334
656897354
3917492554
414
1234
71104
4116284
309024
1334
776748074
8750698584
802322114
673141204
292874984
50839704
04
224
5144244
44
10709104
4
577704444
12714
1005774
62204
0534
238299654
155284
07404
6716422814
784
84
724331274
101557694
0536374
496139344
1134424
24
5423651064
53160494
2148104
3801156434
44
4071382704
1880074
574
24
90164
4
130593724
3704114
931843594
699874
959633334
6528384
4
8924723334
5994
693514
74
38482614
454
24
931528434
173744
064
854
862844474
43294
313912704
66049524
0393884
7051154544
9314
5645699344
65071054
99612014
5353915704
764
09114
669805664
374
456576274
9388544
10759834
92480564
779774
6994
4
64
41844
174
0984336944
34
594
76874
4854
54
3735826294
727544
6298994
2214
54
9754
4
50364
7477905994
9688929194
5831784
4
5814
9334
7646504
84
564
81014
144910504
4
756576234
854
82364
9448426884
040842764
789844
98598354
874
0558774
3945670764
8644
64
4
385063124
599083734
54
553361084
08736344
64
134419344
3194
458926894
04
4685864
94
905534
514
54
72374
9180094
93516124
0114
554497024
874
4
74
924
8491144
74364
3641534
9657724
9418434
66888764
1645903074
4
4
0097902734
3826468274
84
4894
014
8574
735014
00821574
674
4
2334
608314
4
777699304
7021159814
14
984
7205386124
00024
5814
71944
196961154
0704
78690404
872394
912807414
27354
4144154
376954
4
4637854
669538944
920445974
8944
83154
84
84
77573154
793224
4
193574
4
7294
2365404
74
334241194
167244
889934
264
7620813784
204
92824
974
7664704994
429514
867609394
8414
368735244
81955824
66420534
1031064
69664
4304
86464
9304524
374
61102854
4
024
2294
05764
4448630074
882991884
94953214
86020554
6604
54
75366534
460454
24
4005514
170289084
64
7370697964
4
0419074
94
56984
16604744
6345294
822588044
709094
3496344
44584
34
9608530154
0525909454
2860036994
44
7336933604
4
95435264
4
535544
4
09565674
31594
061068804
4
01583734
4
7299500744
024
466474
294
74164
4
434224
5824
93734
9481771904
33334
49027534
302685414
34
93435274
4
5106863264
3414
894185624
4
8404
4
53924
01414934
74
02514
223814
434
24
4746363094
064
846404
7449604
8884
204
24
027104
2094
267564
4
4
6224
4
24
3791660274
94
2854
800914
8074
604
1664599614
1743520444
1280394
04
5454
2774
168764
9138534
4
96564
3852954
6114934
460104
67205244
86723594
58324
630004
42534
4
8365958174
2675944
4
24
564
54
639474
984
78324
34
9632234
9169523644
64
255013604
3924
9347094
9627692214
418074
04
35810914
93194
8279824114
04
68324
8964
1344
5026080484
6872754
44
241301444
304
26315694
7204
94352124
4
9120844
02184
34
8754
964
09627844
906914
66215724
58153344
35952884
99524
5697644554
995312464
471182574
174
2634
77024
4
5204
951403204
4
7348834
3994
964
657351714
4
7624
174
9674
0003924
008567694
1856924
184
66021734
4
0171172304
942015974
248724
713774274
66860364
45704
7666047204
006180494
254
4
745244
4
14
64
44234014
9414214
4
97154
6554
140054
10584
6524
8644
441504
5313714
6491604
1768244584
4
844
47454
807544
850186674
6211699394
4
3470501754
644
12204
66903984
40401744
4287024874
9908714
24
74
4264
29926934
12454054
1658010764
94
6453950704
746676994
44
324
2614
4
115569614
94979984
551934
4
29326454
960764
2494544
4
44
4
5163930984
284573984
19317474
44
84
354
1644837024
7344
970706114
1613608474
59784
8915501904
13641394
474
67067434
26244
254
114
9852310294
5774
577696504
518264
96964
6693584
912925004
1504
8458054
558574
4
2712270424
9094904074
2881404
0388914
654026234
144
4
9281878674
320859724
24
4
413224
68971384
8979641034
6730054
747900214
8244
14
947074
394
890228854
609894554
27984
47364
7205154
825937134
554
543971634
2794
76091984
13564
481984
44
484
812854
1091150104
54
6191681914
07404
6360490014
16374
4
044
92814
3529334
4
4
724
7277784
22631784
9301153194
325104
0255777684
7501941344
9466034
234
440374
4
0364854
16691234
0759434
04
73751334
92850524
833754
02914
8397274044
4006326334
178824
5735274
05259444
1154
4
426389344
4
34
4
3887284
449491754
312394
064
8089771764
0854
64586744
866956964
864
4
08725204
334
085450954
757564
734610244
2719273334
523206784
0944504
359404
657144
183420514
24077044
58460824
2212785614
68380404
383364
674
5714
821074
4
45538334
94
6524273024
67238614
5204796914
04
4
4
4
34
4
4
71736294
44024
64
598154
211729874
82194
4
3874
2994
7754
240744
4
464870804
514
844
3269494
972584
93880064
0219838684
102584
6989819844
364
629283314
174
72624
9861801824
6764
7184134
1343561314
8293484
9961372784
24
313304
6925323234
68158064
246379904
26674
571620824
90664
4
015854
822904
44200934
92814
19869674
4
8961704
4
987974
346324
644
359216814
484
9736824
37003984
782754
544
620534
1979114
95252214
4
4
682245044
817934
6305644
344
265904
75482534
4
113144
09914854
0583701854
94
11536194
7295900984
852666904
596844
2824
14
136164
239634
79094
534005604
2728911304
5115964
87534
7544
703498074
8704
23597494
94
4
3854
733074
752634
89044
124
4
387949744
754
32804
2524
04
57684234
944286484
941714
1664
05244
4379897994
764
3112114
0499804
4
6879054
3084
1128414
7022675854
4
14027294
8914
9367099284
29514
385101844
287964
85115754
8297029704
4
7875797164
437953624
657572654
97027484
262581064
4
3363568294
8948874894
587494
599384
124
9835454
9147224
1154796904
8721964
277476324
704534
44
59604
14
4
374247404
4060927604
08216044
194
6941924
55861834
74
5244
4
64
44
4
4
824
4174
4
99454
264
118417714
4734
4364056004
2464
4244
64
8621613534
114987544
818655954
38016584
4
7975464824
228237024
36494
234
055031654
2943084964
081804
5248888814
497108054
16752414
134
413519844
804
217350334
2000214
40704994
70391184
5054411004
9438844
4
06544
781644
43404
5574
355111084
2822984
4
144
0351124
50964
794
44
74
74
5188254
4275034
4554
044
9764
054
235254
38852654
6614
794
354
374
94654
796664
4
398648604
754
6324674
1524
4
5386684
57284
0907554
0508926274
04
2020951554
3937660934
448814
612684
4
814
9914
434174564
7030464744
70104
80523964
87624
74
3130159444
7009754
4
5474
174
225467524
4
64
494
0562674
4
4361324
25954
384320324
04
74
70963104
4
4
4295497544
4
7744
8661324587
8394
554
9194
1254662714
952014
602924
4
334
40182514
03374
109524
607692154
24934
3446354
14
04
835285624
44
294
6754
566655034
5710854
1405044
4874
6497393654
9656882444
24
7957974
9174
3139851734
4
4
4
0157955634
4
08444884
26624
0604
757790074
54
5254
904807384
34
7076624
64
99504
14077444
4
3753564264
4
64
0444
0284
928523524
082814
9418223894
094858694
90624
4
1814
4
55701194
650707184
514424
9425213034
086549604
63774
7920134
1705087954
2153404
886724124
51774584
8809684
574
51684
94
97664
54
4
74814
5134
94
564
083999174
29849724
4
4914
54
67574
74034
7234
9646222354
8314
54
19704
23122664
3999249614
9952954
4532174
7599824
261351754
29987224
4
2258944
28384
3504254
4
3914
6286821254
5004
76496824
42616684
26144
720043174
64
9504
746964
4
1294509854
422134
814804
852034
4471689724
6704
3369927454
3436040214
4
384
283194
3024
1754
379034
157384
1374
049089234
605321594
03304
5585764
177074
784
1174
299745544
4
015325444
9043625214
456384
87506124
47484
4
1234
907994
585289094
634
71414
076576984
6754
34
09893934
713307074
054
293975044
264
4124
74
4
4
4
24
1554
4
5614
6235954
634
044
4420844
054
8624
834
24
822864814
96495084
14
4
64
89854
679449284
4
04
460954774
888444
14
44
97089714
14
7966588324
51744
95019204
8436870044
3766132514
3552014
684
32857944
4
6334
91673604
3018078314
9852214
680399884
982477454
669356324
3852894
5882504
374
092854
44
09659534
5493983884
2313444
05001774
24167344
1019464
8431768214
3230514
4
3807484
40544
064
32781374
4932691754
70797794
3943512874
4223794
24552704
34
380504
3274
436684
5934
647424434
4
304
453283334
4
44
470954
302173184
319852204
54
914
43264
631194
9636954
02893964
454
1041134
1781659544
772023424
90874
430554
509744
4
6794
734
5274
81218354
2863304
04
4
2399633584
97341064
96497194
4
822597844
2439809734
6035401284
06154
0084
74967124
911592794
044
34
26024
762314
5651420904
58124
6804
7196894
798584
3433002314
57419354
544
554
11924
344059464
214278684
710954
28434
934
2442912704
8286141764
91104
4
4
10174
6664
15437684
4
4
252604
4
14
7804
583369904
478470644
4
64
89213744
04
314
1335584
5538028764
4
659550754
814
51784
4885540854
470812024
897384
4
18564
835167714
0064
44
19203574
4
04
34
1464
004654
241544
938003484
1284
8859014
6400242954
93211224
64
144
030781474
3612154
794
314
94
77398244
614974
2784
324
63844
8151144
4
1070124
084
5604
954
520424
2398792124
282056534
7757596704
4124
3871294
620524
814
4
24
84
7656794
24
336414
4
9894909684
4
415290584
614
474
914
004272494
74
4
277294
924419194
7599365294
94
04
74
428216134
854
35282214
604
64
14
3954089284
61099364
54
774
55304
4
135989474
4
39024
0579166784
034
74
894
0604934
04
43883234
414
5304
2821256024
05434
154
3304604
52896904
4494
34377874
534
10894
3179183024
74
4
77870184
631690224
5874
1194
5268085634
574
40794
454
49466064
7094
0186554
443974
84
845237614
10291094
126204
99972744
4339414
441414
8854
888640684
2212010354
6474
77374
24
8834
424
06454314
600854
2176364814
36474
997850554
14
84
71544
54
14
0669834
83664
84
59864
720414
76134
813070824
664728934
60404
4258220124
4778494
26974664
64
160127174
701996914
793904
2885799054
4
4879094
964
9484304
9824
529344
9674
34
4
54
834
4
24784
66843004
2033424
4
437164984
6554
4
52904
825967314
8684
144
97174
431294
5928899524
14
74998904
4721367304
3795196324
4
674
64
004
9852584
34
62971444
4
44114
474
34
28069174
8987313324
974
984
49324
4
2584
334
184
67144
24
54
84
80685094
4363104
80280484
794
54894
4
594
9473133894
4
854
6956554
836504
440244
4
51074
044
5034
823962064
914
64
3204363344
5104
5056284
4984
034
4239294
1724
02874
69274
8680820044
194
69617064
822414
7720284
9095564
20688904
91227804
473044
53700094
68691884
76284
140184624
56989024
4
164
5291848764
5748894
078844
639144
37874
24
9865314
101108914
194
3756418
289944
3319779324
3569822884
19554
84
58494064
4744
90594
86952434
626338864
038503824
2504
69903714
154
6642934
74
8064
4
8014
94
117794
36614
34
973604
14
484
24
84
24
0515384704
64959974
797080484
29240494
86419204
44
7571096934
465135204
4464
8166103804
0384
4
294
7553614
84
5638674
4
598874
9064
91954
198383334
0357514
7034794
924
034
0150784
641074
2446794
4
1052834
04
800034
544
2074
4
5834
674
844
107584
09616984
24
19284
172800334
366352624
210731404
6705015974
124
804
50864424
6843324
98339764
554454224
46333754
178381944
318974
707852934
8714
87384
14
94
34369214
8199886504
20453924
19997074
204
29434
090434174
2939144
214
72754
7394
5250754
3827917834
7412614
34
4
764
5076238004
34
92093084
4444
7390084
624
7097834
65264
804
9943209654
34424
194
906994604
464044
51034
944
5948812804
584
4
094614
4
9038981484
0774
2957435664
42164
03604
369636124
65387934
385981104
5070454
118774
558784
3411674
424
460111234
324
5666069114
9054964
1004
1805204
44
4898200724
6454
2967424
3314
42944
027924
450422284
4154
814
5121584
44
84
994
64
914
5960993194
54
6530384
5650194
7274
7735644
099071474
6894
0115700644
211699024
662390884
22164
7994
432156784
49584
0606713334
4
4246664
224
44
027791484
730988614
380224
4
4471974
34
86930634
7008771954
551404
64
4
1929024
35394
392189534
4
6614
4
7522669454
54424684
4
14
67839884
59940814
746093154
44
2161904
592324
5004
149304
300969504
4
764
0738364
1740332474
5017104
721664
7274
068006204
0924
1299004
2474214
5178015624
224
4
14
6454668854
4
6500673024
4
3552704974
1169594
53724
5214324
8480014
3054
94
4102502024
30194
6494
466414
73374
294479984
825238234
842764
0044
0561842874
834
491834
344
5784
1741939444
98664584
584
9186294
3216184
61891854
75106174
876624
027083354
37620364
071688134
5254
4
1606380044
8593434
9990604
544544
977144
74
2521978044
2144
28274
2554825344
4
84034
54
72824
144
433797504
11814
419163014
50378434
0536245234
244
5653977474
64
4
229194
514774
9371294
1314
28714
2676634154
4
384045414
2863441754
4
4
54
48690594
2682604
0334
0634283814
9128794
24
15866164
3759070224
14
50664
28004694
54
04
0225404
819407024
49357844
2397025894
9194
18024
6478534
079919904
3859034
04
2129868424
4043794
265234
717834
7044
74464104
45050264
10783284
86937814
0265064
499034
4124588274
4
751964
55154
11874
54
99604
3064
98644
183399924
134879984
84
3854
479774
791934
44
04
5224
7424
684
4994
8497174884
44
04
0145894
00354
459924
44
72024424
3265914
534
980254
940176584
314
26484
5198984
8819042164
14
614
42694894
06834
794
33994
4
387404
8102764
9142394
5644
96424
864704
298385784
24
01861014
894
267934
279302474
955216134
48214
54
4
17468724
4
44
108620194
98761504
7454
324
47544
44
33201144
4546294
188187274
0474
644
0674275874
737740794
5534
5627064984
7266704
8522018424
660877904
5413904
102894
04
164
986202354
220574964
54
4
060132134
3579854
4
01638084
7624844
6642240734
4
783714
8454
4
6344
884
4
4
6994
74
805144434
528908474
4
7827054
54
44
8544
3354
6428862044
6444172304
24
1602378094
948824
194468744
4
084382434
994
79944
889604
34
94374
835595184
54244
9118854894
92044
3384
04
68084
6245124
71294
43572204
640015404
034
17674
4
801394
489771944
857434494
3684
1654
807604
1574
03379024
0264
6821514
4
84
77098364
8384
4
4
0945964
9396944
1252824
03024
94384204
84870654
8087419934
48882954
4
52700564
127640634
0254
714
892577424
70945404
624
848444
3954514
4
52921874
4420804
0372410154
4389964
34
18214
290018214
2109782424
54664
0973344
8753344354
93444654
393784
7274
4
445874
6588282404
2014
9054
74034
8005604
754
3799316224
0879008814
6885234
798150294
4531764564
9319389714
4429594614
4
1611974
24
54
2726957924
4
8308834
4
04
7616462714
8878254
0094
07194
31044
971577894
5774
7173884
99897094
54
70164
64204
4
24
22806564
4
892137464
863601574
8505446804
853734
507644
028766774
907308524
951764
1852139034
184
634
54
894
33319354
1824
6959409044
607658004
929864
0311114
886874
4
14
5013805184
3104
7725044
3756244
28676804
574
063445794
79204
1654
8227874
801133244
341712694
568424
04744
9254
764
76762704
4
202254
64
544
03564
4
6904
4774
4
4
7422679464
2204794
14
834
788774
51784
84
7314444
5724
74
42990754
4618294
004
4246624
8502565654
3894
34
644
46204
4
64
6570524
62354
054
496682814
001134
441644
50140704
74
014
484540044
24
2268431554
9569045064
9928674
524
004
3664
594
4
01554
014
44
7932209124
24
52764184
198597874
096128524
8567429094
464
1804
1269104
87594
0575062804
83818254
544
354
11607054
362024
84
45724
84
535570674
744713774
5685605034
94
24
8997565664
4
897007724
7434
4
19264
74068664
2474132764
3096684
464
413784
4
26234144
8550051484
9994594
3227824
3389064
5948534
42246954
54
2232744
486888944
08132564
386104
7560264524
24
4
913634
153384
7814
111521734
4511207524
510254
74994
4894
4
34929134
04
94
54
79094
62434
84
8231454
15764
29135604
4
04
467204544
687114
7365194
23814
88209804
809924944
548114
57222884
687006054
296744
4
624
4
4
54
6616914
03774294
5623482844
8565734
1244
574
152924
19740004
965947844
8440693934
049024
884
49149824
333454
65963714
03228994
8211404
4786494
5475044
15184
358359504
4734
4454
8444
5734
4
498153414
387604
84
81775384
14
794
3954834
9640804
674538704
8752340244
110884
173280454
719214
44
670551144
044
08534
4
7878294784
189944
54
4
44
19226314
44
2304
16264
207584
17944
98754
944
3878156824
277424
2100856814
04
71617224
1894084
081744
4
094
9965155154
754
83007224
405204
08397694
25841104
4
1518904
2280881364
3117884
9045754
4944
4
9380166994
549314
5956374
924
2474
64
414
2466224854
55629724
396220934
51844
628744
4
5934
36123124
2314
144
60544
6796247434
744
3094
647848334
24
3178844
4
244
80012654
093704844
8750377064
44
704844
272214
1313604
295714
825597064
79244
9024
8244211914
554
4
924
234
84
0424071414
92504
4
8182275264
34
61404
64
6685725764
1464
91745554
208294
4
8831443104
60338094
24
894
148894
6054014
3961063684
74
59823534
24
0406688074
5694
04
3054
784782134
3005095914
2994
6054
4
8054
944
8270364
856196294
981624
6324
8691909624
35167534
825424
951634
09004
88984
5761375144
4
5474
584
9602375164
854
64
005174254
44
616774594
2856924034
11534
802074
01864354
3552773584
287655324
04
888744
54
0384524
74
887524
9344
1703424
8904
53674
39894934
644
54
94
3734
4
8500200214
114
9604
74
214
5867096744
54
936954
0409864
4224
53582704
66804
4
34
44
46482594
994
37832124
24
916789684
104
8851689534
2967773454
99541804
6209014
34
30483024
994
4
114
8154
34
45665894
74
4
8539381794
344
6604
3642649164
51234
34
760424
10294
7834
5340684
04
772874
534
5489964
44
62190884
4681949604
4
94
354624
7474
9369914
88394524
8844
04
66147014
1192682534
94
5543274
101724
269384
4
8927854
824
547485874
50294
9502914
57204
4
4
06914
40095134
894
1577034
34
3344
726124
555156364
8534874
3615227874
4
4
4
2881356814
4
104
3641604
64
355174
54
14
624
3544905444
01642374
14964
124
137587404
129124
494
568105274
4
75414
41627154
414
7083744
664
44
4
30014
10257284
064
335012484
4
5486554
454
43094
94336434
6458778484
622828424
49507074
115525434
0925086114
070922784
445004924
587504
9828164
362185774
6785234
564
252852964
7644
2854
182825054
9638366394
04085534
6857806444
364
9355264
0012115344
3424
444534
4
634
4
082574
4
24
14
4
488974
44
6212504
4
14
0363414
4
78334
0725562794
72210784
9063676074
4749384
4
24074
5884
1100448244
26014184
259274
04
4
221481434
755195784
7529134
684534
4
1545594
44
4
01839414
435204
854
3604239924
044170774
474
6904
4
339750424
0621693694
63439394
8460981404
0347184
34782884
4309280444
4
604319584
2798524
5534
414322154
804
4
1334
8144574
3658990414
5724
304094
5186424
4054
4
4574
47254
501574
6441820774
253214
8664
15844
304
04234
19969744
4
767203774
5914
4
904
584027544
2486009694
0000464
414282004
74
1105744
44
00997724
0604
872544
3627132794
54
800006254
894
584
7959212854
094
086544
4464
1718804
558010124
283544
4904
74
2624
97894524
85944
2834
551107194
5774508914
27064
3923574
70943034
50604
8746944
4474377834
75188524
0897366434
1887374
2621444
207024
854614
15604
4514
4
1478633074
4
24974
5774
4
794
52744
252384
04
81534
693064
77274664
2836195724
1263642344
418114
4
3602074
5129354
414
4
7524
54
90514
508284
971316974
4734
7654
94
94
9285154524
4
851842264
5482804
4
2406866644
06653704
91914
48783594
963894
136929234
6422634
5006484
563764
4
1974
2235094
0765185704
7700852844
265776444
26329454
046954
4
237734
1644
03076034
0423974
042984
17896004
4
01801744
1184
08824
29074
93255684
504
4565435544
21384
93346244
64314
05464
7303474
474685674
74
934854
344
2633784
82297964
978830304
1034
4
414
474
1394
941724
0591454
74
42564824
6882064
58854
77977914
35283254
7814
69904814
24
3915174
136174
098224
4
9712118124
4
7697404
4751364
81214
494
5114
54
656013774
358714
4
599004
560081234
70173634
74
184
07532484
8184
766905554
4994
13190844
4
5650789314
44
58344
1043542474
4
284
13411834
78694
4274454
517330954
4
58404
624
8346434
14
174
0812764
4
4
3884
224
14
92595874
781663974
9354
465037204
214
513877564
01264
0004
84604
403204
03794
36525414
2572107904
54287106
4
763190724
24
504689844
5411524
3604
384
14
66764
0056296774
804
3054912504
80570644
115224
4684
8070994
59614
31524
64
835454
568604
0064
456064
81563204
4674
247344
49764
9204
55006614
42848104
077554
9695026634
4
313566234
1543423504
74
76594
07574
64
3465892914
2516403314
94617954
94
10924
64594
324
34
24
2294
64204
4
4
234
568274
1855664
8073828214
004
8494
9737364
4
74
3755314504
74
4
2655284694
947515931
57354
023534
331134254
5584
8897295244
0729324
0031774
8052424
87154
37234
725069274
4
460324
514
1382474
173664
106139244
7584
84866174
56700594
037874
719994
686674
03744744
566664
204810764
2945024
0737959504
405174
7194494
595991014
4
705249254
7204
373234
9987076064
004
4
124
8574
139914
2929024
318593054
1076531434
4409487754
158265144
307439234
6304
7078252584
784
77905704
027919164
9134124
73084
4564
165304
411404
714767254
54
046084
784
2533774
858759124
1524
294
1474
9613004
34
4
4
71334
695595014
89484
80104
840904
0724
9866002744
4504
684
4274
39364
03272704
35414
0357324
04
56245254
373283474
615144
0035384
39264
5164
890154
6812534
4232854
3529404
788753524
704
244
54794
92332364
4
30413794
284
4
63760184
2361724
1246894
28952904
4
84
1204
07034
24
76537234
45824
774
2417300354
4
74
4
378834
4
2647818214
9363526644
0846004
04
4
63043364
122124
5602914
4
1704
52270054
3504
4581764
4
1081774
778824
767263744
614
4583304
0950947424
4
4
7030094
4
594
74
838223214
115827064
915415894
374
71554664
6166174
795533854
829392514
81050194
204
6154
4
1801169584
254
614
3458881124
7670150084
688162974
4554
444
134
2151900234
34544174
474
23854
431146884
438179574
09924
4
0922294
621441894
4
09037864
4
29254
52384
067014
14
43776974
521444
5694
59333294
0534
164
08664
9664
62538344
13534
214
79983214
82548494
64
27392324
01384
17504
35013664
914
2724
7734
723564
37154
643394
7184
6865034
6624354
1973244
662459084
554
6734
954
260174
64
417352224
34
4
1554454
614
694
13714
840274
578153314
694711674
422570154
21391604
3848184
4
896594
74
850136704
4168294
474
844
56187064
1195409934
7092254
5165044
296095674
0244
6224
61324
612198014
9474
7975812674
34
44
255858044
494114
74744
3829083684
8499614
8181614
094
134
80224
2611223834
524
698774
194
644
42403274
1418084
49321934
7263503104
94
5290506364
5254
016144
96507334
108877934
84
340184
3114
49224
34
60194134
810802194
87974
6714
8474
070284334
44
098804
4
09429974
3914
584
523894
813844
4
4914
4196343084
629556304
38614
1377906634
74254
64
27854
60844
2419061384
74
8607654
30904
777681104
41210274
277344
050124
4
414
434
95804
4
285270634
38798774
3884
64
214
74
76217864
8094038104
615964
347884
334
4
018525224
6474
57984
94978694
67290794
9658324
42624
74414
4
8766544
4
397653994
74
914
7214
34
889819624
94
9042364
06807224
856825994
4
985066784
5404135894
18880284
871984
5114
66384
834
90399774
4
0698457014
84
44
4
7054
48695244
3874
636894
182154794
0296123144
77644
14
4
894
6404
9024
54639464
2365484
152304
1959664
8061086034
216587014
4044
04064
53390294
097784
62401494
84
637384
892915804
35138524
14
64
376524
10082914
641085194
97944
25763064
71914
632444
74
76124
314
5454
044
0935511864
714341414
4428614
34
1274764
3306562374
3464
6644
4
64
5956084664
478136314
164
305588234
236744
646494
83594
24504
4534
04
5450894184
1584
74
92842324
67253964
025224
73314
4
94
65264
246203894
2960209434
40793814
0007521524
07903604
48814
5418199614
4
99144
3517860804
54
11374
35434
4434
0055404
143534
737594
4791193134
522496164
4712914
5944
04
2506884
432065234
54
6254
234
4
54
4
09964
834
714
844
064
926014
4
000804
97104
00988674
74
01685104
04
2512782064
34
14
59116054
2852288714
269664
54654
0494
79874
544
4
76568404
54
5797574
23996374
904
16614
00316194
04
944
5304
574
7739754354
9194
5344
884891004
8984614
368725954
9480254
52674
4
854
084
42393114
764
934
3478699524
5791714214
95764
78694
4
9311834
14
30114
744
49642024
8244
06794
894
5988153614
364
59635404
0619547594
144
574
3653214034
9504
4844604
6681513654
7495414
54
55619254
4
612574
864
4
56374
4
0404
227604
2613374
4
57248424
60741464
4154
04
905233124
754604
2878022724
83614
124
92157874
0737464
77014
942845004
284
2544
6315804
997668104
137107164
60007334
494
92814
635621414
079364
4384
54
94
804
58894
8047958804
24
8624
8625004
274
76194
770384
664
1228602604
14
94
94
414996784
594
654984
7246204
9434
4
0968238024
677108654
522329424
4
1854
60586234
85504984
76234
6545244
9785767054
2816416884
562644
7682317694
62059284
33521084
11854
70922224
6810754
3348675994
395672864
9074
9941404704
7794
263609764
7424
19705094
5098644
694
5714666804
64
4
4
9354
25062714
24
993721534
39515674
603284
504
641184
4
853713174
0154
20994
64259144
74
3754
25604
937132924
704
59574
77284
194
4
3904
94
4495074
475164
044
786446374
059594
9024464
9334
492224
704
034
800637194
4
84
04
3904
59418614
4
4
18705564
690474
6886397874
64
8818954
02664
804
457914
64
0067634
264
530864
7244
74
2968261934
84
6938334
2264
934
8446153314
6386224
1134
9114
084
84
8414
104
9672424
15899374
9310107144
062229494
80589284
63991964
1174
634
424
28010704
524
69144364
5987834
0252714
2555254
584
7644
73710484
556255224
2954
76274
44
6578641634
085590214
0252764
224
8300234
2376054484
614313044
2804
8294717614
8314
418305234
4393474
8178527904
5768864
46384
00564
3022871654
446704
24
590134
0664
484414414
449644
2787044264
664
804440994
44859524
1974
94
11678164
45911894
06794
6934
67644
1734
5674
9864
8234
136104584
82875594
59494
422235684
8114
9492524
14924
21240494
869694
24
4
4
464
744594
94
15194
034
5334
007814
70474
29494
9174514
06664
914
180834
86644
029249614
14
9703354
24
4
3994
1142800414
7903417404
46614
84
7654
19274464
94
5774
178224
425290194
94
4
43004
594
934
494
5104
783987404
03841454
982633224
094
6138864
292764
94
4
59902484
8163814
229614784
116314
40524
623000594
64794
74
84064
0861834
4984
39954
3222824
4
94534204
84
046590414
4
5324
4
444
31844
141164
98274
8584
7287184
0476026834
3694
91374
1975664
10974
24
4
7453774
6937224
3185976244
474
9101393184
61784
2716184
4
588884
06334
90219614
154
564
7605229584
454
8513294
09174
4
5325054674
044
3354
8833015644
8274
0014804
4298124
4
54744
114
228554
86563284
749417164
64
64
71980974
14
7204
24
4
28434834
83698204
2784
85675914
444
347350184
4
71858974
744
2624
66414
54
3996784
556514
510464
756074
64
27744
204
414
6647734
001457964
04
411064
31524164
880704
04
1790284
48374
54
519010154
460419924
2084
7958444
3772968174
17714
300370564
61186664
65085904
764
074
04
363421374
4
9633805174
4824
4
73783724
4
037951414
012076204
04344
4
5752874
5574
344
604
6844
56254454
985174
96049054
6394
054
01794
85294
4449112784
80264
57490394
94
951934194
31844
64264314
81654
78257844
932414
0978397854
34683314
2191894944
5164
502884604
1596374
4
454
6097630404
141964
64
5102680724
84
25442834
19112794
4384
069334
14
04
5573504
52960824
2574
35094
4464
83034
189704
294
48543164
6664
05404
09804
6694
697455274
58294
07364
894440904
73444
4
864
6693684
4
47465764
664
2004
404427904
44
3955624
644
966475984
24198284
7624
04703404
5942024804
0351114
8106764
4205684
34
4
14156974
054
15146094
23624
02455914
14
0023134
921087114
4
4
60954
1583027754
51364
3817030534
766340814
0147724
426794
806624
1412175584
123993194
4
637074
36314
4
908355834
74
001714
87784
4
69211164
274055184
630418604
9284
2825773754
14
4
54
947372594
7804
3591795274
514
334
044220934
940024
0274594
138575364
4674
307204
3044
1340354
232794
134964
26114
614
054
07724
7184
784156404
1117834
382024
39924014
5768094
414
4
664
9816265494
07125934
29183394
97205794
990384
4
68734
534
2934
2013982244
145954
2454654
1427564
8129834
947634974
97823984
034
3374
3165730204
0110724
03540094
2124
354
3594
4834
74394
957784
935944
560841084
7414
0748572874
79755864
7480414
1464
177996694
393484
697364984
645162344
424
54334
464974
18074
7224
9777624
15560054
3644
8872474
364
4
724
0194
06434
21443144
414
4
14
9074378234
574
4074
34604
4083164
4
4
04
4744
16939914
0323394
9804
1754
7094
1564504574
824
264694
0950924
339834
2644
83795604
712811504
70034
10464
4
884
4
92434
84
802393224
3725420524
0787284
51774
68521624
54
57584
5574
944
8396853484
24
5625554
18064
9785204
96557184
06091244
718655554
521464
584
940023734
4
574
884
9473674
74914
4
793488594
694
31641614
261814774
7171124
4004
102132424
374
002444
8664
0874
36382114
8404312564
999284
824
1004593554
3683194
4
4069641974
4
72054
238644
0734580524
99794
971794
916154
831592844
4933597414
723564074
44
9452844
67106754
80864
884
4
7344894
054
4
1019068934
9519244634
34
8674
1102654
4017364
364
14
164
84
81034
24
4
4
24
744
25644
68346734
183504394
6422454
10144
5453674
94
3508364
284
60203154
4648466264
5309594
4
37549064
654
844
26831194
4958464
7888944
0027191324
058294
3461634
3834
5457941054
077184
31120484
4524
437714
204
9925665874
9542954
214
13274
064237734
8783154
9024
897434
44659684
45474
3644
800134494
9103064
334
775854
104
63253524
44
361421464
48234
754794
044
2664
357387154
82758574
0251447694
14
2174
4
93674
3744
4
950190554
402824
4180464534
230934
08904
664
4
4
35789544
1194
4132126454
992042244
9742644
54
788610544
33814
334
34
3549544
04
194
494
21874
92474
090294
28414
44924
4186624
88046984
424
904
6624
6763552474
424
4
671144
155258434
8677314
7502644
8060524
14
18198604
4
5554
05244
14
214
51970744
04188204
4
54
544
8314156094
164
652827404
034970494
4341724
1084
825984
54
849694
94
4
4
2416187494
565635804
2414
844
4
4
4
7567795844
7444894
4
64
344
756075404
646834
94
74
4
04
204
94
485950624
4
19734
08914
2524
44
99494
6144
5414
4
902988494
6514
824
210631754
810384
4
74
7390334
0954
3336377104
70664534
4
455921234
744
3224
79124
122664
4
5885594
4
5640774
4
818006634
8041864
3054
0750213304
2154
34
74154
934
984
984
2366224
655752094
73794
7004
16174
5161074
84
8074
337395334
811374
974634
494
54
862582884
41602554
403054
44384
44
16374
2934
34
8532511784
34
770324
94604
64914074
4718243944
679234
084
707624
44
04004
94
4
37199774
604
77444
81604
5373184
4
9009604
984521204
964
4
8583534
4
754
4
4
5674
959815654
61169354
