25000
744
90
7460
7841
520
22
0
362
580
160
5480
91
7
11
8654
710
2
531
752
6951
000
1930
1
2
2
4
01
0821
870
17
627
7032
041
2117
5771
9130
2050
3407
691
6672
2
0
6644
191
10
7
880
00
00
81
0270
452
2
031
32
3002
17
817
372
1
854
787
824
4922
0
02
80
50
00
1477
602
51
452
874
3582
47
832
220
57
0
7
20
50
207
50
350
5464
10
1
790
07
142
42
0
4
0522
732
72
1
501
1
997
2
2
660
71
487
4
1
822
6911
8734
32
944
1
310
687
77
1
4
354
6210
824
570
4
51
244
892
871
4
7660
4
1
6041
462
630
0
7
2
357
2
1
390
4272
4
240
492
1
734
4
931
60
00
192
6772
7162
8312
5257
50
0
30
1011
1267
50
3902
2052
4
724
7
42
0604
41
6132
10
4
0870
3122
8510
927
14
7
6897
784
7531
2
42
1
7
641
40
7
0
0
180
9744
4
0330
477
04
27
34
1
4202
82
1
4
62
0197
67
32
5247
920
97
87
9830
200
794
1
511
0
520
41
1
7
120
7
4074
377
9857
611
8520
0161
07
2
54
0
51
4050
8011
4
62
4
831
1661
14
2
9227
100
971
61
4
2857
0091
44
7242
344
91
92
7
762
7524
51
901
654
7
5507
31
8297
3522
30
7
7467
0521
7
351
0712
4
702
64
90
11
0
4
12
64
2
71
0
97
1984
7
350
82
411
862
67
7102
0
1
022
2324
2
910
8987
2
7
960
2
571
7
701
862
1072
4
524
7
3612
1
0
6784
111
4
880
654
2
7
267
934
531
354
1
90
2682
27
557
892
8291
677
471
67
2
7
0
057
967
34
0
14
81
0
41
2
4261
37
2844
7
31
50
87
7917
1
3220
7
4
0
9791
01
92
3494
0
3781
072
374
011
6554
2267
7
130
701
54
3710
2
491
6477
860
54
1
5092
0
3011
54
5174
6011
211
391
30
7532
172
847
0697
887
362
12
7
8924
2
150
7
097
21
392
0242
1
7
4
0
0
467
882
8617
67
54
1
330
847
044
070
2661
12
4
0284
1067
4281
734
41
994
1
334
852
8070
2
47
4
7917
71
5832
140
644
8347
950
5827
2051
8151
307
84
062
207
5194
24
2471
1062
40
0734
504
31
0
9654
9211
1041
874
01
0171
0041
0
3620
124
1602
97
37
10
4
067
6382
522
360
24
5741
6861
711
02
91
37
5174
81
8991
1
12
2
4
7
724
1091
367
64
7
7
681
4
07
84
4
2
47
541
461
954
822
460
70
861
7222
91
114
4
1
2831
1
9900
442
7
4
1
0361
7764
51
4850
5524
1
60
562
4
7777
3437
0714
7
530
342
714
1580
7
31
397
0830
1
3680
02
7414
0670
9742
200
7
7
930
7
091
4
0
82
01
90
7
7
1
292
20
617
802
620
47
150
2
064
3862
0
0
971
5472
17
81
781
20
32
71
44
5101
81
4
60
6934
447
9632
44
50
4
624
21
30
80
0
650
044
12
7844
921
6852
0
1
07
31
17
17
00
131
2
32
0
0987
02
7
1
4981
4601
1
7
4040
52
97
2664
0197
37
67
4
30
20
654
467
1
7
20
6637
2
1904
0167
2
5954
3664
7
5522
2
0
1802
9254
872
0
1
7290
07
671
82
0647
4654
4604
4
930
540
1
40
7
2747
7
34
80
780
00
0
442
3800
907
562
9931
17
0
7
4
744
2267
70
487
0
0034
3284
9907
11
840
631
14
1170
14
051
1
172
0
657
50
0
352
4
2
0721
1031
662
1
7
7
27
90
1
74
6744
194
01
7770
632
0401
431
97
502
772
64
4
0
572
6792
2
7
2
7
0470
671
01
470
2
5334
902
2
24
1
2
80
1
342
497
7
4
4422
27
661
07
37
92
904
67
7217
4
4372
1
264
881
170
2
7301
270
51
2
0
51
70
0
54
1
7
7084
4
80
7
4
7
0
0
1740
7
4367
11
397
1
21
1
830
937
7
4
0107
261
57
70
2052
02
360
1
954
87
984
7
4
9592
201
5451
917
8681
231
72
02
5044
87
4542
01
4
8510
1114
7234
6132
7
8357
4
431
90
314
224
4202
60
3797
8302
872
60
50
81
7
7
0
34
8291
6801
70
8082
262
1030
34
8062
61
267
31
8764
54
4
22
301
00
74
72
4
1227
9077
8521
997
4440
9282
542
2
1744
9114
92
47
4
2
9712
4141
121
2
1631
2884
7
4
7
14
602
1061
82
01
7
0162
697
661
997
7
1
6352
7
34
4
00
01
254
41
207
8890
831
54
6770
047
731
981
4760
9231
7224
32
57
51
10
347
5870
012
830
2
2
5271
64
1
9357
4
7220
1964
7
091
262
887
0
9072
4
61
5040
437
010
2030
84
437
6820
151
4864
34
682
191
7
51
71
1160
947
54
81
12
8764
232
57
2232
6282
861
234
9942
501
3474
1
517
30
7
1
72
4
2
1
21
4
052
42
1
91
9341
6867
634
2
4
774
60
4
187
671
52
1257
37
1
1450
527
7784
0407
440
82
4322
0
6584
0
7840
6947
21
631
54
827
2247
7
4
324
1
1164
437
322
7240
70
82
490
17
752
024
82
600
4030
60
514
7
7
27
9124
2
9774
194
062
31
20
07
4
0
74
492
30
4
27
2
337
20
0
050
54
317
11
2412
320
3612
2
0
0
17
2
8284
7
4
924
250
7
7247
51
700
981
41
254
2
897
4320
4
681
482
9974
054
42
031
7
54
21
1
44
047
144
31
987
1
0
62
084
9810
7
57
27
7
2
4942
2
1221
1004
867
847
111
942
1
741
2962
347
221
4
7
0950
37
60
940
0
0
4
20
5567
1
2832
1
4
0511
0
0
4
32
12
80
2537
140
01
4292
5567
4552
7
11
182
47
0760
0
572
2
5737
0562
2817
7727
0034
6934
491
4
0
5771
7
1194
74
217
2782
84
41
54
7
57
94
744
700
744
70
212
1490
922
4
821
4
337
992
4
7
6334
031
200
984
3781
71
22
4064
7
754
2
4
2394
4
290
331
342
04
2
0
47
1624
1
5344
682
821
8122
541
2
52
870
674
81
7
250
4
11
0
7284
8370
6480
2
0
5234
371
2
21
1161
9931
34
187
667
652
1
84
267
2
3872
982
857
782
9351
1
932
0
927
5012
9601
391
8050
417
0
640
7122
24
304
54
0431
07
1
320
4
7712
2
4
4
4
112
1092
2
41
41
0341
34
91
0
790
70
447
0
2
624
2952
30
324
20
251
6790
2
901
2
1
14
2390
067
1
2
4
0
61
0447
2
60
261
5492
160
441
900
3102
6324
20
1
50
22
64
8127
157
92
0414
440
4427
34
31
242
64
0
221
402
507
7802
64
7
217
84
2
11
114
7607
7
34
934
6220
911
4091
4461
7112
5230
7
82
1
7212
1290
0600
062
732
960
41
180
200
8274
381
22
9192
1
4
74
0
7
379
051
087
62
1180
641
41
957
790
31
627
4
2
1
7
7
351
4872
4
870
1187
0
37
2452
0
91
497
37
7
71
3611
14
9140
3160
4
12
3781
2114
8171
0
21
294
44
071
50
8821
51
67
4
0
852
0734
4
234
7260
24
661
244
0867
20
92
571
0
2
92
3787
4687
24
34
9484
52
920
2087
254
1400
314
0
12
2
7
811
191
27
7834
97
4
2040
97
40
4
702
7212
4942
8880
624
4
64
247
4124
3857
6472
682
51
627
4
117
2451
04
81
31
0
34
1027
4
2
964
7244
7
7
604
1
2587
4
1774
2094
037
84
6097
2952
11
31
67
0
1884
197
0
81
2551
60
821
0
12
7
741
071
647
60
737
4
67
31
130
7420
4620
981
4
50
7040
8932
0
97
10
1
00
1
01
0864
1
7010
684
50
4
852
24
380
7117
811
914
9567
921
7
24
257
711
74
7940
0790
9281
7
52
7
1
21
4
1
7
317
3700
1
361
2
062
771
864
5584
4
0980
2914
1
1
01
4
9252
6537
3890
47
6751
887
72
32
54
2041
3480
2
4
410
94
9822
2
2
9394
9961
3401
42
232
20
2387
9432
17
650
4582
0892
362
034
982
1307
1
44
57
4
844
811
1
437
0720
7
790
0
5880
064
7
2
80
2
870
0
871
84
11
2
694
7
7
2580
4607
9800
07
51
400
891
74
830
62
2664
1
007
5932
0
3724
5584
261
0351
8360
951
5521
4
0214
31
0
4
4380
1
191
384
24
87
54
70
0
1
7367
7
0
1232
2
72
097
984
840
8334
7320
0
4
4
601
7
02
581
3640
5910
27
587
331
6901
004
1951
501
964
4820
4620
704
8060
7970
0
0
54
7
347
02
221
957
12
0110
3060
0
2
51
8361
10
982
8694
1
51
27
9560
502
527
34
7
74
4
387
57
342
5067
87
07
230
5100
61
72
77
2
811
2380
102
4891
1
0
001
6114
827
22
644
24
001
192
220
67
7
01
2
082
272
4450
9474
4
101
1
1
4111
8464
04
7604
07
1
14
4174
3522
687
0271
220
471
0
8614
1
4
2972
7
87
361
092
90
0
751
2952
64
0
207
4144
490
2
77
534
351
371
7
0
621
697
1
2360
6542
0
132
20
5382
24
592
7
1
04
510
34
8461
512
7
682
6171
4781
8980
84
44
6000
8002
2
9540
860
82
1651
1282
34
191
281
557
6922
82
32
892
0520
530
4851
124
51
747
461
34
8282
67
7
81
544
40
2300
730
7
441
496
374
960
67
260
2510
21
4941
4191
54
8607
04
9330
8127
7
7542
664
4870
67
4
8541
7
8970
2294
14
221
2551
492
42
214
92
2
4
727
3114
682
622
377
01
7642
934
9480
84
7
6962
364
97
4
2
477
6731
141
0
642
10
11
4
5462
117
77
6554
22
2
4292
1141
2
924
6104
51
707
791
2
362
391
062
017
491
24
810
7042
612
331
87
7
0
722
7
1
9094
01
6257
6670
4
97
7317
1
44
22
30
2
82
64
1
37
2141
80
0022
52
8221
17
750
4172
2571
992
742
354
4
81
4
947
1084
30
1
2027
2
864
9664
12
2860
417
91
62
50
6734
84
5961
91
1332
60
6521
31
40
40
4892
37
2707
7
060
4877
7
5944
744
0
0
6907
657
90
61
142
684
1
617
6071
370
1
1
54
6962
1750
7912
4
57
8247
740
1
14
4
4
81
2667
2
5417
114
921
970
77
3987
7
5417
42
0757
21
27
680
12
22
40
7
4
397
11
657
404
8551
4
2
154
94
61
1394
54
984
3330
9434
34
30
24
547
7
21
5671
74
182
3840
72
7
6010
47
7
724
2167
881
4
70
732
3361
691
5061
7
6217
957
074
52
4
07
687
8041
9352
1490
1931
274
847
410
4
4
57
11
04
792
57
4
37
1
8022
7167
1
54
3597
82
4
31
42
237
77
7
32
197
81
9967
741
30
1
9181
4
7742
202
937
02
82
0
97
302
222
64
621
52
2404
327
0
81
2
1330
04
5627
001
707
87
11
20
07
81
61
14
0414
0271
4
97
17
0687
51
0
52
82
67
224
910
882
0802
14
421
2337
64
2
980
587
7247
5731
0
017
600
0462
342
0981
2292
6094
21
660
92
0
870
282
74
44
1
932
0
37
7
62
877
8704
1831
4
14
8952
1
052
1
1
0
7800
7557
9902
72
6427
014
114
590
230
687
2580
862
647
2
34
354
07
0
70
792
1
27
02
00
747
4
2911
0321
362
1
1707
0161
02
7
97
8432
22
12
060
34
4
837
1
17
2
600
20
81
37
62
2
154
2
4
01
50
77
4121
417
567
2132
2
4607
524
74
1921
4551
5131
3414
5552
922
7
34
2
62
710
9691
0
2
2740
8951
0450
31
1680
7932
1901
30
7307
8070
831
7
2
01
5272
94
10
92
9061
91
44
7377
4297
4447
5074
9472
0211
7
0
0
7141
3732
394
4
517
80
1394
4544
54
1
4
840
270
5137
32
94
794
5744
0
8332
37
07
7964
4
2972
2
1
6180
21
242
380
001
91
8081
647
2042
8231
80
8392
7104
1
780
61
62
9154
1
4257
0
994
3764
71
737
2
67
4081
931
4047
011
6711
8932
4437
70
8580
32
87
421
924
682
34
6542
510
4
961
4167
80
2
482
742
510
22
872
0
2
2
6142
0670
2
7
2
71
9410
097
94
7
0
867
52
561
6811
07
894
71
52
3850
54
02
9161
0162
7464
597
4
9352
4
4
531
944
37
7
4
00
3107
2300
04
550
647
9174
1
6334
41
800
1
602
7
3440
3241
4542
7
6531
0
0
47
1
30
2
1
8370
0991
864
5314
4
4
40
797
4802
8024
0
92
2
7
7427
40
530
3377
62
4430
4
7
4
2
47
87
20
7
010
20
1780
12
61
7
2
57
94
2
0
7137
74
5524
7921
64
830
4772
0
800
7
4230
2287
20
751
942
080
9524
1654
657
7
7
0362
0
1
6351
01
527
2
2
24
91
114
8954
14
4
11
391
352
0
5127
3932
1
072
511
84
014
2
31
604
5382
6291
74
7691
9272
717
121
0
07
62
241
52
1
2
707
2
1
87
4
1
1
97
70
0
31
6834
97
2831
4331
72
34
1807
20
9620
21
0
2
4
70
2
0
3994
277
11
37
5144
9487
732
970
922
0
4332
170
52
861
0
71
310
90
72
1
620
14
7
4
80
980
07
9562
8337
92
81
1
7
27
372
2
231
07
0
1387
4
44
31
4
4721
967
6317
22
604
7
1
34
710
4
094
1
790
2
27
2197
2
517
12
270
1341
67
790
7
7
01
0
2521
0717
4
0
3810
952
1212
422
60
7442
1221
5212
6727
72
4060
1
22
4291
9727
344
234
7
3917
671
0
17
7727
7
654
7191
3690
9581
8904
607
0
041
2467
014
41
3240
2
60
611
542
3530
3260
3352
6010
0
2
594
1154
207
02
9681
747
494
7264
6520
71
30
90
37
732
362
54
9802
870
027
0
734
11
57
1
04
82
7830
9747
042
431
9161
7
8717
5964
9691
1840
41
4
887
4684
7
2
0590
64
0
887
0
34
7
594
22
2
4
191
271
4
0
101
250
897
0752
40
882
474
6551
2
57
201
762
54
92
0
7140
6637
1
932
840
4
32
757
8931
0
1
1121
72
0
674
872
144
1
10
0
802
07
2
3437
5617
2
77
434
5131
1
7
7497
187
7
012
4
402
2
77
2
5011
742
07
3181
650
3942
4
42
21
902
2914
7942
7
682
0
044
6721
854
1
537
00
622
404
0907
252
970
5681
84
5134
7
6407
0
471
1041
7330
41
5530
40
84
90
014
2
1974
847
044
1
7
1124
1582
04
57
901
4
037
64
61
4
60
181
8004
101
824
0402
4
3041
490
3387
611
2
2
021
457
5992
1
4
1
140
1
1
291
12
4
1
54
5831
91
01
871
07
0
61
062
344
761
20
07
712
91
00
4161
2701
11
50
761
0297
30
200
92
4
17
310
0247
1
8387
980
2517
502
54
70
11
247
1
61
0
3661
347
0
60
57
22
1
2
4
30
302
94
2
587
3864
7
904
77
4
322
80
647
67
1
2
0
064
521
0221
2317
4
6230
544
0407
821
8760
87
10
11
031
7380
847
1
611
1
387
171
804
1222
0
97
1921
71
0557
51
0
74
7
37
2
97
7
121
371
14
40
2
5114
02
5124
27
4
2
2
4
317
702
272
70
740
0200
261
2
6307
1
897
292
37
92
0
6232
1
0
1674
3707
3561
370
1
352
82
717
1
0
81
81
7
252
2572
7
4590
9751
54
560
1107
27
0652
9454
4
284
4730
874
70
27
6307
70
0
0
350
74
567
01
2194
4
880
7
72
207
7
382
0
71
8664
40
77
87
2154
12
91
684
7
8877
610
1484
9314
7
824
6900
4814
52
0571
42
87
0
0
0
47
017
0581
12
7
380
650
97
2181
004
0947
87
0
7
0
0210
72
7
4
0
0
210
1
30
337
0
567
41
1
7554
62
62
2290
4
401
67
1
7
7450
0472
31
990
601
9777
72
761
4
324
4
94
6082
444
87
51
92
337
11
44
71
4
7
30
211
6380
9920
682
7
82
30
030
0121
1
92
2
50
9914
64
352
2
0461
7
4
1
8557
6992
2
6274
92
01
080
1741
0
2934
614
80
7641
7
7020
1
74
7
164
80
0931
992
24
24
4
42
6551
1
0
9380
7
207
541
7
6401
87
91
14
0
70
2204
42
60
754
00
787
4
362
2
67
44
2724
4
150
81
8747
77
77
01
370
651
4
42
31
5321
12
1527
0
7
4680
70
372
1
4172
5857
84
7
0201
04
2322
7
31
0
4832
2710
904
247
101
180
6050
4170
4202
77
21
4924
8307
11
531
2
74
522
967
90
04
9797
5040
6161
02
71
0
9984
892
64
94
0
74
957
354
1
3401
8617
4
2
912
9392
617
61
11
7
1
7197
3900
60
9827
387
8557
0
4
2952
0
4237
52
2
2102
7
6287
4
7
430
1
4
72
60
24
1
460
4
31
7301
61
0
0
21
1
2
57
6087
7
04
0
7350
1290
2
12
31
2
47
8031
2684
7
32
6790
71
304
7594
21
647
337
1
64
2662
0
01
8964
654
61
4922
164
870
1
57
1242
12
6640
332
030
032
5841
4561
0
250
0564
952
742
0917
132
4
0470
4
282
410
334
0
0220
271
1
1
9550
4930
1
8614
5270
27
6207
2
07
72
411
6980
8984
7310
70
2
01
061
7
1
754
1
61
51
4
1
1
2
912
47
992
8234
102
0
0
984
902
8620
597
050
651
7
0
7
1584
27
32
9152
307
307
8387
4740
474
7482
1587
27
2
67
7171
0
7122
4
0
027
04
01
12
7372
791
6294
10
654
04
60
5892
291
4
0
9314
544
9154
4051
11
87
200
461
4140
90
2872
677
74
091
4
7794
91
817
7
1
420
1
3057
21
977
4674
4244
814
790
7
7444
1
6524
531
820
84
1
0
330
64
3630
292
30
2
9750
2
5670
64
7011
1
7
8332
4931
0
64
241
7
181
7147
0
4271
97
1
3162
6430
0
4641
651
2
47
81
8130
12
891
2042
871
847
2
677
4
34
221
11
44
5811
097
27
62
1990
64
7
2584
721
27
1
650
51
307
2
4510
452
9812
1022
07
97
7
0847
4
401
3620
32
02
8414
6830
124
252
0
0
7
14
3451
494
2
0577
500
31
50
62
11
407
1
62
510
3032
2
971
447
6540
7020
907
1
44
307
690
8482
137
184
4821
1
2830
171
94
74
2
2
737
4
54
7802
572
3344
31
44
280
62
61
4422
690
6304
492
8827
4
71
2
74
101
7
4662
41
2017
2431
1152
301
877
0
0210
7432
7
122
67
1
9942
8691
7491
292
34
14
7927
2
697
0607
2
890
9322
512
421
840
371
084
3077
1837
3241
801
532
862
02
0
7971
11
817
82
4
9174
4
0
1
40
2
04
3000
3887
01
134
97
2
47
24
54
472
7082
62
17
7
4
02
91
1
2730
31
6637
4884
7
874
280
8671
3274
440
2341
1861
1
3012
1
0562
1
2
0
1897
3922
851
707
1
7
87
350
730
7107
42
02
91
960
70
70
44
4
644
527
41
217
0
20
0120
0911
581
4
2
9767
5134
81
7
72
211
4534
970
8577
3347
91
571
20
534
10
2137
20
34
580
7874
6770
774
1
2
950
72
14
9584
92
052
0447
7
41
10
2
37
274
80
67
374
0
7260
251
3460
8427
7
8932
7677
1
4
004
872
0594
94
2
4
924
1
9720
0
0527
027
5270
2
810
67
861
7570
0
2741
42
241
291
2
694
47
0
34
97
9254
511
1
70
2152
2380
9802
52
21
2140
0
0
302
1
7197
9767
3184
4101
01
2
1
21
4
7604
2664
72
2
4
892
42
404
2
6811
31
0
2
7
0242
0
02
0194
4
44
2
170
1
970
20
2882
54
91
0
7
2
837
41
4
9892
7941
094
9681
0447
650
662
3841
762
2572
1
027
1
824
51
42
1570
70
641
541
1
314
174
01
780
7
7
2
4
24
00
0330
4
084
172
41
9127
91
2
4
6732
64
62
0
127
0417
091
027
3150
01
947
1834
9102
41
971
0
24
81
00
71
14
1
222
112
7334
3502
981
451
234
064
4
0
54
2890
47
2
820
192
834
1
181
2
8337
547
1
02
62
0
4
41
7
257
5077
5741
2
52
591
8590
4981
37
3801
2450
60
0
2724
4
41
117
5494
7174
2
60
41
060
2
102
2497
9254
74
24
0
2
1
42
97
70
704
0
52
5714
340
81
4
051
457
3621
9191
1
6950
7
841
0
527
734
901
47
7482
47
4851
81
9501
2
10
50
9287
617
5082
8334
091
772
0494
7
1
1
820
714
1834
727
437
890
6551
2
61
24
44
514
4764
6082
607
4
24
722
847
4
1621
400
64
51
2
7
9537
91
97
474
14
7
104
632
2
60
690
7
32
2
90
64
2
1040
0
740
687
8541
8574
4
157
5287
44
7310
9367
84
4911
5377
900
77
7
351
4
190
20
7
77
021
590
42
7582
4
7
8980
50
4
24
4
047
1117
0490
8271
9240
64
4
1714
5862
21
50
8992
704
4
70
0
2
032
50
750
2
500
971
021
7
3971
307
2
7
1
6434
11
6712
1
2912
3372
2761
7
6160
730
3137
0941
7281
2
41
484
12
0
120
47
87
94
30
9060
10
84
6654
951
21
02
107
491
4
252
10
0600
44
91
084
7
0
1260
067
801
80
82
381
7474
90
584
8102
687
4151
3601
4804
034
4521
294
2
12
1162
2
80
00
62
1
11
080
1072
0750
6681
2
424
830
8032
47
1
27
6254
0852
31
87
1
14
124
592
9534
22
572
47
600
3397
767
60
54
1
107
2
1
2430
7
02
330
4
72
71
6567
7
1
1
301
71
0412
2994
462
51
487
9572
7
84
652
12
914
222
4
50
2
5981
5037
97
727
2411
3807
0
661
4
51
6824
7
564
87
00
111
4
97
14
80
60
7
14
74
90
7
7
7
7660
4691
5491
37
9582
00
814
4820
44
5847
80
7110
6667
50
34
21
7
01
3062
3824
0
240
7214
10
07
4
832
130
797
4360
12
2
54
41
8630
2
74
7
3597
4
22
7
122
67
100
202
4702
9681
4
077
0
77
2
6834
3274
3127
51
1
90
74
7
1347
10
4417
60
7
681
3977
4
031
07
2
4
620
807
512
3404
4311
970
2702
2232
61
0561
777
0294
1
17
10
222
1282
64
04
1
7334
67
3521
7
871
1
27
5504
4
1631
124
1
2861
9872
62
50
9230
2707
7
0922
32
07
0
514
1
521
4
0
2937
32
0452
2972
1
24
191
21
7
887
6204
241
1
2117
2
47
2
0
087
0
450
7
8721
950
4191
40
82
057
1
4411
460
9952
54
51
0
80
7
0
431
2074
604
84
462
14
7
7
0
5864
0
12
87
6744
31
72
672
1560
857
7
27
5060
67
97
654
822
0844
624
182
37
34
0
4
9237
2831
42
72
141
872
662
240
64
90
7944
4
2597
57
482
21
37
7361
0
17
2
024
0
601
7030
767
1590
1657
64
5482
4
2
57
87
187
0
8340
50
7
5967
17
70
4222
4
154
51
0
7480
97
7462
74
192
892
1
72
02
4501
720
67
381
4274
7
542
31
0
0
9461
4
4041
7521
4
064
72
4
6171
7624
17
01
6747
34
3207
3632
7
070
2781
92
4
70
20
4987
04
114
7
380
9457
7311
8677
60
1922
42
2
371
801
2
2734
84
4
320
164
731
044
1
11
4
464
1
354
30
734
611
4
77
52
7
4044
4
14
150
344
6197
24
320
51
51
927
27
81
961
1
2
20
054
4001
30
962
0
2244
61
0
6337
20
30
80
47
742
167
434
7921
77
52
0
0
2
462
8887
5924
92
4
7217
357
3532
1
351
41
3870
42
6684
1
2
52
1314
042
822
11
011
7
552
2
70
4
02
607
1
97
2584
914
4280
9624
0
571
684
74
20
1
1
7
60
0
7
27
1887
2
2
907
4
660
8382
6002
37
2
390
3830
71
1551
54
6600
21
757
4
4021
6691
81
942
5861
2662
0230
8892
9800
1
2601
62
1
82
1
3842
7
077
87
2
2
0
44
500
261
322
0
1
6572
7597
31
5884
10
102
251
1
471
161
687
77
1461
671
1957
081
957
0
634
1
94
30
71
60
30
97
94
757
544
770
1920
844
02
604
91
4572
27
2
8712
0
5891
4
14
2
317
17
11
200
90
060
94
2921
000
6777
590
581
5880
8127
7532
4
12
0
104
4
2
4
8534
7
21
7
0
7142
010
1
7
4397
7404
14
9374
94
0704
337
367
2264
7
2
24
5701
5912
0
0000
1
070
52
1
057
84
8024
562
202
74
9011
0072
6281
474
324
2352
4617
42
3601
8974
944
24
181
407
4
1
12
37
91
1961
422
0
662
3101
4
522
20
451
5182
2301
920
3430
77
232
4
74
37
770
760
492
5017
2
0
092
4367
060
7
724
2650
8990
92
5752
90
0
6634
92
47
1904
4390
3837
254
3330
1314
1
71
82
2030
0807
1071
30
8864
17
282
84
47
2
881
2
40
792
4
950
92
2
7
71
000
0
2
52
32
592
0
0177
0971
17
952
01
507
12
4307
3994
2584
572
1
60
5507
9114
1304
11
21
91
4631
2
0
0
3021
0760
7
11
1011
612
310
41
222
4582
41
780
477
62
77
02
5930
790
7
477
4
0
4
71
51
742
9792
07
4
4132
224
690
7
7
8761
554
22
8220
8947
234
3921
81
850
187
914
2017
641
7610
9250
9534
0
344
20
8681
360
04
34
0911
32
072
44
4367
9691
5212
150
2
2
0
1
7110
4
6320
9841
4
4
041
544
91
37
600
72
3702
301
3822
04
921
61
060
9551
10
1
30
47
4
804
472
0
562
2
4
40
8601
4
5742
1
1064
452
5612
2167
6352
01
080
3294
8630
8534
7
1
30
667
114
2
7
31
5560
40
371
97
31
0
0
0
507
72
8340
681
6271
932
2870
940
57
17
1
4
771
1434
3930
684
562
4480
4454
6997
217
4
377
4
390
8802
6757
10
1
1187
74
22
42
1
581
32
17
1
620
57
581
764
1
0
531
6817
4
11
94
9520
1
1
97
04
2
7
4731
10
9870
1
984
0
8220
34
2
0282
8717
910
1
00
1
2
1227
2891
561
814
9127
6680
7
0
40
697
4797
9854
2232
1
42
400
0030
62
6520
600
64
752
4
11
7350
1437
4
8021
2
00
6080
604
827
8202
0
1
4732
037
830
811
644
12
140
827
4
762
891
101
4
7722
2
1910
212
4531
592
1
261
0557
0
2790
72
701
1704
01
32
0
0842
31
37
4734
630
702
92
61
31
4
1
2
5820
047
42
011
0
342
554
34
7
7
8002
12
61
61
60
690
81
7
41
2
4117
0557
74
1812
0
0
7
5171
1
6000
4
2
22
17
30
2
71
911
57
002
92
7
34
1
781
0
3107
850
1
50
881
7
80
591
4
3320
161
501
2
187
1391
3240
67
92
130
6222
61
81
0091
4790
412
44
9812
977
742
6262
4
100
884
10
64
01
1172
2
6344
2991
87
1
1
3247
64
302
77
330
780
0
342
1
1150
9221
20
40
47
24
54
704
797
0
527
7
6261
0
52
5750
467
4
327
782
04
632
762
451
4857
257
9357
1362
4
04
192
901
7
2731
7
937
1
1
4
5090
440
5701
1
3117
0
7
792
110
21
392
50
64
0
21
6827
7
1
4
4
592
307
04
620
4
9341
5732
47
4
650
71
07
10
50
052
4
72
00
01
491
52
590
2447
3457
74
771
01
7
37
1
94
11
377
657
8397
5102
7924
77
7
34
444
4
724
9110
7064
1841
154
7
87
62
0
7
0
6060
9957
54
750
4
6631
57
2
650
6882
4
5382
2
2
84
510
9812
424
1
764
262
394
00
01
0367
670
3884
5222
52
32
4
5891
2572
9522
267
91
622
9410
737
4
67
1
0
841
6811
632
11
71
32
151
2800
9481
4424
40
950
2
1
770
4
654
1
192
1
4584
812
04
777
97
0
934
0
7
2
51
0
971
241
6612
3971
0
7
390
1
72
0
7
2
7644
627
5944
6451
3080
7221
6784
2
82
742
44
4
57
594
590
0462
2
1
537
314
634
440
3820
4
637
0741
2
04
42
4937
867
0
814
52
32
7
5742
4
1
12
02
81
2
1
1
71
684
4
574
4
937
1
282
4474
2
4
1
1
101
50
10
4080
0
671
1102
870
1
1160
2531
90
450
4
960
044
62
9461
2
0970
72
541
511
71
561
90
820
8634
4
1
7047
7637
722
4341
11
7
4751
260
837
70
20
0004
8874
4
7
6357
07
2
2421
92
4
9002
5642
0640
847
41
90
5747
854
160
4131
37
1
2
92
4
227
6044
3444
352
54
1904
1932
74
24
7697
7
8810
7
830
9112
6820
7917
0440
9142
31
4792
412
90
1571
9361
447
1202
977
030
42
1827
177
10
174
667
01
7
831
7
8330
0
0640
94
97
67
7332
0347
3512
430
074
67
54
70
72
50
414
2692
1994
2
884
6204
820
791
4520
9171
8641
80
2
42
0632
00
430
2
74
1841
62
854
52
0
0
22
77
021
8491
2130
1
00
760
77
71
677
172
1
0880
724
71
131
17
477
00
742
7
40
44
600
11
057
2
4110
5594
2
7
501
2
890
322
8977
47
0
3952
9627
60
1664
144
164
0
67
0
3480
1044
2562
82
2981
2847
1
6422
30
734
812
332
77
4
271
692
24
5412
1
5002
1
57
8544
72
5762
991
22
22
0504
0
0
51
2670
2
87
2
0
2
831
7
22
7
0
4174
64
0
0
0
0422
24
504
2850
0
022
11
7
17
71
1740
1
864
2
162
007
24
8737
337
4
937
1790
0
8132
5912
97
0
42
5377
42
7
9720
1
0
8937
6524
640
27
9270
9904
7
5967
272
52
0
2
0072
730
7
400
9292
1171
600
72
0402
380
4790
8921
844
0
4
1744
1
4
84
2
7
7
1
7492
84
64
94
1384
60
2
41
827
4180
512
2897
4
974
7780
94
82
2000
114
7
34
40
47
81
112
852
7
9437
4814
8444
1541
444
214
94
482
040
7790
4487
02
37
61
910
950
4287
97
37
991
4
507
514
12
1
27
9371
7391
531
337
61
884
7
3520
321
7
587
97
0421
34
0
0
02
154
611
552
40
01
2
32
651
980
41
00
804
8097
010
112
800
04
287
7201
210
7
41
7800
61
1194
81
2
367
2204
4787
71
4810
41
00
0432
502
060
962
70
42
877
601
942
2922
817
24
7594
451
070
4
087
2
914
342
2
1
381
77
872
94
5571
2
622
2
57
01
4
04
7897
814
692
1604
20
4
2
2
2
2
61
691
37
1060
8180
6907
0
5461
191
357
0062
394
31
14
1
104
697
377
4
9640
1
2
734
7
952
0
4
504
62
47
4
037
0
492
8480
944
630
1
72
124
6902
0
77
561
9690
7
20
12
010
4
90
7
3771
3767
371
4
3237
67
0
2392
1617
8522
40
61
10
27
4
4291
8357
824
197
614
1
882
4
010
0
420
3401
1491
2
561
32
1
4
737
7251
57
5250
0
8691
0327
60
2
1952
242
2360
7
557
820
1050
2790
2
70
0
477
2290
682
632
0
0534
1
17
2
37
6544
21
4882
274
7
280
8332
8030
7171
5830
5607
1
0
5871
0577
867
71
2827
1
44
2
0110
71
81
1
954
031
0
7470
1
767
97
54
4
797
9810
42
92
82
7592
80
04
7
0170
84
060
121
174
7
07
171
2641
47
3001
7
464
080
2
0
10
07
9744
7
577
972
2
00
6261
91
2
162
91
721
02
8567
1
6061
2
67
32
77
111
200
81
080
7
1752
780
501
830
581
4
77
021
50
7
2642
2947
0612
8770
142
877
84
452
8321
0
0
4414
8290
6377
1897
530
7622
4
50
74
0
1
4
670
4
0
0
991
41
42
322
2167
7
4134
2
90
704
7
9082
0067
8012
94
64
7
810
57
2
992
012
2
7
381
34
47
0
4
9912
652
0
050
61
54
217
1
332
0472
84
7
0
1
144
71
5362
4
50
67
1527
4812
1
7832
1
2672
72
27
2187
7
1
2
2
012
380
4441
182
2817
247
364
717
651
0
331
4527
1
44
7
9794
231
247
6737
0
2
12
182
2770
0
694
1
14
3962
4
3471
4641
350
600
62
4
140
7
4
9841
70
331
407
650
431
80
961
877
32
940
2
30
4
92
0
1707
2
0
90
9990
0
5421
54
1
251
54
77
51
2371
2
1000
5777
9971
080
5024
2
677
0
1
4
2
822
0
77
644
67
0
74
672
94
64
7867
157
84
31
1421
17
7
92
672
84
8787
342
604
70
3180
910
11
872
21
064
2750
7
861
1
0
71
6192
447
4
464
31
1
351
40
141
84
34
4
522
17
0
4
430
2
767
554
22
541
12
0534
1
14
8320
481
631
410
1244
7
9710
1
0
934
8102
240
4
277
82
2597
1272
62
870
7
837
4
8492
60
47
1131
371
397
640
1262
697
6844
111
931
720
2
1
4
67
91
5762
3322
27
31
5662
401
2732
1
70
1614
4
27
11
074
3312
1241
04
0301
1
0
2672
327
751
90
4
071
152
60
00
3412
64
4
821
1544
0
7517
552
0
860
304
1
02
70
4
4
814
07
5261
202
7
80
94
2
04
4722
484
1
5932
400
71
4
901
9952
4
234
8862
32
71
631
5454
1
604
5804
07
770
8390
920
0
1
861
0682
4
7551
201
1627
64
60
14
1
7
2
54
3250
1
81
401
77
71
87
920
917
8500
9497
210
344
4
311
27
2
4
904
12
162
242
0
7
1
3831
9520
30
60
0
0
9644
2
84
890
150
0
7
4
3132
20
0112
211
991
780
1
4
2
1
24
254
540
164
7
4411
4
4654
9531
50
87
7
197
0307
281
830
0
61
6154
7
7
0
651
02
790
6310
7
1651
21
724
34
7
1
2
392
432
2120
6377
2027
14
4760
14
5924
554
992
27
982
2921
494
21
61
0
4292
8374
510
8514
2
82
41
767
4617
21
7704
2060
2294
460
537
010
1
614
91
552
3644
00
1
764
6770
00
22
0327
390
4150
4
284
7
217
2351
27
60
3277
0932
8610
332
1
921
92
0
0
32
7
70
52
260
017
31
64
0
1374
2
21
87
97
8871
34
6161
77
0
150
4482
17
90
0347
597
120
74
950
62
7
8907
651
6731
811
0252
57
961
7760
7964
627
080
0
192
824
360
624
452
1
9281
5872
5031
6601
04
1
1
4
74
94
2
0
0
627
10
4
631
121
7
4
7
450
6872
57
270
1
2420
07
2
780
4
3704
112
954
532
1
41
41
00
57
4
4240
031
31
32
594
2
082
250
2
287
151
80
0
2
382
0
44
8720
4
1622
0824
2727
591
147
814
191
2
680
20
1
17
07
4281
1842
72
7921
40
0
82
7
0
4
7
9511
4722
582
9511
07
832
67
14
64
1
400
744
70
0
607
7
062
4780
2
7
890
62
8550
1
4
691
2
2
5172
1
0
7832
810
07
5550
0
467
21
014
7
8781
74
1680
814
11
32
1
331
990
02
34
257
704
4657
2
422
22
614
11
400
241
7
20
61
912
9880
32
37
1
70
97
12
82
02
701
164
1240
4
8650
761
4
922
052
121
17
790
51
42
54
7
1
670
62
50
24
77
2710
0461
427
0614
4
4
8520
6607
3444
124
000
47
67
3542
3392
3731
410
982
51
2
92
9034
070
90
4
82
2
071
1
97
1
0
1
1
4854
1
5131
800
20
0
7
2
2
62
7672
7
5660
4627
4521
612
5774
370
4
4702
4
84
247
284
14
5112
37
1
77
0
247
404
62
2
7810
2644
40
22
2
4
257
52
1
534
5651
77
67
00
82
852
7614
917
0
714
220
84
6091
4
77
4
3097
04
1087
50
412
892
07
22
4
51
4
0
5572
357
11
367
4
31
1
7
210
52
374
1
0
7
5261
022
2
01
0
91
312
701
2441
44
1
7
184
2
1
94
4
8287
731
6584
4
0
0882
037
771
2
71
1
4
32
6707
7
50
0
2961
117
4
8104
2
80
3922
4554
82
897
0
1
12
450
0
0782
47
27
194
54
62
2
77
02
380
71
1
32
94
2
7
5434
1051
820
264
5207
697
140
0
970
181
8021
9894
942
2
927
140
70
4
02
1507
02
7
7
764
721
1
17
82
317
71
622
6991
121
02
0
1
350
51
7307
82
90
7857
02
591
14
7
9707
994
72
284
2992
3581
92
4
0
37
347
12
2577
47
4
91
352
47
22
7
4
1
014
940
052
7142
97
14
0347
572
4
1
8114
12
14
04
722
04
1
8740
251
012
0
130
937
81
0
32
20
6062
081
64
297
4
977
1
2
32
27
27
22
17
601
3847
394
07
782
2
0
2
87
3531
4
931
97
6394
620
97
57
81
1
6594
3224
82
3252
5991
11
0970
8732
040
2
064
577
4474
02
1
0
41
4
31
6551
7
50
8600
72
0662
1
261
14
52
0
87
972
2787
40
02
2522
47
94
87
9154
87
037
2
3400
6977
2
74
50
1187
97
5204
257
652
52
9202
494
21
6710
70
5834
2390
54
51
7
400
2
4
64
9887
01
0657
0874
50
60
4027
1
62
47
07
8730
4
1
1
41
0
41
957
4
4790
6330
931
40
867
7
64
9934
1
0204
111
54
162
8317
21
67
1110
431
1
5147
30
64
1
2
11
7991
0
7
57
4
9634
17
090
4
0
0
31
7
40
52
4814
1
34
80
4
1
0
597
481
4161
8160
352
2
7
1807
60
574
4
2
3522
941
70
532
82
77
37
0
317
7330
937
7
444
8800
77
1851
817
4
54
0
7
0
064
9051
042
894
170
4
41
0680
14
1
9601
577
7
0
2
87
0
971
4
1
1742
510
2
21
0400
4
7
5140
4
0
904
04
864
7
4
412
497
8851
10
0420
71
080
160
2
361
260
21
0537
67
1820
3272
1240
404
1964
741
2
172
3474
0
4372
2
22
4754
651
4
8031
0501
562
3212
84
21
0490
6520
64
862
62
77
1502
231
5010
9481
657
50
7
77
8654
1
3612
47
91
1
82
757
1472
644
92
37
4507
0
2154
5960
37
371
3762
17
24
5220
72
094
5930
217
1
5070
5974
684
2
381
717
440
990
3352
02
362
4380
467
3907
6084
07
2830
9047
60
0387
817
674
4
0
47
557
0417
440
0037
0
7
40
001
7
214
54
8711
17
640
927
140
2
4
820
64
981
704
4
71
6194
4327
2722
10
4852
1
14
4360
0
0
7457
6614
0
042
4
010
57
837
7
4
7
0
7
6270
10
80
20
0
734
40
2
71
104
2
1
54
1
2061
061
31
0
397
4641
7492
44
054
7124
842
4
1404
962
6402
537
64
144
004
380
4
3967
02
220
7
90
40
2
30
812
544
4551
872
21
31
371
47
2434
9670
5831
54
9384
2962
0121
637
651
2004
67
2
294
3244
6302
7
167
081
450
7624
7
42
32
2
4
2
72
0
534
1
0400
04
0
892
4
6677
174
261
0
27
2374
1244
890
14
500
67
3821
511
3832
10
087
90
744
61
1051
354
80
1
41
5932
4
570
87
7
1707
2
2
7
0824
91
411
421
1
50
810
1054
7982
61
5710
120
8842
01
8797
37
7
7117
0
572
1610
2
6224
582
150
34
467
24
7402
8352
507
2
0
941
137
47
7
30
702
0
1
07
922
71
1460
8752
14
87
27
8500
2
7
00
971
902
91
321
21
077
6714
9160
7835
1532
584
0
4767
454
540
0
7647
700
44
2
2291
31
6694
2
1831
741
7
97
7592
81
71
7630
9714
6412
1
9681
7447
1
782
7
10
894
74
9182
11
2
500
2370
0570
70
7037
40
764
4914
2494
0
411
7
2
2
8314
7
2
7
27
3611
1
110
0262
550
00
31
964
82
4347
0107
7
27
2
0
500
7
9084
71
7024
1
0650
1
81
7
7
64
2
792
70
9581
27
921
7
4
890
81
1987
52
054
7
254
832
0
0
4462
0480
1214
192
424
9444
91
872
341
2127
6197
11
422
27
067
1681
31
97
92
554
4
740
464
4
7852
2502
40
750
0
30
207
132
90
20
64
90
1
9001
4
01
451
0
112
110
600
4
8240
20
912
270
074
34
2
4
92
3961
5120
8292
6367
477
324
8692
1
404
7
0
6891
1027
3461
7
31
5682
7
5104
1
3097
9972
00
6781
00
871
90
720
17
11
60
2
5467
7101
8087
97
7
74
584
9241
92
920
3791
502
4892
4
4121
64
770
922
0
390
802
030
4
391
94
87
4311
52
24
54
317
7812
5361
32
1392
82
402
0
414
274
014
870
67
632
454
57
7
064
987
34
150
9247
52
4
60
9392
5812
0600
110
777
864
9302
42
3572
77
24
81
91
91
007
1
7
7
97
11
321
1720
162
2737
527
42
4
1
21
34
30
8574
21
70
30
7491
2
4
71
641
52
720
81
7
3417
2994
7
0800
2
12
7
7514
4274
597
20
782
0
62
462
0
61
71
82
9540
7
24
2
374
7
4512
0
197
04
0
01
730
7
2
037
274
2
4
0
3257
554
7
2780
70
2
32
0
517
374
477
9020
0
00
2
944
7
07
0
9710
7
34
6481
57
7
70
1921
844
4502
22
7
0812
7
541
3967
40
6844
830
3752
1454
0
2
907
2
50
81
970
4
71
7677
4740
2922
0
892
2
567
747
60
5517
91
10
4
90
7021
92
7
51
11
632
100
7494
7334
9920
2
6560
1
2
280
2
7181
71
281
70
97
30
034
42
667
3821
587
1060
67
507
2547
2742
2772
180
1
04
1301
8617
1804
91
2420
781
254
371
5562
617
7817
2
890
5192
20
351
1174
20
1
67
402
352
87
577
247
177
10
8357
81
5940
024
780
4
3662
570
7
4
110
22
60
7
57
4
847
2
20
0
11
2
2677
62
490
284
4
890
60
0182
771
7
140
262
7
40
60
614
184
0891
1771
4
2497
0652
1802
1
10
7
6237
4
817
6457
0
0
74
3891
7292
2
4
2
62
41
37
3834
17
374
60
1721
1022
70
6861
1
7
2
82
4
2
62
0
971
4257
372
51
11
820
12
007
27
77
1
3984
6431
74
0
2
4
8374
2621
6240
187
01
5784
00
357
6427
0
272
614
304
632
51
0102
190
7
14
4670
400
7
2
60
4644
561
431
231
2
27
7
7
0
770
1107
62
9881
5362
644
24
3732
9074
9747
8244
14
607
10
777
051
2797
7
1571
0
42
6070
297
271
404
2
5684
4480
4
7737
87
1824
600
0
8322
22
21
80
3974
2477
2
604
1687
7
787
20
1
41
37
990
0
4
0
94
2
4
9047
2
7932
2
840
302
991
4
311
7107
940
37
2
4287
4
0
4541
0
1
9220
7
1977
9227
72
6472
62
487
42
0977
24
71
74
54
91
1027
57
40
94
2410
6814
2
7
862
4517
64
64
32
8412
7061
901
67
3032
47
2327
992
554
962
432
1
80
7261
2
8534
10
5621
57
351
3181
844
22
621
37
250
2
1
302
747
1
0851
4
02
227
9631
177
524
774
4
27
14
47
2
7
592
4
0767
4681
7532
20
3074
962
7501
254
9287
4
7111
1
30
2
47
0
121
72
2
350
0
4092
7881
0511
410
91
1631
97
110
091
4
07
670
32
70
524
6690
8284
731
5781
267
3132
287
274
787
90
4
71
2
162
0
822
00
82
3780
664
847
611
612
4
84
41
47
621
2200
22
922
0887
1
42
750
247
42
8372
4427
7
31
0
060
4024
170
2794
11
42
1010
64
2
912
0450
870
574
814
3184
34
24
1411
42
592
0
0
67
4
6104
71
8241
80
82
2
7
042
337
091
8192
4934
0
4
17
4191
5502
52
54
974
324
2
4647
322
02
31
00
4831
6851
32
282
664
5100
2704
71
204
752
2
321
1357
74
834
5734
7
597
344
411
87
200
2
7
17
8501
4
61
1
7
07
34
910
072
90
0
14
9082
0152
024
4
27
654
2
970
0
6857
0
67
7840
5002
4
9670
957
72
7072
607
1
1
811
34
22
5080
257
84
4
1
577
4
141
6141
854
5771
42
1927
27
394
5347
00
7
1717
7
8071
530
667
287
440
240
80
17
397
510
4
4
4
840
6131
297
357
9560
881
1
712
374
671
4801
4
0
87
2
570
851
677
3810
4301
3024
1
060
1
0
4
134
4
0
34
7
2511
40
324
4
582
4534
1
591
7790
47
540
91
4
1817
14
7961
7
962
8942
02
0
050
7662
87
1
4
7
1
1444
2
0
8930
707
20
1
1
7434
51
444
6584
024
297
484
71
894
60
12
1
67
177
14
4
2
2811
567
42
91
2360
750
60
2372
551
61
00
80
4
780
32
2
2594
934
50
6321
031
580
11
3954
954
0
7
81
0
6411
9794
6634
204
84
7760
942
4
1
0
1087
784
090
1532
1244
0422
07
852
0102
2
07
57
60
3477
34
7
0
1
770
2
04
6484
90
00
1061
521
4
1221
20
2
092
210
01
734
9054
224
44
67
31
2960
5017
62
4
7
0
40
31
11
9827
1
9152
4
1727
461
7
84
321
24
1
6594
2
0
0
70
74
454
2
731
1097
602
301
6602
177
4
70
61
54
74
91
1
941
410
991
674
14
342
881
0024
77
302
7
0424
2
461
9842
67
1081
0
020
2290
834
44
8781
22
4961
1
0104
311
31
34
61
7
684
70
62
8207
1
61
14
242
9117
27
0090
842
662
40
6131
4
7
1
2694
842
717
7
2
7701
5112
6944
62
1714
10
8951
2
61
0
27
04
62
4904
717
5840
91
1
8380
0
61
80
14
22
297
7234
04
537
94
04
7
531
6274
01
54
92
07
2
844
8737
157
7
4
7314
7
1280
224
77
170
3434
554
94
9411
2484
721
70
232
7214
141
10
0
0
74
90
587
67
4464
684
2941
02
4
90
0
40
9994
520
7112
4
4
1
300
2332
0834
3234
704
7804
802
811
3207
17
1
514
8224
22
22
4341
2
244
61
527
2
657
5234
8577
2
37
67
12
8182
1
411
1
930
557
3567
6667
52
1
551
1224
730
4
01
917
4
3377
0851
7
591
220
9190
4
07
8562
697
8904
452
8131
8972
77
144
1
1484
7002
9561
1
0750
487
77
1
682
7
4
0812
01
1
32
77
337
24
320
1
531
427
1514
6732
151
764
77
331
84
1
087
1857
461
32
1
2
137
01
2
407
54
581
1
5842
4
72
47
267
34
70
7
9014
27
47
22
17
44
3751
7
2
84
2
422
5024
6232
44
2
8320
04
181
121
6182
174
11
811
4
1
40
0522
790
2
71
1530
1397
2531
600
4
8824
7
482
1
4
0
0174
2
3592
9907
31
581
1
194
5477
4
690
654
77
21
040
74
872
172
71
1
80
7
1
64
7
6840
3641
8150
5027
8094
4
72
2
4
4102
462
1
2
4
7
510
7
51
642
8650
1697
3232
074
70
97
0
01
2822
6307
6007
9281
5914
41
74
2
30
812
44
590
302
71
112
0711
80
0602
1
14
1751
210
8491
54
7
1217
717
0424
6037
7
22
50
14
61
41
764
50
454
82
0
7
3147
27
241
0
71
2
182
1071
201
4
3601
7967
4
7
52
1
654
61
082
957
7
562
160
4
9392
661
2
7
4124
7
1
904
60
62
8740
7410
0387
07
6900
872
24
4
51
747
7
5647
902
3384
587
77
47
7004
42
424
31
90
91
0
7324
0
240
6950
1
0
2090
80
2644
70
2
1
77
30
807
7
251
352
6791
842
937
4190
00
80
2
80
7497
71
001
477
4941
432
7
2417
651
4754
4
460
1790
64
1
207
3334
1
9480
1
27
0
1
082
351
1130
52
350
2271
42
2
4
284
7
74
1752
2
821
5191
0
620
87
7
9530
194
50
0
41
10
4567
02
4
792
11
17
84
3537
1
1161
1
84
6610
7774
6891
21
682
0
4
57
91
0
1
4
2
277
742
0
694
6990
177
607
4
797
3721
7
777
2
732
4
2
67
12
4
5511
7
417
177
50
294
4
617
2767
492
1
532
827
552
372
7
0
944
2180
122
530
2087
7
510
931
21
62
01
2
6117
5580
2
84
912
80
7
514
4
260
242
41
11
1
0
4512
2
404
27
97
4
30
7
7
620
970
5382
9467
257
6552
97
4322
670
7
6201
871
4
37
752
2
3570
4
3737
451
0704
61
382
5520
0
7122
387
8130
12
2
22
0152
4
2
7
4
07
61
71
91
3990
482
62
2282
04
7
951
14
2
4
37
47
0
0924
0
4821
7
0377
41
27
772
7761
3651
7
074
4894
1
5411
6837
32
52
7
7607
61
32
122
54
2
57
01
7100
540
9070
3372
1
0
3834
9684
4
2701
2
17
64
2
237
6187
9877
217
4
2
3300
1
1
197
11
992
047
5294
691
7
4544
1
2
141
8914
101
277
32
2
672
490
437
7332
0334
924
060
34
0221
7
0
4344
2552
91
590
94
1541
37
081
87
1
57
864
90
917
2
7
71
11
872
52
511
1
6784
757
34
934
4
751
720
4
0
2
72
964
52
97
942
4
5091
0
90
2
010
944
472
0
30
9340
60
4
2
7
3260
70
9691
14
92
150
40
7
50
847
71
724
20
8082
10
0
832
6504
7
64
84
270
7
132
517
1342
1484
02
7894
7912
42
67
01
5532
0
9737
0
0
3867
3052
7507
4992
90
47
4
27
5920
0
102
0932
600
4817
4
5192
2
4872
0737
9071
401
7
7007
52
71
0
1
04
0762
712
851
4
261
4
84
1997
70
91
1757
074
04
7
2
64
6691
974
50
7
750
7160
6474
3461
870
947
4
8460
934
3392
557
2
6157
4170
7
7162
7
3057
0892
297
2357
12
114
7
4
2
4
222
057
17
47
17
74
0
1901
3114
8231
5582
31
8460
2892
41
9367
17
8064
1
00
1
5857
462
4
7
4
44
72
7642
81
7
060
0
87
2
382
831
0974
67
882
4
67
7807
790
7
9734
3701
22
01
9472
790
24
687
767
720
5331
2804
3547
77
5070
4640
7
1
77
732
44
22
0414
642
272
037
327
72
0
97
1
237
3754
04
7
37
814
8070
2350
877
482
77
7
7
544
10
4032
60
067
824
497
312
010
9707
7
4921
72
32
732
4
41
841
1132
7
4
42
680
34
2540
3084
30
7402
272
67
22
5422
01
0710
9512
5910
21
0
204
62
1
1902
9402
1351
3644
611
4014
144
9204
64
2
14
24
477
1702
9551
5704
0024
2
24
107
87
117
2
0
00
2
4
0
0204
2
71
051
180
22
302
704
64
4
567
8947
17
242
67
174
624
2
0
04
7
4
9661
47
020
0
037
17
4
1444
6664
62
4
42
4
2434
2
82
7137
4
4262
1167
4
62
392
767
0
240
4950
64
87
41
4
207
030
0
2
2
944
070
2531
710
0371
7
2
61
70
151
6464
9634
7
00
942
61
7
041
0837
187
634
502
41
4834
084
1
784
9241
4
3820
571
4201
1252
330
21
4
3947
81
4107
741
0270
7950
741
90
52
182
0544
60
7
182
2
4
1257
572
6687
0264
942
272
214
1
8374
4
8752
12
1
042
0
64
280
2
4
357
97
8560
364
32
34
9344
441
912
4831
5421
1
0
1362
82
6061
97
0040
7107
142
674
784
4811
02
942
2237
7191
7
21
0
902
50
1
600
7662
9047
84
234
17
4
7
37
2
1730
7414
5304
4341
64
0
1
074
917
5200
61
72
481
1972
1
50
21
84
51
70
41
4
290
602
91
37
62
77
511
0
204
0
22
2
300
1232
122
54
2
512
464
7554
74
90
47
34
17
2
32
11
02
7722
2
4
474
0
2
8890
27
984
14
7990
0
4481
42
5617
04
864
72
07
312
1
491
24
874
701
974
1
34
21
51
881
82
74
14
1204
4
97
47
9220
431
0
4662
7
0
7
4684
261
411
347
810
57
070
91
7
1
9324
7
0040
2
84
4441
80
7604
2
104
714
2
862
2
0
1644
2
297
21
4
32
70
0380
4
0542
130
11
027
67
3341
791
7580
764
97
3764
01
021
222
2097
1
54
3142
87
082
8464
02
341
54
842
4511
0
4390
1
722
47
541
7974
51
037
7421
54
01
4
881
861
972
4
7
52
51
30
0
0
5311
7
92
2987
351
0737
80
21
71
1
834
01
62
571
382
2
60
530
012
91
482
74
5612
07
4
2
17
4
057
907
21
4
1371
9677
4
0080
247
9942
4634
961
0917
6351
100
312
44
4
34
712
8792
792
02
4
7937
4
1
872
4634
7234
1
372
2
50
0
3904
180
4
257
9372
061
07
2
84
1
991
4
681
2
01
42
64
87
7
2662
14
910
74
761
140
7
597
27
807
990
1
62
12
6112
1
897
90
7
4271
624
201
2
487
0222
867
81
4
9570
310
04
584
041
54
314
4810
417
4351
2
71
52
50
2132
162
581
360
7981
4
57
1
60
2060
552
832
67
1
0
0
20
7
9791
272
261
2
004
7344
24
932
330
1494
8337
242
4
97
707
47
4852
77
1
4
122
7
2
81
932
27
24
124
812
8244
1
7
6607
774
4
90
984
7
4684
0027
6411
2
1
2
9147
921
4890
650
5500
1181
22
91
22
14
17
052
9784
1
1
332
2
734
3922
72
832
897
672
3031
567
3504
600
7
181
0
3310
780
14
7
74
922
82
4684
097
094
4
57
671
1
634
4
5604
884
1004
970
4431
31
9737
1
91
1
150
1
977
890
9780
2
650
91
0961
1
4
21
7
44
8084
64
1
7664
310
80
34
4
0402
54
00
67
50
1
5841
0
2
41
310
9911
0014
34
6812
72
77
20
7
797
342
9641
87
944
14
2861
617
432
1
974
7
3481
1034
12
90
7
182
5497
31
1712
67
3510
21
50
0461
11
5790
21
17
0
34
7
132
681
9864
42
2
50
2
0112
0
20
40
22
0
160
32
570
384
51
987
7
3230
30
31
0787
894
741
484
0230
74
1
847
5150
671
4097
60
9360
67
72
51
3544
5331
002
0
10
254
8447
1
4
7560
1
7
40
2562
0
5962
87
34
172
4357
451
3117
54
71
371
0
0
4
0201
14
4790
82
01
37
1
482
11
344
0
0
100
771
77
31
4752
1
24
0590
8544
5284
4
4
407
7
41
987
71
1
94
92
22
72
884
487
2
21
4591
7
0
4
14
4
460
4
1950
640
0
1
0672
8391
9290
4
7972
62
7
071
0831
2457
242
7
6914
11
4
8832
0
2
2
0320
2784
472
74
8510
0
1
0
97
790
9294
024
0
3580
82
041
662
087
8781
40
50
0
4
0
4
617
47
8434
4
694
8290
1522
1
911
31
1890
50
360
0
952
784
24
7677
5180
01
3172
1
2152
444
9380
330
21
431
7
934
1
0807
1404
7
1920
52
04
4
2
761
1
0
52
1
4414
7
0
704
50
550
80
4
9150
264
362
50
50
0702
6031
0460
964
567
494
057
982
6911
4907
07
1
281
5017
250
1
4
141
1317
4
44
3074
8080
0
5192
7
057
352
4
1
0
424
41
087
91
490
60
0
974
812
6752
0
360
0
2
9372
0064
657
0
7
5180
214
0
7264
7461
0
0441
24
2
610
2522
12
722
8777
7
731
0720
1
77
741
0810
640
3931
31
7502
734
207
7280
4
3397
22
852
5217
64
54
1
637
6324
81
561
654
30
411
2920
27
7954
47
700
87
97
30
51
7
987
67
1
9882
7
3181
4
2
0441
627
8047
4
320
01
864
1
30
8904
61
04
00
57
971
7404
837
0570
2
7597
70
8404
0
2
824
11
20
217
5581
317
4
614
24
31
1
8062
2080
0
142
1
3112
192
6972
2
0
0
1064
911
87
4
10
292
57
121
0874
2084
194
7
37
4
3140
70
4447
37
62
912
91
914
4961
147
3971
2
1
2
1
4732
8732
90
0
5697
162
2
2
7974
2
5877
0
7297
6450
72
4
2
312
202
4
37
10
2
767
60
62
91
614
2
4
0
4
150
240
374
7882
0
2
2
9734
3151
72
52
2272
8521
44
030
2924
1
12
7
262
30
30
541
4352
7
710
862
4790
1
030
61
2084
8427
572
0000
27
1852
4807
2900
647
7
0
4180
530
281
77
71
80
4960
8414
1
8044
164
9504
30
7562
0
831
4
2
2610
0
14
1
8942
7
9627
4
224
632
304
91
412
8802
11
8401
784
1
02
7
252
5747
314
362
704
7
42
861
0370
0057
1417
7074
1774
7
2524
1417
14
1
60
7
0
2
1594
581
517
1
0
162
64
590
0
3882
1
3217
1
92
3150
944
1
20
6297
04
994
3464
4
1
11
130
57
11
7821
7
7702
21
9002
097
7
651
4
572
557
4
44
6291
342
4
41
044
7
9742
852
21
4
0107
84
294
411
1367
327
31
92
4942
2024
570
724
0
630
050
0
2
40
187
450
5710
9177
04
2
0
4270
1
7
47
094
7057
851
57
4737
4
52
000
32
182
5031
1
4
300
9392
1701
2832
2221
0917
92
377
151
2934
7
8102
0682
510
897
22
067
4
37
997
0
0922
2
7
667
704
4442
0
544
1
854
102
8681
8600
891
0
8844
10
0822
40
977
61
640
52
7
140
1
4
7677
280
917
21
7
71
91
2212
91
387
7634
862
8680
762
824
10
0314
07
50
5772
172
31
71
50
31
52
154
9620
1
50
87
244
9990
224
91
2
1
0
64
062
7
84
0461
2
7
01
4410
0
2627
017
164
857
60
6680
57
584
6504
2052
7
1334
17
41
2
3287
6460
91
4254
2
07
0
50
57
167
21
2
1
602
9071
6220
707
1862
4
487
6532
2
830
97
80
2
0
987
7
74
31
30
0
4
8881
1
0
42
5214
74
77
30
10
7
51
91
90
104
7841
337
92
032
0
41
7702
7
0010
7062
760
384
8921
801
160
907
691
2
214
9191
2
091
9112
024
344
51
7270
0
2
297
1
0
72
3314
4102
20
1
1
634
174
6402
270
4
1
7
12
564
27
2
7222
904
532
0
632
0
2
04
70
504
0
2
080
021
640
652
061
7612
4780
80
1
7664
8177
51
337
8372
061
14
91
20
9524
42
7572
2
30
57
9617
3390
1407
741
2
1
757
42
142
42
20
801
24
5307
80
1134
901
2
434
302
4
457
17
62
7
5512
174
787
1
8070
7
31
64
6681
3232
087
11
751
5130
02
2892
92
4
4
6804
97
5794
6782
6377
62
252
1
6412
51
6850
71
7
9474
702
2
7
8824
34
0
6672
42
202
0307
704
71
4081
0
031
684
437
641
370
80
642
0544
7497
34
01
97
521
64
594
0
3462
750
80
4664
4
7064
7
532
452
2
0242
2
1
7
50
1
424
8871
07
82
1401
5474
1114
031
40
5637
2292
4
9234
0
731
51
2
134
084
664
50
0
0
7561
60
572
7210
954
2
380
1812
4
777
54
930
17
5087
6197
4
1
2
3680
41
720
22
380
20
2964
667
241
100
4
0467
70
450
3804
8344
60
84
4
80
57
072
21
57
0
1
1
942
0
4574
2
2421
4
0350
72
60
7
7
1
847
02
924
231
7
01
4
970
82
0
154
470
581
4272
312
2362
7
92
54
54
224
90
52
37
492
1
3037
557
352
81
1530
4
980
30
60
0
94
367
4
61
92
81
5280
507
2
20
951
30
74
0
7847
0
3104
2
770
8617
67
2
7
71
4564
94
9450
587
1
80
60
0
2464
0
14
8881
0
2634
9502
81
87
4
1822
14
4
0010
337
154
20
2801
54
2764
2852
187
8921
602
4
720
097
41
4764
4
7701
107
9660
284
701
431
3971
4
852
42
1524
54
341
480
640
97
54
4
91
2924
9197
22
54
0
792
1
861
4
1
957
4097
52
2
2601
354
2431
2887
10
54
0
997
7417
47
60
4631
2
044
784
14
7
31
94
692
7
4
052
14
100
0682
091
40
0030
02
57
11
9224
70
132
94
4
1
851
1550
9384
74
8650
1
7
60
534
4
112
7431
30
0
050
7
6644
882
997
044
60
3404
612
9184
67
242
537
1
01
47
57
41
1
4257
1
851
27
542
0270
64
524
1
4
312
5582
8200
9251
004
344
687
5274
0
8271
631
1
2
3507
90
614
2
4711
9894
32
3097
651
372
350
8551
757
0
057
0
5274
0
74
4
1
2
84
952
7
2
0
0
7
0
6894
80
0
7994
40
337
27
330
1
4150
1
4527
9972
0
8471
1
4574
2
2960
7997
21
920
22
5317
7
60
1
0064
80
767
001
54
240
960
7
727
5861
777
8924
537
902
502
82
11
2
7634
0857
9154
20
21
21
117
7
47
91
02
4397
4252
4
00
5471
70
62
3132
7
2152
4
1
7
5290
4
77
7662
9400
337
4
1111
10
2
6081
902
6974
0
04
60
917
037
02
7447
6740
4161
2
61
3957
8442
52
01
3540
4297
01
4431
2981
4941
217
40
2
8234
2
7
20
14
82
7
254
4134
1
71
0
7547
37
611
931
14
7554
0
804
174
3277
840
2431
3630
82
187
12
71
31
7
9247
10
1
01
1
2841
537
71
67
522
294
24
8322
7114
212
2597
364
884
60
9064
17
1320
861
1312
0
021
30
4512
7
4
434
0
3677
3091
0
937
2214
472
42
2
0
972
0
9867
181
1011
1
7
4
7637
0
2
9990
87
40
450
6330
251
4
40
7162
7
8524
3467
0
77
3501
77
794
20
3331
622
90
01
684
7187
4861
414
00
67
80
494
7
7
9474
9560
9451
92
611
3194
4540
994
142
631
780
4
77
120
92
4987
697
787
2
932
367
1
9011
0564
9520
004
37
37
4330
7
810
82
812
62
4481
601
47
2
0084
654
1200
0
7
7
10
617
5502
37
37
87
1054
2
72
02
7857
17
9697
7
650
7
1
0
1982
711
884
997
960
541
47
9800
2
7
67
61
907
3167
31
10
1884
4
80
1100
331
97
62
2
4
0
7664
6962
7
1
744
52
7041
762
3491
4152
482
592
3864
30
4
350
5147
0
7
2384
9421
81
841
0
5171
0392
224
7
70
4
4
892
0
940
31
02
9372
092
21
07
6977
62
1
8854
10
90
5804
0954
91
0
01
050
0
401
4
3851
2
2024
824
2
2
784
9291
6514
71
884
717
1080
72
1847
77
0307
90
432
0
880
61
1037
3931
2
2
92
781
1
9664
1
0
3737
22
701
0
8040
2
790
3011
190
31
2350
0
301
0374
04
12
127
2
1
252
4
757
87
7
0
961
80
314
44
281
20
82
552
6627
0
5471
72
4
444
807
814
0924
8401
4
51
391
50
7
4
80
241
17
04
434
4120
671
24
687
74
002
227
1
7
22
57
50
4
24
11
282
1
4624
30
112
660
7461
782
21
5847
42
41
814
5054
7824
07
04
914
7
11
7
04
7217
2
0462
480
1
30
0422
132
1
34
60
7917
61
767
80
4860
197
577
780
02
991
22
67
250
0204
60
14
4
2
7
7
7
82
622
684
300
00
3587
27
4641
4
4
62
8981
37
721
257
0
2
74
5781
24
7
162
451
674
40
6922
7
464
1
74
7322
3791
2
8167
692
54
1
97
390
307
042
7
511
034
30
0940
51
1
331
2
114
2201
2774
2
1572
4912
0311
4777
62
30
074
34
447
8494
00
2731
6510
31
347
7960
7
5297
5702
8684
3191
324
4177
9251
2
41
51
957
2020
2
14
77
7
4162
1862
4
947
1
41
4
4
1900
14
2022
64
834
857
2
597
2
14
57
250
2
0
4
60
750
272
0
674
691
5622
0
8934
7617
5057
02
1
987
6380
904
887
0914
1940
9854
1
3867
57
1
410
02
2657
4
01
2
4
5761
9061
82
241
0177
67
1
50
222
54
0392
761
110
7
44
2911
92
1
40
64
87
8241
1832
882
7
8052
27
1890
5534
0
7
0
3960
7
941
11
01
944
062
57
61
74
4
062
8680
7
0
67
6467
717
4
6887
3987
4
322
9440
3047
92
24
967
1481
1
7
94
32
3230
4642
497
7
9042
7541
084
71
71
4
7
334
0861
851
064
750
4152
980
72
0
591
10
370
80
74
361
01
44
6654
1554
562
84
0061
2412
7
0477
4
1
2
62
3847
50
0
34
111
677
4301
8190
07
42
60
1
837
1
87
52
0
964
952
4
4
1
2
1014
022
62
0
3101
872
652
104
2181
0
34
781
657
7
127
064
4004
2
952
2
031
117
54
9044
24
97
67
1
84
4
717
90
3581
1291
97
7
801
801
632
31
52
11
5232
727
7552
477
0654
830
0
2817
450
3437
280
04
40
6850
7480
7787
4301
20
92
7
504
4
2281
02
40
61
2670
0732
290
651
1
47
884
902
2
2892
652
0
9531
244
6502
2364
6541
7
154
627
770
201
9580
27
42
8001
7362
710
9187
4
4577
3637
6230
6284
44
2
914
0
6110
57
0480
4437
194
7
0
024
042
3374
0
07
91
967
4
802
0432
4627
7
032
2
7030
407
492
2517
41
97
780
0
5710
11
91
7824
0
57
60
97
294
020
4
6510
402
10
1
4684
1
52
60
6420
290
77
311
27
4
60
137
5847
117
8754
1
7241
0
4
0331
4
222
634
04
427
2461
4
0
3684
8894
21
431
2471
7
2
42
8410
510
1
3622
2
4
431
2
0
101
84
2
1
90
7347
4
2190
7
511
4551
12
5221
71
2027
2
7
44
90
50
2
0
330
84
0
4257
101
950
580
2444
67
00
8172
9170
011
02
472
702
27
70
4
1
430
1
362
41
10
87
440
8001
40
580
0
7
410
7841
512
0
752
44
0
954
2
7
312
1
5851
7
834
7701
5151
50
0
1
364
344
01
940
7
3070
2
4784
9581
7
30
07
47
7
5704
022
342
00
0
90
8121
287
2
187
0674
54
0
6841
4
0
597
2
0
580
944
760
7790
04
1
464
230
562
6242
70
4467
24
862
027
1
1
14
4
614
374
534
434
697
2
32
2102
4
01
12
377
1057
6197
027
6754
6637
9990
7
354
4
4
844
27
4
517
8754
337
11
484
77
547
0
4
4
6392
2
471
91
52
024
7984
4872
7
814
3202
4
6420
07
104
7
2614
011
3792
582
1
1
4
100
84
4
4031
0817
22
347
522
4
34
7867
6157
7
4
0
04
67
2
8880
0202
92
44
2
3057
0182
512
292
022
612
362
2
34
374
1827
7217
0
087
0002
047
00
401
1
87
7494
6497
4
1
20
721
30
850
11
301
5997
8347
4
04
61
52
0
02
8932
77
0
7
831
2
954
1470
3991
4
441
6731
072
0
7962
4
21
5412
2
2
24
152
292
7
90
4
24
82
7
57
932
67
971
674
7
81
227
720
0
37
2
570
922
4417
81
2
9717
3882
61
4140
1
10
931
264
842
80
2
0
217
0
850
60
8922
4084
1882
0
31
911
0
720
9881
4970
691
41
2111
2
452
07
0
04
4
2311
791
44
760
9584
4820
6537
81
4190
6811
4477
982
57
41
6252
0
6812
2534
024
830
0
20
1
2
210
082
37
0
2831
6500
5310
71
4244
62
70
7
4497
2
544
981
80
761
14
0214
2
4
337
281
1900
2430
0
490
44
882
360
1
50
27
40
4
7851
1
2
9282
0
757
14
1
872
6992
01
30
0
7544
72
6660
0627
20
541
0
270
11
4
571
847
0582
261
02
1321
2
2
7150
80
3487
27
1
2
51
7
1
0
422
41
2
0790
467
9252
37
4
161
30
12
2
3767
537
34
4
7
192
134
07
3584
0130
7
1
0
3634
2
5270
472
44
2
8890
307
624
647
51
81
04
7
337
51
4
2401
2922
147
82
71
0
9751
790
5972
0
82
0331
3924
132
1
54
4514
1307
421
2
4784
882
7
22
2
1
91
0841
7
0460
4691
07
7
717
04
77
9944
02
0
2
70
9202
947
6911
227
24
207
631
1
41
20
7
4
362
0
4
1620
324
8220
1
64
014
14
0
332
24
982
3692
770
441
52
201
082
6960
2824
2271
2814
7
4
54
5662
1464
2861
3637
3452
7472
7250
42
2132
7
72
50
1051
4
02
97
4254
7
9300
7
42
11
6207
42
50
4
6122
7
9462
74
174
4
161
6314
972
911
1307
6230
947
14
94
404
4754
090
0
54
67
3797
70
372
822
067
87
70
8887
8811
180
4230
44
6790
192
31
4
14
4
70
2
10
5617
5820
697
861
3190
5990
74
20
4
61
3532
81
4
91
2
4
7
7
4654
81
432
42
0321
714
7
3121
7982
380
8267
64
2
7507
2
41
2
32
3350
974
3920
121
91
0
712
7267
9541
8087
37
1672
97
34
6850
227
62
6521
74
1197
14
710
4
21
2354
2
7
101
837
892
61
40
5102
632
441
81
7
5197
3242
1
0761
70
7
7
50
500
1
410
6597
474
44
0
0451
40
91
4
454
90
5231
2
4284
1591
97
011
3351
2121
2
0412
340
817
72
72
70
0
07
2
0
611
0
3840
9684
7341
300
124
9737
50
1
2
40
4
60
7
44
820
4734
912
64
00
7
52
780
2
5281
1
51
31
3442
010
2817
64
1
81
41
91
0164
87
371
871
42
1280
94
551
682
00
2
20
4
7901
197
4
2
7670
817
7
472
4
1
990
4
0
2
91
531
7
77
277
921
3842
00
722
154
854
407
904
864
24
5674
5617
3304
342
1
9250
214
57
7
802
1
372
2
62
7
2
01
8320
0161
12
8737
9170
1
550
51
44
9444
784
941
3342
3472
67
0777
90
032
2
37
47
81
280
0040
770
5054
01
12
74
2
34
5460
0
2
550
3797
7
6272
7087
360
760
8247
361
7
1
134
552
0
4
67
521
7
7
12
60
6414
44
10
44
0407
62
300
037
402
2
614
97
5782
3972
032
0
2
2
594
8811
6121
91
1534
02
3337
20
7
904
657
9621
97
5301
601
71
8930
2
64
8340
507
7
0
2284
7580
077
72
1
4
140
1
620
3811
041
384
0
77
557
07
481
722
2
6164
4984
12
194
7
2
3767
4
34
0120
2
2460
12
077
0247
2971
1637
1
974
1
7
24
642
41
00
4334
6591
94
621
762
52
1577
4
2
202
2
20
7
8331
91
2
811
212
30
42
22
671
07
77
1001
802
1437
61
11
9931
30
1640
64
737
2411
40
5492
67
44
5160
684
351
1540
4
8642
197
060
784
272
2
4
2
2
937
70
0
1
11
4
4
7
547
9867
0
5037
0
060
0
8567
12
2
92
532
482
522
7471
87
864
22
9550
112
431
5592
44
6182
2
4
6571
34
10
7
07
8397
2
5330
01
3172
2
867
71
184
2
792
0
0
51
2
0
2
71
912
171
112
6724
1582
432
37
27
0
4
17
092
3841
1
4
2
4
3397
6802
9660
811
0
74
0
554
4
577
4
2064
3522
2
3901
062
131
1
212
1181
4
192
7
0231
917
91
64
7
37
3720
584
780
6794
0
0207
850
0
672
21
54
934
1941
7692
34
64
4
1562
34
81
60
8462
1
800
622
7
82
37
7
6442
92
0987
72
7
47
4
461
290
2
0227
284
2841
2
381
8541
50
704
1182
2
071
74
414
317
1920
751
8704
5917
697
92
2
6560
80
782
80
772
97
952
847
944
672
4
8231
9360
711
42
2
1
0110
14
554
4400
20
7
017
512
272
0667
1
2587
401
2
4
0122
9540
780
270
0360
00
220
2
0
324
3457
6884
2
471
912
487
2350
6380
82
3324
024
7
014
0950
780
50
5657
90
9254
571
701
8242
582
52
482
20
157
1
232
6687
520
960
557
40
0191
44
517
3234
57
91
0
370
97
617
6792
124
22
242
31
891
8457
51
2657
252
287
934
1
841
54
74
322
821
21
677
6027
1050
3611
84
552
412
21
1187
372
902
6920
4162
72
002
00
7
7840
7
7310
2232
121
627
10
3484
947
4
464
557
8641
060
5307
174
850
0034
6227
674
7
21
1
0
6217
827
1
34
6834
527
920
200
77
0
31
02
57
907
7
80
14
54
4
00
9480
434
0641
91
52
20
80
014
67
0
7600
1
7351
67
8661
40
2
4
1
861
464
21
0050
924
462
8110
471
430
300
2
0
1340
02
2
7424
2
92
5421
244
8030
0
5234
2
87
7
7
52
072
8617
4
82
8570
7
447
271
2717
51
3271
992
562
97
3672
2
482
190
142
4
9510
7904
0
2
7750
82
6770
1
14
851
174
37
34
372
0
242
8144
342
27
0
4
54
0
0132
660
2910
2747
3170
992
9161
9760
61
4
7
087
61
891
1
4707
57
1367
2
0052
7
7
3511
190
02
2
7111
47
1
77
90
867
027
72
591
490
891
0
20
17
6087
0
5121
1
9302
134
1872
8181
381
60
2
330
67
2
41
294
4
02
4187
1
250
980
990
072
314
82
112
70
5674
8320
102
1
5560
2
162
3681
1
664
34
530
3244
7451
02
94
5922
062
32
51
540
8092
021
84
994
430
60
30
9131
61
9641
00
4017
6982
97
857
37
4
0402
2
2
54
4147
4
214
82
60
4684
80
2
9822
521
142
554
7
397
832
7
4
04
2
74
862
094
7
654
32
1
4
81
17
4864
5871
6320
0464
060
02
47
722
172
54
0987
0
2
3017
591
72
82
7020
0980
117
4454
11
550
672
0
330
2307
7707
870
01
71
2
42
2
700
57
347
41
7
242
81
9984
941
27
6391
14
5682
2
1
1
2
2774
811
00
9082
8524
1461
1
641
2
21
82
2
4
5901
22
0
4
2
890
1
1
5621
2
5912
27
7
02
801
67
081
4
747
047
8644
1
34
9650
4
77
2287
4
934
91
0
930
6867
054
360
87
2
5814
32
6344
5067
41
00
0542
7
00
10
144
2651
91
3754
350
9911
124
2
5481
8374
42
561
211
44
051
42
022
107
2557
702
7901
234
0422
9977
1
074
7181
2122
47
800
70
72
967
2
4231
8610
4
9504
61
60
0
1
414
0
22
561
21
074
7
60
2850
31
2087
70
3201
4
81
432
40
1
2
8302
1
284
00
351
8904
142
2
7
520
2641
1
4
992
130
81
6492
217
57
1
1981
2
361
2
0
2624
0
8097
731
4
327
62
52
0
44
91
944
9641
227
737
0
8367
4
82
90
64
481
1864
1
7
02
8662
682
6090
00
71
40
1477
7
897
81
184
984
2
517
91
84
0762
52
4
7
7
0211
1924
1661
1
202
844
534
2717
874
6727
9751
520
8764
4
181
1931
242
7
2
0
10
1797
891
2
5471
2
0950
1
02
1470
924
602
402
174
47
152
6670
410
62
582
87
1
7
1
82
562
8512
7
34
4
0
2
6042
17
1330
67
91
247
80
0831
57
891
32
917
754
4
27
807
1
0982
0571
2
24
7
2
0
512
7367
90
2
4
40
2
4254
1204
1
52
032
8172
4
87
17
8677
971
47
4790
2624
82
0
7
210
7
484
610
82
31
92
682
3807
11
87
054
72
9497
7
090
207
311
271
2342
9300
3412
17
450
554
2
54
9491
02
1067
4904
667
04
7597
7
540
84
2784
380
91
5321
7802
6652
4
4332
341
577
307
117
21
3380
44
32
441
80
4
7
8364
6094
7
1
0
480
0
0862
1
182
000
6617
62
6904
2
90
2277
0
6574
4
4042
371
7721
0
14
4
30
7
2
457
387
70
2350
1474
631
6832
61
20
481
44
324
02
2
9851
0052
0200
7
1
0
7
67
61
5724
322
0590
5410
052
0147
0
637
000
1
0
1
2
0
514
8040
104
4
7
14
50
20
7860
7
9134
6611
60
64
0
11
5214
1031
2
651
122
4
9624
7
70
2302
212
37
2
32
22
7
9664
1
560
947
4194
0
81
9544
77
2
3921
2504
1
70
1
84
177
7460
7977
5637
34
2
514
024
034
3870
0710
47
50
90
7
52
91
22
4
6662
3554
744
44
82
837
664
0
34
0967
1
81
5860
84
0650
5234
770
5350
9277
14
9330
490
7902
072
461
4694
0950
0
3500
7
61
4
3247
32
1
2
1
8191
3547
7
4
91
8112
601
97
132
31
50
0662
8034
3594
81
037
4337
7
2542
17
790
6171
82
187
934
41
4
7
0994
60
947
112
7
807
111
6607
4444
64
6577
77
14
431
0
281
764
511
6304
282
0882
9351
87
8250
4
0
0
7
77
0
21
2
1800
567
624
9281
20
4
6787
050
3562
887
0
62
991
5427
8497
34
4980
0
7
4
0
7
1
30
1
844
7
2407
600
1
80
8631
1
4660
1
6337
104
4
5932
7580
02
9690
162
911
4
1344
72
84
4
021
7431
7451
084
37
4
7267
9394
3524
2
07
5220
9277
07
812
11
744
81
51
71
2
107
421
9122
24
6034
742
27
770
982
5674
0591
321
17
31
781
382
2
927
4554
060
7
671
91
2774
11
8652
4
40
1
47
1854
087
532
07
40
3287
7970
9027
97
8502
47
04
2
571
8504
0
844
0144
7
652
4
972
2
8722
2
22
7
44
4
3712
11
6941
20
2611
911
0
5171
4
91
654
8862
242
014
4
6112
9351
207
14
250
90
7
402
3671
0551
1972
1
50
341
051
4
051
4
2712
00
621
750
2
12
0
817
0137
71
0
90
694
422
7
91
77
41
1
64
80
5017
0
701
81
232
60
1
4
957
7
0
6191
732
212
4074
92
04
77
532
4291
81
4
7
41
5584
7771
11
70
52
51
8514
462
771
4
501
472
0
517
61
1
12
34
311
3497
54
3404
2
687
7560
51
4
14
30
3331
5367
67
8577
67
900
4
740
2787
1
850
90
1652
2752
1412
1
04
87
0847
1
77
4
1522
77
9357
31
4
671
950
924
051
982
07
674
4
41
7
01
7407
3324
4
597
8914
801
530
4
314
4
5441
0
2
54
4
4
091
64
1
40
32
170
7
00
180
31
2181
0654
051
51
2
0800
37
600
4351
2
4
60
91
882
12
0
037
501
4
7
254
6690
84
1450
354
12
502
42
9741
34
12
960
537
2
121
07
2402
341
107
194
3312
5392
491
47
71
41
4607
42
40
37
0
811
4
614
602
860
434
7070
27
3824
92
757
30
74
5972
707
502
7
22
491
4
1
9490
0
0
2
92
60
1914
61
422
424
52
51
0
521
360
82
0
947
40
974
81
1
9384
884
7
7417
757
557
0
1701
2
3491
5232
20
7394
3311
294
01
30
080
20
5614
7
451
0752
34
662
380
4507
134
60
2
80
90
631
82
3574
24
271
67
621
0714
324
857
302
994
92
62
7777
1052
834
81
94
5412
1
904
2812
5774
881
2
47
0412
404
772
9064
2
340
00
1224
9120
27
6224
1441
02
9462
294
7
20
2912
1781
62
984
964
5670
0
72
0071
2791
7
7
082
7
40
3961
82
641
0
5711
040
760
1
51
1
5854
3760
72
1
54
2
5367
441
30
597
92
3022
117
184
5212
7
7
40
6732
584
24
174
7
4
9827
9517
4254
4
71
0812
502
1
0111
20
7
770
3137
50
77
780
231
74
4687
80
24
904
0227
2034
4
334
4381
47
234
67
4
32
874
54
4
9500
740
282
0
10
0791
9880
2
4
6887
4537
1
60
1
2
721
90
71
0
94
1
0
544
8534
40
6150
2
884
0
67
40
874
77
50
74
0
37
994
530
524
647
2770
1
37
11
90
0841
311
1
4621
10
4
07
2
74
214
22
70
4
177
457
5237
557
360
3031
852
5962
997
8577
1
6917
150
461
82
1
02
890
7854
640
5694
02
52
84
97
127
81
087
5811
32
4521
1
117
5641
2522
0
7034
60
0
482
64
52
2454
37
530
0
334
4542
9360
950
662
0
20
1
801
40
72
61
687
1
10
07
2
7151
90
0
4191
7
8092
7171
37
11
062
727
90
3992
7947
7697
040
4152
0
92
2
4567
2
72
2
512
702
130
781
42
04
11
7
7
0030
2300
1
101
77
2
1
1
6387
2
4841
970
24
24
381
57
24
7931
5680
2480
4890
62
0711
8164
0
311
550
180
81
8772
1
61
0
160
4
641
412
384
14
0
3750
4491
301
71
852
577
4
8711
4302
17
1202
0934
464
5942
0524
7
84
1
84
4
4
91
21
51
20
2207
391
7
27
7
574
8881
891
01
417
74
717
0
54
6591
12
84
24
2
4
7
327
11
1
6387
42
4
1000
62
3891
714
772
2
8571
194
8187
2300
027
334
4344
41
51
7
6961
34
3751
7
7
6267
4
824
04
41
00
012
0
94
1794
1
81
20
71
2
37
7
4
7262
1
8847
7012
4577
4
84
614
82
47
4
0
14
9531
5870
254
41
7
5554
7
7441
7
1130
832
0
101
792
2581
41
5847
7
4
01
4627
9897
144
3722
7057
020
8647
0
811
4
51
230
1
1
5552
0867
462
92
487
1
20
090
764
92
9760
5864
400
7
21
80
7
647
3431
712
6214
1
457
97
22
47
812
0
37
0494
10
41
6541
712
134
0457
7
537
4121
7
1
4464
291
2512
0
9484
6501
870
81
5482
900
51
6077
2
934
134
924
867
7767
1
9120
570
4
167
1
0
11
20
52
77
7
4
031
50
21
4
7877
47
9232
8101
2691
1532
7307
971
042
434
1132
090
4
0
2637
21
4
02
9104
8707
4
8192
447
1
7604
7507
292
642
751
1
424
0000
0694
7
67
311
060
1
6527
1
60
0
492
7700
664
2984
7
10
6151
0
4
0
50
317
80
737
4120
111
00
0
10
097
224
427
9080
9921
4
590
0830
4
74
727
961
452
120
0
4
72
52
7
1877
677
9114
47
922
787
6694
62
400
0211
7
7
7
1
681
7
4
14
490
4
3611
82
2
0457
2991
350
550
3887
4754
0204
1341
594
9392
0
51
2
2
6044
092
7
022
1
287
5264
907
1
392
82
762
90
6081
3632
2
2100
4654
4
84
717
4
84
97
82
531
222
02
987
1
127
30
67
201
4392
1680
570
0
284
5047
677
8427
1
2
2
07
1167
14
71
30
4682
32
4
337
7
92
0
9987
34
937
62
7
242
011
0711
4037
107
4
10
2
4164
2
790
590
14
1
712
6672
1
71
84
7
577
4
20
1290
0
167
67
61
897
0
0
190
2
6220
7944
4
30
6897
92
7
000
684
2857
751
8797
14
32
841
57
0294
0370
5150
3011
2360
297
70
42
237
12
00
1291
1
80
7
0130
97
117
50
384
1900
7447
7010
5120
1022
7
427
11
12
5141
9607
37
374
0872
2321
9931
74
6664
20
94
2
0
27
4844
1
27
261
12
834
5064
47
460
8600
62
1
7
2270
10
0
1851
597
2
2
1754
7502
0
1094
652
04
27
5594
321
37
7
511
191
84
21
820
3372
62
1
587
1
4
890
2
3152
432
91
92
17
34
9131
5151
34
2
9694
2
3302
8357
517
9720
341
41
57
6021
682
40
4
8401
817
2
442
2
1034
624
1
114
5864
44
10
04
90
921
54
322
0
3664
7
50
4
7
0012
622
5374
172
67
7
8110
8744
7
4617
0097
8872
7
3197
282
52
44
4802
00
82
4
1
2
07
7902
0
41
790
230
4062
2801
592
01
731
91
2
97
377
97
21
9802
562
7730
4334
5921
4
320
61
37
0
04
0
482
444
0180
8544
0997
9537
174
77
441
62
30
07
70
04
54
7
541
2
2
07
4
302
500
4
384
4
2
92
2897
801
7622
5084
52
7290
1290
774
32
64
310
8564
952
8540
64
984
5024
14
4
174
1
997
044
3674
474
6232
0
4
0914
14
4
5102
064
0
7184
7
60
077
267
4
2
2
4
6334
7
1884
150
6800
01
627
601
3650
4
0822
227
2
4
1184
894
2
3950
9931
0
7897
557
3627
14
740
1
80
071
837
7317
4
4477
2
442
4612
5367
932
10
17
4294
67
7
80
894
1
407
3630
857
7674
0
1
090
717
8557
7
111
5514
720
787
9582
4484
854
7
7
12
7
0410
1311
904
701
6240
521
9427
7
4
4
7
1121
6510
611
2522
490
94
1
2257
870
21
37
91
220
04
7
344
61
2211
71
40
474
4
972
9822
82
831
3812
2
61
1
181
870
4
6437
6920
1810
7
1
381
54
2
50
2
1
0
40
651
1
24
6801
751
8322
5721
1551
0
324
7617
490
2564
5812
1
92
580
364
534
8581
827
7
0
822
4
234
1297
1721
1
47
457
32
0490
040
371
60
6421
2
2
1750
302
7
492
2927
0741
680
10
07
31
0
0
1780
4211
3704
9011
77
401
0404
7420
7
4954
1627
04
8661
2091
4
60
1
1
8141
1
71
02
194
2
382
7
202
7
3672
2
914
700
200
0
8900
2872
1031
97
9304
64
770
32
2500
71
0141
5122
8040
52
0090
4
0
30
40
441
4517
3131
577
2424
5450
3360
634
57
4
2
62
1307
7322
1
11
3872
02
2
5061
9094
944
7
4
527
792
4
1
4447
71
332
7
1
882
7
0
442
71
4
927
1
17
0
690
1532
574
534
0
2
114
3507
141
134
12
1
71
4
672
7
520
1392
240
8731
642
37
07
542
9377
510
57
1
2
0
2
1
8871
854
2
987
8431
4722
10
4
5797
0
8170
0
4
11
894
1
5652
942
1
7117
47
0204
01
1022
90
51
70
697
5107
0
44
292
04
41
4
3097
5402
82
067
640
3794
0967
0277
240
0
1
552
961
1
11
90
1704
5344
1587
24
734
1630
0307
1
327
61
102
1412
10
34
471
7
0891
212
2
2191
44
42
2217
1
5497
3847
0
561
9927
584
41
2
2
52
3201
0
2
1904
2571
2
6111
4
0
2717
2
07
0
547
4
2
14
7
280
5544
6740
60
44
2
60
71
1
2362
30
0471
4
74
087
5590
0
1
2
5912
04
790
74
7
8082
1
4
437
7920
480
534
7
1054
410
2
010
1
12
17
7
30
9307
30
1651
32
4
40
0491
62
57
52
4
301
2
47
42
0
6670
0352
227
484
0
3702
287
101
2
1
360
2
81
1127
4
7
30
6517
5467
97
1334
7
97
2621
530
1
81
092
67
5187
431
4
7
844
4510
264
0
7802
7
390
2102
4
622
1411
882
777
911
0
174
30
4
82
7614
7184
1007
6664
637
91
57
7587
571
7
4501
54
280
2
594
550
7917
87
0
1944
374
21
94
651
4
724
71
2
821
351
820
707
02
8374
270
0
4
11
04
2
4340
094
1
0
3780
800
1
0047
22
480
892
2017
2
4
7824
0
6017
832
102
9501
10
861
4
7
067
9980
012
931
410
4
677
1
1
61
0037
72
4
92
171
04
7337
207
5424
000
0
2
30
2
7
101
7
31
002
4
4122
490
91
207
2
702
9447
81
8712
667
4
07
417
030
8321
60
87
0
5231
5390
54
187
634
782
9524
5290
41
1
7
871
852
9440
7071
54
672
4
4
91
1
3084
9960
04
60
2
857
3804
4
4061
0
6720
77
4721
1001
181
440
622
520
071
494
2
0
54
1010
7
282
0622
127
1
4
472
32
331
5790
7
1127
524
0
2
1
1
2
1387
0144
11
190
52
762
120
922
11
331
0
2834
577
4
9424
970
44
32
830
914
7
70
0
40
2360
4
21
2577
2761
0
261
117
762
3872
7270
0
551
30
61
4
31
11
512
02
10
4551
527
17
0181
4
000
4
0232
5262
722
07
4
61
4
887
637
237
12
4
92
71
4502
3827
2440
1892
1
1322
7940
10
457
057
711
4
81
792
1212
761
34
80
3164
8324
74
7
8114
04
7327
91
0
80
7522
1
61
782
3834
42
2
1
354
4
2737
4
8072
050
2
2
17
2
02
301
17
27
4137
5024
4501
9042
2
74
27
7734
067
944
9107
51
1
2
2644
950
237
7
391
7
30
0
17
10
50
20
0151
957
90
7540
0
8780
44
7
9220
442
234
4
1
4661
4
0
2
6811
1
321
7
2627
4134
061
34
20
54
1
747
0252
4034
11
37
5491
24
0
0
5567
42
1
44
907
9162
5307
272
6964
57
710
1
564
2840
1
7
587
14
7037
84
5360
0880
2872
3752
021
52
81
1
42
467
27
61
260
880
9977
4
450
90
62
1
30
402
22
2
42
11
04
7
421
697
2
4
6621
7
882
7
2
2
02
21
310
8660
97
0
2
6240
80
5980
42
2
10
22
62
0
5524
77
41
141
1
1
80
0
07
57
50
1
024
07
3714
01
57
521
90
2
124
2
064
84
17
64
4714
037
004
12
71
7
237
207
30
797
0
047
950
611
31
0
8557
0802
0992
4
8201
1887
220
0
687
0037
84
02
1
697
114
2617
532
397
2
260
1
1011
4
374
47
9184
792
90
7157
604
821
2
92
7142
344
67
757
334
7
7137
351
80
3464
544
77
2
2
4
8140
2654
6137
90
187
711
4
0537
77
1224
52
8210
30
87
74
521
2870
0380
37
410
91
1
634
872
297
7132
0580
44
7
74
2
30
3594
652
8954
257
977
842
850
2822
7
014
4
2
1512
2
7652
6807
81
91
504
4
4914
301
5172
3127
1
6237
1642
872
817
7
2474
0
221
507
0807
254
7
660
517
4
247
74
4
87
2
877
972
64
7070
40
52
7
7
080
8901
6314
830
31
30
57
97
2
360
10
1
1042
41
650
004
2
132
2
581
402
7
81
24
0017
434
901
780
14
1112
80
22
480
7471
3534
0544
0
81
3991
04
0
0
0
6622
3577
4652
477
2
50
334
54
47
4
191
184
7
9570
2
1
44
654
2
30
54
460
561
7
72
867
62
2052
07
4
20
00
20
392
427
91
5322
041
5961
734
9031
7
1
157
80
8717
4
44
552
407
4
992
6620
17
6044
31
7
70
77
730
4
310
4940
7
10
1864
714
40
7
834
84
8010
070
8110
4
21
194
27
0
0817
810
7
72
4784
7320
0
074
2
611
730
847
90
3934
40
0462
612
592
0
1161
632
30
27
8634
1
947
5684
214
7
34
1087
137
57
9530
727
7022
1
592
3747
2
447
121
7
9814
2454
630
621
4
611
1490
2
2114
4101
281
01
0
2
51
42
0
404
841
74
70
407
2244
1
787
981
62
824
667
261
8580
0
67
557
1722
7
1
1420
77
5797
7
91
92
1
61
261
67
2251
0
4
1
1811
7
10
4
32
24
7
387
92
2010
1
734
0
7710
4
407
87
1
2
41
0
5301
964
64
8510
97
4042
6494
104
6730
9662
480
2697
7852
387
9044
40
1
4571
930
4
4307
4
662
40
5284
211
4
14
20
71
1592
634
3802
0
407
642
1
4
6774
077
741
1260
9560
14
261
4
2
17
527
30
40
1
952
94
870
331
74
0
9390
981
80
64
14
921
4
30
20
997
30
4
5787
27
7
0
7471
91
0917
2
41
20
94
4
20
112
14
9322
20
27
7854
304
6111
851
4862
2674
7062
037
52
810
67
0
7844
0
6687
6390
8987
071
62
1
40
642
5054
684
180
064
1
4
84
90
2
4
84
0
0
1190
0
442
290
72
1030
4134
4
2
0
51
482
32
2
97
0
4947
17
474
041
4551
22
2
632
61
2
300
491
0
94
677
1161
097
4
01
751
00
884
0
0
391
7
84
2
277
7
7997
161
2
4080
42
52
197
7
50
992
912
52
6652
700
140
10
951
87
92
47
9261
517
7
34
54
392
4
4
472
24
5430
004
4
84
400
797
7
0
331
62
4
4
144
201
184
0
24
111
3461
40
97
50
7252
994
530
951
7
402
2
690
204
590
01
872
34
191
8822
1
8822
2
62
0
5522
392
0484
07
6380
50
0
401
5552
2360
771
530
7
54
91
60
001
437
60
4
47
7434
34
94
0267
442
62
4
81
01
2
70
412
2710
944
250
370
2
7
2497
3730
1
770
4
2
17
4324
707
232
4
5324
942
52
4432
770
14
4900
477
60
0864
1110
0
784
37
2287
97
901
2144
1
0
0267
8690
90
894
0
702
487
6211
57
502
021
0
7
047
4970
244
0
91
5962
632
090
14
2484
0601
3037
52
1304
730
91
07
637
2
1591
64
1
5557
364
82
8910
212
6511
2
627
457
6080
0
024
810
0
911
784
5491
632
0
600
7
792
12
10
1987
1
4
04
0724
0
691
9294
87
1
0921
31
2
1
0
6110
80
780
8137
737
2580
2
2364
580
7864
031
72
7
4
1050
474
2
230
7881
1827
497
01
87
72
3722
7
0192
060
2
6387
47
7
4794
61
5744
54
3082
1092
1777
3642
627
90
722
6767
440
4112
434
4
4
10
8710
8382
00
660
4
4
7
4082
637
4
7631
0102
41
0787
70
731
2
07
2
0
02
4
14
052
4
1
2
02
54
84
9081
2
537
70
400
2
5920
2
2361
8341
14
2
397
6052
5244
082
92
022
854
3402
467
561
37
2180
7784
9610
987
52
140
5231
30
44
7
77
11
47
17
9604
2
3671
70
2
8297
2
3660
77
2
5480
390
2
544
1
010
9170
1
0
317
71
2
6942
2
874
620
97
9034
02
021
7381
7
2094
91
0
20
1
897
6310
1841
4680
7
2
1
581
24
4
4
4081
087
1394
221
2760
031
64
21
7
3854
7027
32
2750
71
92
0
771
4
1034
42
897
2
90
4427
672
21
201
044
47
841
54
5882
364
7
8912
971
2
62
1042
062
8131
944
6902
5494
2124
1
4
20
042
4650
484
1
72
1724
1
9554
74
42
6042
5681
7
7
72
360
12
67
42
321
00
0
4
7
4
2
737
654
81
00
12
5820
1994
34
204
1
27
4
61
4
251
47
74
3424
74
62
2
84
562
41
6854
4
42
4
7
387
74
887
20
90
4
81
2
2
1
7
1
6197
3441
4080
2
2
924
67
04
41
3607
0
71
72
561
671
237
0224
2
24
2060
77
4
84
597
2431
54
57
7
7
7
061
24
52
937
792
81
690
3930
0
51
5581
7511
4172
11
6900
194
831
8922
2
224
52
24
367
90
77
94
3540
51
01
0
4
81
60
4062
4042
02
8894
7744
320
50
22
9822
2257
97
661
7557
7
37
3580
1
4
04
114
97
2
191
17
1
62
8592
7757
6722
4
1
7
14
1
104
0
64
7832
0
730
1047
80
874
31
7572
0652
1
271
7
44
321
4
764
141
1
94
37
832
8532
80
617
50
7442
2
492
2
7
001
2710
8654
0
2247
3461
270
31
70
67
400
1
4117
90
1
767
3150
91
7
2
0
662
7
61
284
0670
2897
1157
507
1832
0
1661
177
562
7241
1
074
732
001
17
487
654
4930
2
41
1
60
62
392
6391
1
7
20
0
1
1
82
71
7
7067
20
4310
901
4
7
84
9670
1
7
211
2
267
6602
767
0887
972
54
0
222
1497
71
914
252
517
4
32
440
261
7714
611
2
6482
7992
724
2
1
91
411
52
90
47
7
9422
6921
0
814
64
854
331
4
1
577
427
80
8064
7
5960
4
74
01
4767
7
1751
397
287
7
24
6231
7
1142
04
610
4
991
0
7
2367
1
20
3347
031
817
7562
3257
1
82
037
54
2
37
9760
2432
7
2007
0711
47
74
2874
3342
27
080
21
1
264
50
434
1
971
2437
6431
780
4
54
654
1
1
61
3211
1
4
1
2
4
81
980
1552
4
734
100
7677
4884
7
3240
5597
42
20
1127
64
6867
1130
92
40
6194
2
1
444
4
934
32
7
874
32
2
7680
9254
067
94
2
42
102
074
2880
6434
1
2
72
14
221
1464
02
4
11
607
0
5404
2
6337
1324
491
10
861
2
1
20
1
22
02
9101
34
361
8321
0
341
7
14
2
22
7
04
7072
3254
82
212
1
37
44
447
70
2
50
62
421
07
2470
7
0
4
7787
7
4
1
1
6580
1
741
487
6127
861
1934
651
4
4
517
072
90
7
4
60
77
47
921
2
51
24
80
47
1267
00
667
1
611
60
9701
8770
550
7
2
6950
4
7
7
490
7
01
82
41
192
57
02
72
3977
94
4
1
020
7
14
2
470
371
72
4
92
40
57
161
1962
5080
7527
302
54
42
5174
8087
097
3340
8360
264
502
0
591
1554
672
1
4
861
52
1
0
7260
1
6370
112
4
6447
1
664
442
30
1
8837
80
460
81
432
2992
00
52
2
7
792
2
67
0
31
7320
8200
760
7
7
0167
0
11
052
2
12
91
82
9622
51
387
381
842
67
7
0
471
2
0
0
4
342
502
552
2
1
187
904
631
6740
601
152
3597
0
91
4
94
8574
04
4
2
3050
61
2837
9094
7577
9210
4
30
07
4
0
4
4
2
2677
610
4
992
4862
6070
84
7994
3357
34
20
2360
0
70
7
791
51
2021
1
1
294
777
2
0
7
2
904
404
47
8027
30
37
520
51
2
62
854
691
4
47
4
44
8700
7492
2
321
7
327
992
371
2
870
62
737
47
11
2
6674
71
2387
161
1
1354
7
82
077
4
6697
962
894
4
5460
81
04
030
4
281
4
2351
560
67
87
40
3114
7
082
60
1891
2737
00
4
4
12
670
72
1
700
22
1
2
421
71
61
50
84
307
977
044
7
8517
00
4
4781
34
8207
542
9712
50
282
72
242
514
7
2477
1374
8421
7
80
3231
51
951
0
7
97
0
404
60
117
1280
2
12
80
70
17
727
2950
4
71
0
4
557
02
87
0480
7
344
657
610
457
70
384
67
371
90
971
490
42
4361
510
057
391
2
9264
37
4
1722
804
27
30
0
9624
292
2
822
11
4
957
44
7
834
2
351
10
34
3091
90
750
650
11
684
50
8264
92
0
1
1884
14
20
41
71
2
880
81
4680
0
2062
4
270
3480
7
00
0
8941
00
1
4
11
27
560
724
1247
964
91
3617
0444
231
6600
1257
70
7
32
921
0
72
047
0
8144
7
587
81
1
04
8054
32
74
9421
201
890
7
8190
80
37
191
2734
6860
5777
2931
4520
94
691
91
810
617
3790
94
12
4
2
352
3950
051
4
344
9152
7
40
4
22
7590
01
174
4
2402
1700
70
1211
7
6892
1344
87
71
6330
7
5847
1
11
71
0
34
2
2
0381
6750
47
72
2914
4
9482
7
27
90
067
2
1
1
220
901
6100
0
21
2
42
24
4371
4647
37
30
484
7
4441
502
1544
17
3494
634
7
2
097
4691
90
67
2
2
4
3687
762
3021
40
542
7
904
950
0
81
411
2
291
900
621
42
3694
61
3002
8801
1
210
7
8414
7
9494
0
810
3487
407
562
01
4
1
2
0
00
2
7
514
1
320
41
2487
1
22
7
24
77
3864
41
4
834
11
2
7
2567
34
17
1077
667
6254
672
5884
4
57
0632
297
71
7
924
0
584
6874
261
6260
542
47
2357
51
77
577
7574
97
611
2470
1
62
1
32
011
9947
891
3832
4
4
6717
4
6282
2
47
7
5567
4
4
122
4
54
17
7762
261
0
1
52
20
14
8731
2
9427
6122
7
960
4
4
27
237
14
62
4
51
472
1897
4722
157
37
02
2
2
2
40
3604
507
732
4
540
4
7
4
4
9837
544
4282
0
0
7
4
614
074
80
64
302
40
421
420
692
1600
4
97
417
400
502
7727
14
7082
7002
092
634
5581
37
0
4097
2501
0794
482
0
9100
2
0
120
227
2
832
4830
4
954
910
6357
1
1
0631
22
831
4
0001
7351
712
41
121
982
0181
67
3054
304
7
7447
1
324
50
1
84
7
154
2
1
5282
7
950
2820
47
92
2
0562
0087
27
5350
97
51
21
4
607
50
2
14
94
60
7
7
34
2250
727
7
40
802
51
132
392
40
4477
32
0
8544
162
64
317
4
0
214
4
270
0580
81
24
71
3257
531
250
447
82
4397
2
4
21
242
24
3120
900
537
6971
2180
64
582
70
1352
02
82
51
821
92
6512
1904
74
197
5092
7800
97
34
920
90
2634
9797
192
32
611
0162
982
1
7217
132
60
34
81
947
2
4
0
14
0101
34
4
2
91
5200
4
67
4
54
8582
942
01
400
0862
161
0
2
7172
7
0
552
7182
40
627
5554
2
5541
1827
652
7
0
1
7682
680
50
47
614
01
50
7204
4
4522
291
857
514
0420
61
8014
4
6144
0682
120
47
52
7887
2
7
957
2617
37
0
561
6122
2
4667
0121
21
200
710
6310
52
87
44
0
07
3301
27
80
81
27
7
544
261
750
270
61
71
27
327
9131
7
8584
2271
0
3070
57
5582
31
7
81
802
460
4
10
54
1
1157
607
154
92
1
7
4
692
512
87
770
4
77
0
7810
957
7
742
5160
034
91
7
1560
4494
0
61
071
1
210
232
841
1770
0
8762
914
1811
912
510
1
691
1
0
1
2
007
2
1
1152
00
511
782
27
60
4054
551
70
7
3211
594
531
31
7860
77
000
0
22
4172
82
1510
9637
831
761
51
274
82
922
7
7547
70
30
9007
0
21
72
1037
94
4092
447
32
82
207
8280
6822
47
697
7
32
6904
951
721
20
947
4740
20
842
5757
7
671
7694
2121
9324
4
2
1
2944
6170
511
517
2
130
57
3697
04
840
62
5690
8747
12
8584
1
924
2
9964
601
2
0
54
532
72
4
10
2
92
680
3460
1140
660
272
967
91
3182
9007
20
42
4701
47
1077
530
981
624
0
582
9022
74
34
0
7
834
044
1522
77
1221
5490
1
5400
2
4817
6742
854
442
7
980
181
1
0
7714
040
1
4
97
7
7
7
784
407
90
34
0
0
1
9422
0
8857
4
3577
4727
482
824
04
2
262
1
8017
1367
1
830
021
04
2
90
7
92
8027
11
0262
9480
2372
4
72
8571
1964
4811
262
7
8071
1551
1710
37
4311
410
47
0854
362
0
12
32
4
4
8231
502
8447
0194
754
0834
0024
92
2794
0
904
4
74
720
580
6000
8384
9682
92
8974
71
4311
717
4
22
40
1107
8847
4
0
42
24
1891
657
4
647
0
5390
331
87
737
7
60
27
0732
537
90
1
91
940
24
984
74
681
4
7
72
710
102
70
42
9010
021
970
2984
7
2
64
6817
2
2
2
24
367
210
374
4
02
9464
7614
94
040
1
2
631
6532
4352
0
7
3980
080
1354
4
92
4
130
4
0260
504
84
9242
2767
301
030
7
9110
20
034
9897
10
4
12
607
7
72
862
932
77
07
04
720
510
31
41
4871
04
60
3037
621
0
1
52
4274
3892
0257
0952
9281
821
4
0
12
2
2
40
357
52
7077
6530
0997
02
5494
1
64
7
612
1
267
3847
457
7
134
507
077
07
1744
41
957
630
031
4764
67
474
4
10
361
5560
27
47
44
54
8131
1700
731
302
6440
857
47
52
2532
6351
7934
7
0
1
0
884
594
770
4
0
3971
27
04
4
730
4
40
8481
1764
6641
0
0
7
2561
7
2
8311
01
1500
20
87
0
094
4
907
1812
8277
480
462
8354
02
7711
634
17
3024
3750
81
81
07
7042
1
140
950
984
997
4
4
4877
8357
24
2
2
7251
2
6970
127
41
64
4374
191
21
47
0
60
012
6071
7824
84
2
5894
12
6642
4854
1
47
090
0
0
8982
4322
4240
2670
50
261
412
90
481
0
420
61
360
4681
294
7470
620
81
24
01
64
4
2
7
07
142
1470
90
851
1
4562
42
254
7
184
8117
7
817
30
80
0544
681
247
21
727
57
767
850
92
57
74
70
91
777
7
024
2187
2
6492
1
190
642
1
51
17
1
60
9322
20
0
8140
3117
194
0
5314
37
4
9487
0
4
5277
6002
1
22
14
2
6102
00
1911
2
0
2684
704
8342
2
6982
817
41
3440
1
3591
9622
30
8121
22
751
32
2190
2930
961
2
2
82
4
37
704
210
0272
512
7340
70
10
0
22
522
5232
5861
90
964
07
632
1
01
1307
47
71
61
242
87
0
7432
0
827
0
0452
2
92
2740
1
50
8634
241
81
9867
7
4617
40
1
9732
80
0910
4
741
684
71
0
22
6650
8357
771
7
7
7
60
812
02
31
6622
2
7
92
4000
2
82
97
90
394
0
3
587
4
881
931
750
3057
34
931
11
87
017
41
711
80
754
2
7
0
684
561
1
427
77
87
4
4
3284
2941
0
3944
4
50
660
0232
150
57
232
44
97
200
7
1
0
1
720
52
1
07
0
0592
0257
282
201
987
4270
0
261
97
8891
1
9091
91
54
4
4
4981
5091
0
251
9000
4
580
670
2
92
300
10
471
2357
997
2
2
4
0381
364
7
37
7467
1
2
7
5552
2381
42
1
341
4784
782
7
1427
12
22
6447
8661
64
72
2131
8044
4
32
4
7
800
842
277
1
452
42
12
92
7867
7
4331
8000
737
3630
3381
1490
0
1917
7
7
71
70
657
1720
37
7
1
8401
2581
084
7537
171
40
4502
1
31
1492
681
62
6272
2
1780
391
582
00
0901
8781
8521
4
357
5651
522
2
427
4301
684
42
770
2
932
8482
892
7810
0731
1347
882
54
4
9060
60
2
6294
6630
17
582
4
264
7
672
61
02
8177
1164
414
4151
4
042
4
7182
0
6152
1
07
7
81
777
687
641
1471
71
502
794
7
1
70
70
0
851
52
2
62
3381
2182
9862
30
0
14
030
0661
2
922
2
34
1247
0
4611
117
250
7
354
241
030
822
0
11
5637
94
254
41
7
0
5287
67
734
1
0
72
642
3970
0
27
047
0
5791
0
2841
327
2
94
1
8792
662
257
44
5812
4
200
970
9440
21
247
890
0
5951
7557
3771
734
5894
0
4
320
2
047
42
2
3691
51
4120
270
530
1842
97
4562
7834
82
2514
7562
737
94
6104
07
9491
1224
120
792
2
91
1
2
64
8850
080
680
382
2
9134
5601
34
7
1
0
8864
4
90
4
4647
561
02
010
5764
4
22
4
822
61
3354
080
62
51
1064
24
374
2007
2
94
921
7
922
2
0430
61
31
42
024
881
6040
4
9072
7937
234
0
7
110
100
0
852
2
0
0731
07
181
7
772
850
4970
954
8621
0
57
74
8790
87
10
7264
524
21
7
4921
1
27
4382
9562
7067
0
4
1
61
64
7232
627
711
660
12
7837
5674
7044
027
61
410
247
0
8444
97
0
1
9460
47
8564
0902
04
02
644
742
0
50
5724
5224
557
02
5104
31
8374
7207
4
41
6300
51
7361
2
811
2
4
137
9322
4
44
7
2432
92
1
2
687
84
72
1
514
07
6561
1
9784
1
1
4547
01
0
357
51
620
6097
2270
7
191
02
9852
74
861
6880
1
7
1
0
2
600
32
1491
8357
3480
7801
0400
2
3331
62
470
2
074
2640
0762
571
707
091
2710
02
544
190
4
600
1
3272
07
652
8314
9090
2
2
17
4
890
7537
4
7914
61
02
7
6801
7281
64
294
9572
2
2
6570
3602
51
0854
0
51
72
5307
5577
10
2
982
1
94
4491
897
64
7842
1740
241
350
1
90
0474
2
7
442
892
681
2
811
2881
2
1
6400
37
4
230
7
2
9820
2
1450
4807
8440
210
02
87
81
330
0
42
4
090
731
8997
90
8360
5721
877
61
422
30
8197
742
2484
4772
4
91
5044
82
9400
90
0
9867
20
6824
541
9700
4
52
2
0
6337
4
74
7
881
2
017
727
900
41
7
9440
20
2631
0
871
0321
0811
74
8028
1
052
2684
7
954
70
482
91
60
384
27
5112
40
5897
80
87
3390
662
0
0
1020
307
9727
17
50
587
9820
90
2
514
922
4
7
511
50
0182
9722
0
9634
2
2
1
60
5031
1157
52
2
6624
052
62
550
424
074
2010
484
637
3657
3850
662
367
7950
82
7761
6087
9732
7
352
74
2
0
581
0
977
22
80
1
6750
8661
82
87
0197
7
2
4
0
954
4
671
3922
80
800
0
221
90
6572
0
7
967
011
4
510
7
4
44
32
1
827
62
6707
5914
542
1
952
27
3291
0
8162
2
7
9160
8240
744
214
62
4701
1
0
472
081
680
664
791
3232
7
1582
4612
3051
272
21
8427
00
111
9001
740
2
84
1854
2
1512
1741
77
000
704
60
482
87
9551
2
72
030
7351
617
404
1
722
112
1744
437
5802
2
261
1
4581
487
61
4532
6707
7
00
1
381
9551
4874
6930
60
644
2654
14
5677
731
7
721
92
0820
4
522
0
801
0
430
692
344
4
312
7
1984
7382
7
6497
552
4
8651
32
412
07
351
2
4
7601
37
152
1074
27
3760
54
9184
34
21
90
437
7
14
32
900
4
2324
40
02
21
1117
4
7
50
9282
31
4
02
94
61
854
1
274
2
4310
7
67
7
64
50
32
1581
2
7134
3260
1
87
601
24
50
1
2
8612
8862
1
0170
74
5154
54
240
3210
6702
0
2062
6144
62
2161
9884
82
4
2881
07
7
80
741
74
72
0
6832
62
2307
1
462
37
0480
6677
5964
2361
51
87
41
51
27
1067
4
37
40
2281
380
2
7517
2
34
960
8964
77
82
0
250
830
0
0
1
004
01
3492
244
67
774
71
72
3752
02
3202
254
660
3441
94
7
90
4174
9711
64
4
1
60
2
4842
164
7
1571
1
4464
8932
0
8794
8560
31
067
44
852
2
1
010
9094
87
2607
42
07
91
0
7490
2110
1
7
27
52
227
4
3970
1
091
0
1590
4552
07
237
801
434
82
027
82
4
702
1694
7
7
0
6761
7
2094
2
282
620
94
951
647
8261
024
5431
931
841
50
640
4314
2
0
200
8600
117
1
8080
4461
2
4
52
507
31
7
5741
177
8581
4927
271
404
4
5667
02
670
7
4
0500
0
517
37
52
1990
97
4
742
44
1
7
894
402
1
4
82
332
782
260
21
27
4670
0
50
0890
441
04
7
0
94
02
2
9417
12
7
0
1
231
677
880
200
84
482
30
2
4601
4367
854
2
3957
0
2087
2070
40
550
830
54
52
887
077
7657
2
337
4
1710
2162
2794
4037
2551
2547
0
7
7
104
0304
94
2430
2
4624
57
0210
512
8957
0834
1
01
1892
620
44
747
130
4762
4522
972
4
34
00
4
02
21
7
12
391
31
17
1
072
7951
344
890
1034
301
864
444
4
82
047
4
80
302
2
20
12
571
50
4
1
04
8662
81
2
7
231
971
44
5331
041
0
17
2
20
64
44
182
0612
0
72
1
0777
2530
61
5220
147
2
01
184
240
81
0092
0
734
01
020
90
2
80
942
2020
41
2
72
50
621
170
2762
57
230
92
0
71
721
511
2
2
362
032
651
37
272
0
2
54
72
682
3624
1370
90
22
822
4
90
2290
2
27
54
71
4
501
9604
00
57
0
2
82
954
84
371
674
7
452
8141
2
390
8311
02
2
31
07
910
1272
4
9777
7
52
460
8411
21
54
917
5650
31
9857
7
6100
020
774
97
74
37
1781
2
424
2894
87
54
4
9852
4134
334
02
120
644
052
9841
6230
4
7280
1
962
762
871
114
154
7
6862
17
280
1
7941
2
0
1707
50
4144
697
60
42
8380
1612
400
11
6341
2
6304
9127
130
7370
00
2
1730
4
2
1471
2432
77
87
3652
687
320
1
151
1
8367
822
4
134
4
3184
630
590
2
5170
1
2307
2
74
7
067
4
2810
47
0
37
82
1
5841
4
7
8077
7
012
6592
9107
661
270
8891
37
344
1
8140
7
52
7307
292
71
7
74
1
030
4
4337
327
2
2
77
11
382
4677
01
020
3704
40
2254
5474
0434
51
2621
8101
962
4307
4
11
11
0672
902
2564
30
4974
81
7
0
82
061
8712
932
62
7
7
184
1347
2737
0
4
17
6122
451
9440
62
0
500
0
0
960
021
7
51
081
67
590
9072
0
12
1
22
1200
867
7
627
4
72
4041
00
480
1142
9560
37
0697
4177
20
624
4
4102
501
2
2
734
80
180
62
7
74
7894
8107
420
2721
2
2311
252
530
412
424
21
627
70
2031
192
0
71
0502
7141
2
14
8121
8770
8024
12
64
9977
2641
70
7
21
2
0
11
0462
07
41
4651
614
57
792
1
12
8030
04
0470
5410
432
74
620
1912
2197
6984
3700
964
4
87
6572
230
1
5812
90
4897
0472
1320
8494
0580
42
1280
112
214
857
817
2
7
4320
0
4
1
904
1
970
7
237
030
2
50
007
8141
820
960
097
0114
70
4
0
111
4
982
3504
9374
1
4
52
0
7
02
4
137
50
1
867
4
4
42
597
134
9004
500
7
84
91
22
9047
767
1227
1297
47
5537
6857
4
30
1952
24
2
4731
7357
8984
0
14
0
234
970
8752
024
2
3042
90
4740
4
960
34
1
502
6950
112
0
47
81
27
337
7
060
2520
521
64
80
12
7
70
877
2
1
0
161
632
7017
341
77
97
5472
581
510
8797
27
31
0
34
81
191
04
0
0
261
67
5487
677
131
2
97
542
0
112
2
1
744
564
0
84
430
4
4
351
57
7
530
382
7284
130
2840
214
62
947
0390
9194
3624
4492
4
9150
64
360
21
52
6290
00
7680
5764
0
6377
274
2
2857
20
94
9271
971
3382
6932
1077
4
0122
770
2142
11
0
3197
744
22
1
154
0514
832
52
17
0
22
481
71
4
0
2
71
6134
4
141
0
8811
322
0
7
0
580
2
090
1327
8762
887
14
470
8801
1
4297
392
3352
952
10
840
4230
7
361
5877
224
324
10
3772
951
3327
44
41
1867
087
2
6950
701
724
190
7
1
47
2
31
012
6737
5381
897
2
101
461
3447
071
501
6741
417
8464
902
4
91
4614
610
02
6230
0340
4997
0
10
24
5471
0021
9640
87
432
552
880
2
2
747
54
2
1
67
41
290
4
0974
00
4551
692
04
094
7
7040
0060
8587
71
137
6891
4624
1481
617
8492
27
77
6664
432
682
9981
1
610
84
04
591
362
60
777
6374
0
884
2
3574
302
0240
0481
342
464
837
420
00
7792
9442
3140
391
322
4
14
472
4
074
1
7092
1
9200
97
7681
90
8870
6662
4
6491
11
717
994
1
50
8640
787
1944
44
9614
0
7561
2580
0
971
167
6480
62
72
1
81
52
6430
34
184
3661
7
2402
7
882
890
47
9982
91
7
7
180
70
0602
5901
7
4
0
31
4
191
54
0
0
894
7
14
5014
3204
11
624
137
8840
97
2
22
6937
464
34
2
4
9931
031
3097
4904
07
707
42
1
2950
01
4
71
7491
94
67
4
72
21
37
41
12
3112
44
77
2
5812
261
1
021
070
4622
12
92
1
8367
32
5441
0
4
84
1
8620
4014
664
72
1
562
22
40
6621
4
81
7821
4
770
62
002
7
551
0
81
4
360
64
687
512
544
00
054
772
6447
4
60
4
0
20
20
2314
6551
1752
960
62
1431
1
784
0
5652
261
842
344
1
11
570
437
0527
0
852
2
7
40
14
0
2
0
74
14
7
74
610
1664
02
2911
4
410
82
7
9694
42
7
7
6990
7962
4
1
211
17
40
0
8552
1
737
72
477
7
01
7551
52
851
4
7
4
592
9530
4
5141
24
9121
34
4292
30
91
07
2882
252
2
860
054
0
262
7
174
4
497
8141
0880
1
22
582
20
04
074
890
0
1
6001
7
2522
44
8574
92
34
47
07
2
42
771
1
90
4
2
72
02
3607
74
1
6454
7
7262
00
92
70
2
77
7
650
582
991
6302
0112
02
5240
790
444
892
07
987
117
20
30
0984
9280
0087
741
0807
4872
94
8790
81
330
2
1
97
94
181
7
184
957
2
14
2
544
197
0
671
4
511
312
834
617
2
5234
94
77
82
6440
87
602
40
4
52
24
14
7221
8562
874
2091
90
4
1
111
342
8031
04
2927
6527
7
924
7130
80
7
6680
9832
2377
1
4
377
12
712
02
314
960
91
7
1
401
1
827
41
960
4992
34
54
5140
7
501
94
44
14
822
0401
9630
0
862
47
0
397
791
4
2
8397
7
1
6971
12
8952
2267
60
2
512
62
574
1
774
52
6554
4077
1
1
80
2
00
3414
472
47
7
64
3107
7
5730
7
5237
64
011
47
617
5344
012
87
4
7
60
9620
1620
7
747
9227
897
42
930
261
957
4042
2
7
712
2
034
2
1
9217
234
70
6430
850
4
9467
1007
914
820
641
0
40
450
880
8957
417
651
364
01
920
42
857
04
864
6324
5550
74
7642
1607
494
9997
9111
2
94
8971
02
4
6581
24
0
587
47
40
01
2742
2
320
471
0420
060
360
80
0432
64
10
22
00
1
7
2380
640
451
02
3502
20
3290
2
0
7
2
2
8761
1
91
94
0
2
772
0832
8397
8152
014
0
2
4432
701
3317
92
7
31
2
184
0347
97
14
0712
2
5181
62
4
30
7
0914
1
247
9971
21
70
3857
44
21
527
4451
057
8020
5494
467
71
61
9271
04
1410
1
9427
20
0562
427
227
00
4087
377
184
5437
852
84
2
1557
767
7
000
202
7411
451
4
2954
4
2
510
720
7
37
2164
771
0971
0094
2134
6661
9164
0
694
1
84
01
021
90
62
27
240
0
350
57
434
20
2210
54
642
1354
104
4417
12
797
1
0
27
6700
9590
370
1
297
17
662
7
2
4
0
831
412
751
02
890
3151
52
1
101
161
980
734
1117
2
6834
0
7220
5282
2614
657
351
0
7412
0
2
8684
01
4
987
0112
0
10
040
2850
2
1
54
60
4
450
9904
060
80
92
04
2
7151
62
27
3870
402
1
950
230
384
2
0
212
427
40
60
62
42
432
0
9354
0
0
64
52
4280
14
9127
700
02
27
7824
1
9607
4
6047
2
07
2561
2
0687
444
7
84
8280
5597
94
042
10
92
762
0
4827
3267
1
47
07
90
20
1291
4
8092
90
44
4801
044
27
737
52
9161
0991
2
50
24
7037
012
52
1
2
0477
4417
4327
14
8800
77
0
07
2
227
21
544
42
00
4
1
327
12
0
41
10
0
5357
4
071
2014
17
2
87
07
00
7
10
90
9871
3722
2
67
0
2
72
771
8514
0364
32
90
11
1
7
521
74
0394
2
5537
747
7302
1
7
62
82
480
344
10
182
3304
0170
4
8027
97
6407
177
14
867
401
250
1711
2
0
0
1187
182
1
92
532
641
7
10
81
3750
5332
4
9777
7
97
214
0
302
94
7
8790
31
5744
1
1800
7637
4
72
127
524
401
0851
2914
30
2
397
987
552
3072
212
420
2031
7377
61
74
4
1
4
9230
301
11
8314
10
6324
11
57
090
02
8854
810
6341
0
62
2
7
72
37
921
1792
0
5720
2750
7927
037
431
1
1
7
9581
5560
042
7
7387
9774
4
337
1
4
514
71
87
567
6431
4
2694
2
84
2270
7
1
3600
7
17
4
424
2
7
44
7
1220
4
11
684
2
4890
47
20
971
72
092
9212
71
12
12
892
47
61
011
7
14
7841
552
391
0
32
4212
281
84
0
077
02
54
8577
1361
034
224
1
0
32
14
2814
1
0207
77
9414
351
7
87
6557
1861
357
14
1
30
107
534
602
4
6537
640
981
37
792
2
4
11
2
32
720
0
7
84
060
1
21
4082
6341
0160
0711
9291
31
4492
2
260
6367
10
5860
4570
1777
0
757
1657
5821
487
3420
97
4
8384
87
811
2
4050
801
2
477
667
007
5622
91
24
757
62
0
7
7
822
020
817
910
00
87
84
692
3590
4
240
0127
670
90
2547
4237
4
597
2
822
9954
492
2
140
77
2
5742
574
1092
300
71
67
4
7721
6542
60
7
82
30
422
12
6327
672
0187
60
777
67
134
50
572
4
902
2
4
6007
60
2
1
0
400
850
6441
0790
4
2
8751
030
767
831
4771
3602
52
842
311
174
9520
4
07
351
807
7
814
7
51
771
022
3841
0450
3111
832
697
70
791
7
07
41
07
1877
7
0
754
0
144
0
51
64
21
47
9382
3374
3884
3831
71
2
7
532
37
31
31
2
72
1
462
737
34
7
60
9924
664
1
4124
7
047
1
001
67
1
6530
3117
40
44
0
52
7214
527
2680
0
3634
52
21
4
1154
5327
4
11
82
0
77
2
4
447
1
1
64
82
72
8962
7
7
0
0184
24
62
0
982
52
2
74
1031
7
8444
40
2590
161
2
7561
4
0
4890
141
20
6777
6000
0
0
117
977
4281
61
2
42
57
0037
10
447
2284
080
9650
1
3871
4
92
2
331
8032
4
364
3377
4
60
124
7454
0
4
4
54
6782
2
454
2
207
8230
4
0
0001
2037
6174
540
00
490
2
7
80
9794
800
22
0934
740
487
7
4511
0
8617
3582
01
02
1527
27
321
02
20
0604
852
80
8377
3317
2972
1
447
12
344
4
2
27
270
774
77
0822
851
20
951
0
2767
7
884
5020
92
4
151
2
11
4472
4
70
1
144
1
47
152
90
7
912
0
902
3504
81
862
02
997
90
077
0702
0604
477
7
01
4
94
0
2114
7
7
54
77
97
070
14
11
394
3400
30
54
691
81
7880
1
480
6580
5162
62
84
581
9057
8557
1
4641
22
12
010
7
91
7
2717
0342
7
957
630
821
1
61
2114
1
31
62
4
4
7152
4
514
67
4332
77
6030
82
6147
1
3530
0234
7
020
732
0
1514
7
321
0
070
1241
764
171
304
0
4
8141
0
967
9597
74
7
1
704
4
551
530
3314
72
7670
3152
224
91
032
0720
2
7
1
00
5221
872
7
30
482
694
4
90
9561
172
7
120
8404
4
2872
80
147
442
57
7
7
7
8442
30
90
1
74
72
92
64
320
97
14
60
850
4
152
1
5651
81
30
1
47
060
97
311
64
37
51
611
0872
5432
0
260
122
2
7014
810
87
9401
062
0
784
0
1
60
4
711
4
0800
17
4
357
751
2934
4
4
7
64
42
890
044
14
11
92
2
4
2
72
2687
2974
10
940
0811
570
9407
42
580
0
8564
0
07
8610
10
000
40
24
7
1
0661
291
187
6761
4
54
10
11
0
4
04
902
12
71
512
2
471
7
6550
7
0
44
1
1
347
550
462
590
11
6952
0
0
6131
1
994
1214
211
517
2
51
814
837
1
62
40
747
1
360
2827
27
52
542
0051
40
7
797
90
7
180
7
1
4
54
381
4
2052
237
540
7327
0
64
371
0
337
2
0
21
90
4
984
5367
94
8822
74
07
2
747
5777
4
52
0
481
8690
17
34
5370
1
5724
4124
72
77
3112
1
17
2
20
4150
31
1
77
2407
41
140
7
84
7
4
157
97
40
5182
0611
50
00
7914
270
174
9450
850
844
84
8551
52
47
322
2
4
3912
8030
17
44
472
024
321
77
72
5690
4
9327
30
172
7
9892
82
4
2720
3802
2
217
192
754
7
6032
1354
1
80
0
77
77
740
44
0
1582
394
41
17
2
34
204
701
194
9877
2152
42
440
2634
232
1
7
7
7
0
874
4
47
057
9514
4
3111
547
5151
92
64
20
02
7
3654
47
0871
5390
750
9744
5474
4912
091
0
22
490
1
94
94
72
94
1
5781
124
1310
20
34
50
4717
84
190
67
8371
092
317
5752
7777
8004
8290
64
482
667
52
907
6660
1
37
34
92
1412
61
82
27
91
12
2197
5460
7131
2
0
091
64
1042
1
621
847
91
7
11
12
24
2520
92
281
794
20
54
850
94
9660
650
344
792
61
8934
232
2
2
50
7
5872
31
4
932
0312
24
0
9137
0
1
1364
2
940
92
352
544
74
624
5607
2
2
5654
00
0
0
730
3652
07
3801
6464
74
1967
140
400
1874
8940
0261
3220
4
8112
4957
40
4
704
70
891
8900
4
252
4800
731
2512
2
82
1
7461
2
6282
44
2730
0
214
27
1
037
050
7272
74
5670
042
751
64
0
022
11
282
5537
1492
1
7
57
64
9774
761
64
4
7
7034
30
680
64
3044
114
90
504
6304
30
032
581
94
0
520
1
050
4
2
497
0
4
0
2
04
440
970
42
8161
1
17
54
77
734
911
0307
597
417
71
9080
2
61
007
80
57
727
4274
2752
64
24
2
8762
6774
84
0
9111
7
4
572
4
470
02
42
5604
2514
1
7091
541
0
52
102
72
367
44
924
2
1984
092
057
5764
432
0
812
22
4102
3252
811
7
960
167
7620
14
7
2
2
1594
792
14
2
8901
131
5474
17
2
2
24
804
937
6641
1
2
541
2952
1021
2
21
0
