100
54128168893389979727849228962058430134490483661952820148544646836683148367387433284645391838409934997647556507078584903076530989363140059196486093136043735693190644773528849752284126467910088187614204815882251879424851912465177601925957701094345463726241070868888114428955006847457358060852497807411984040504677735536349919419981530388706118787208436348392854158427707403701332144411599629461014071967729104261248006666576661089677018163562270432058435735254189324173410350056255785842509839999163818180918076931227185631117298575910456521180836557518309232103375510215354228301716976950909205681720306282495831003550473041837663960627256990728231856288285900687603549348684520891442475047994368538864618444570125515178851515231804560896151138425457635203071796861529055111570194803671739651291150313280617036212329282605213415939785992677755170976078593930988049450759054253130441651960574992095402013841224170276941162813
860639957254889991220041162980188733119530380548650666788314864592071947365246512101672159551251904885366862345169272225222234160353974200012443069548578835368569983048864416603187186634225554608629599391942186144407880690780913126068848357150472736196476769249563879902258916210973524733429456543202796396067240840447170819077849217794276231000523693692032469115876444052948079628975308442092950776299583018107152694288304691828132553018459816537148412232640410670146437904919042126786466693229337760135024952888856
3481493701325680433478928811070393662284181661863621880325824202055609565823729069411376376903311152589405137595632398225733661828329583468371228053007730563108229227208546376261211122812470280064187754509153108507122254021981647417582049103045540203043306282583835202055022222075297007711502044285219390867010930356277981554109227226017439164944546363578146778308440078579610094441929749229062477727385261652422262744453793248492610422890575612255477683512955350332224512270715007167365509403042284677053262020300744928480944615888654744353927229123063124014615944935313806692642152001505102836889868228430091555385171127045889306678151996949575022159016797498156787297001672498874327186215648773816145195326028654896273428148259858430640951821824
448364168379957041751666730797788493140513206784336408054874493552910015971320399536716885508322863765559348978423000218411336941784184003445125508850305074902919895223870503017192873568870827837986644985406930017463670998319882295509814935836322430558294069641973553188116486319895080884245551713835722913762444692593344496884038835883450697042337212519972747071498154473042777597954157465963694119980047405275878308270084134250155415558011298374
03399515064594493964785328316319868075503115085976948876281401854636572382036225082284017421399523885404367277834599353229894945795336280936668000420338635093910122641175476790135807112273301592533514945217951690728155215453415379324919477884921554586919
86437654996516396742110981473806878056589836736757083919942750950154587244020617721902017321014115716626665130596165894285704201288559448923289678939657641277570139653296707871188160468165060633462900806470222473196711509347831803131337344293486704893100923113333676584866503586513243117658435785110906440644591473751617161323801322084016419770992119129082654788348319915706569731622208648968731994905072749042516691994785572871135358929852796860571088413964378511065869326702583584791536871635897943458621397158574673674097015386531708483729065513912352177647292496270672403429249688065404806919345916263968366906153746298526999859824066257422166338677330304518325286045205093464163374044400478837687551383669681737304
190367883661105189070445634110863057774161339347938747075350725309106812177267639424214011164439620233488294024114086937536275796664933919363315218511096169819
678314877948050534849085922828866171393366658969747822719811144358989044409120370864083926734824435048372816626161036424776472195230245441018489767961617341585133221098194853411222474203219458156169278405198769457360114440235411715057876055680271573662988168362970124420865754082063237780981577273227663073189222116237359532583639070286267581429358512189280411801869496918398969555968480863241354715906901274730164645592890083237501847844426
15253075200898541757724161150415959536913357474356162656679180682448006632987537657541686582438328816375560155498774422634257439559893097726826771500312657288308136019134059247831391952206827952790408690730685765153389376010479913874440923194466175898858347414270346758948235248915621586984
27044777278471294311656873471495467484696819864981632268315868769464801243880542002993986042958682972786104436107890142620019563560225694587935994771486772369414691479835064342518684433800866477611421877586959855403740956859605173425095583939154522411830206241990716570013428466033934458136950832731103154973657512781986851284033980126523190942048385777202252139493802194007139866284747721924081957841893616863731608886131506557838146616049757900625021044310439331253783981307075166799867516645080564073660283323007934974832770034671533617365166963402565537563975315237876167710758193318138388981
19818578558399819797204175977529630228247103528476139231127070708146084467645676759948341378568073204814034895119086074481693812989510930126468356411665551087479141896481596349042620514052584392160886817331019088680772374058767754265878308661144970111200976249440394430346990256304160812488130165688933814254331319552586512399239208071275516722059371246599606726979697885296793297050334302291558617670445322078141728626953543101716581397424202870248720882601243073834204946897724291278840245147212028647616982569141576
6761086876876556526352905431190938519361813936582701263208586410080893549088935441276191119096566642142896487894761897746172015548576706575934146658874281618976315301980855560698751792982167910656418135847338781070822650456307878249534176261076203113478071426026734893350286085547645665630571649201475385467474934196404834172556279713483969832444973279329248074827522953796744379907319107822144037395647130650815954211668564457510205881932553539647865724305154481957998360270950738921467311468093322066788853949094048229274761974976652148618605808663701774481999311941593687218819205015479754238353341361020464010467925535012655761315240063121795992668229051987816996336750760324357582806642168014182922429019887171057025022482169236555542407418234451119700023017146475677268863966787746267635806326015060687038605448566228808363027248274144846187599322569204202659756538023177798171827072318617501578859
39300730281758857730613771444331495238971517479991624882826236292983995000280881752000406885047781459114357234769810598654294495775051681986443913707336647647946372593881541052537671729005818793232955284122418518529747985587395852153907394320764248168445786172471311171422974562442058410646655298189763503781352726440866886489453674207298994510996155474551482157199870793796469782597976724792136470059104817487051254413646339201305055580534434806390261405834305968529400504587793741528020949900708125479587041189866718104224512599814958841360997704608788933088035630062534378255859621577910320612100226449282008404050583449610977659809050836449846022738899000489948986065039161559387045443070038175155295683360844116565296434906393920387029477737967762335974268301012063429695505682001886225372858888349360738855704315674994008026276562207293878245200650531722595242060143779664928238605108673556104193384012090913931160329733903562483521298346394221772592166882263527241191976749116173641094
378707564585144626049321053108037196440003225905670822771235604116996250799395237548803763300269665293914654801879204301987089738096157909233269677039645973186694852810151510724089944329953104986996512017249579004250172733236779170227817305775015538341886805367621976200220355
9968485848289389469926217467674978260184235246763861654454609474622083025550189045092345725700039852297218664969243023921611091652261982192182817257005027049449101717504384987041872104529556104797650686983174576328103008259304955613301663170710633119322558861265381774208714933774058411416905283171692178006893095513160889743639445947464269019164431673072791722399565110170110239697330467411777244828743890138689354258693370208161456207248615570753500004361460108912881710470268966
394237549796581025529468856538386574998471221069891885300471897107329706242565416338798831894595680095365728416373783297559080283503998869558467700030861249153339651544733320946876095777129016910153261204976738678557722326896045473179941464145492624810595909994306010281430378721751749723021149207011476716829355764621137837877567253251980072107804990415902503989607815036124854009001123995453645206609376784215197746515740079745807062940490612783021842854465872927684913548931065066182599121661524019545321470035909415849816097958670067313662638096180802722498241873633414024380225996797623599127421834774170297709209161655770723283573820267577226559792065816366880957240480505736695606
235479418729558861365664894502535196486705065260449136073865164416998581548094195956649893360892666167032397544382189380150955257314279296849966810926935904997752296625936967599485917464376582381643138912433560716796393942596540625239440611534075121898566578496662931389059448981054443283314763843004638008719704097803815429511612090085525370109552802446970318448003740616868719721025357792261888767678541545535737545127760699221548306141001827644804712094985330942666808127442082482473962778397364735281449660382167461290121580684576992156239303704450783648531570728407347870775772027496058311945058784056622916729624884785423984
210410948910096447963941611834637771357317432615937859368451325806869479064666151698774102532082143856444811222092955176104988997123503030214662059479056398818539409661475284071516156069055821095714217553748286089459637017497459278209517169634
255030748887042407890164701166075998168930533887914211342008472067617212312736903246491141976486335985148549313388998853710576458440897035821273420937061180840612619360425084931430897553919914594223621464390483762947268370190799662740237661634758889644108700066041727700771614077096386889264492989203123220046799316681350714706730095772691059604317416769295799339000314572055077659990764326987163720662840801803055011840205073348672281008063287121845375855974909764807422995039863115947380559288952183272283202460071549492013012793047402247903058052973466724088580745707257470305577844072117015565458254217026810420564846323416474416857964145333576704423721264572011144463285048541269971919694224525134721187589
5830938051124738995579500198687544751275597342977267123100036231771141533886527885670154797388938025924071147523774951527127899334436129567989336
267214076996637698532894175168236588195937190498811896180840607132673436598686874057920668037890655471617813283003303741686157454525033822533897817593024002214785406372780979133683215900244158373623665186444900484113368912676219134520866960035423339833396136019065126679482781835400106942743496782925796590094911518489210237629424910232381922381766594995608948912407698692203314769
8744223126407038778522428650007125950377341069457114882769279466895468314776721692237721925652350487969801979939127558270668318862237480655327986561569337276005531738065600376741763287675507279894844500638335773074218347311057718751702141828822307593319324144920648340238279577583113529095842088342558559822312734279044703074600434509261335683428502397552786974057737528539624154407490355270809260714984672159896906835524643215581939854418001690221737859807226700605198676885478036898245660765826098473919561779290191499146655340821493039773857297081714219048660356961367214503370911286042629017247353658733659312498274711773603880016510882915238628707921305290555422530007977318620054633204604393679095391
9747143677877195052186815958913186273806851151845490296651701537355726024750314373747758655657752435756683757234703299864542561422364727425839438839376745279745599018653857056915308436939562304370818453649796998088138300389892267684925525727682107163050242587864297785024864082587349668270526515510780127580883698834870925100214036687160045110897334371811160544662772983319469530118041162732131445743167947565800949887218441044948356093798809942128626670684561315397894174642244458251121769142502788459238190774557568316525383278372566970696363172856413048127569934500416339862274
993998164044968883327056472735148628937451631015342021761071962909472334225560832602256067179241499503786084535665153294781704109128369662500294529519597803007988187880012033572509280839249475837688580518680807313019723548929119324874818799766567153896934161574213753510214418501746814214991098626264530402557882677790477462721
85891157747973311848272949515518271504728078209068253387996923973765383333916243014843494585989120425407695390899633621406886553509309826110243851674250161646923946341458346420718333459824651027975276902239059027708048848517424588642667083310672592962510000885760639435242485890456456640907533909115457762201489152316417212265861849740135965207565875746237390510514915035528132220812097405942479835183675206942922890702958865827628600258342904075072419811780835786605495530485087575090758557499521092545288932942249557241205755451959107875921193372482490340291045020096964645671310555778111148542841899328503437249609864619915170523052154490105
84851297562734788654459905282826495695683205137435160252976029952953828404722521028685509415924526451409067400170468192075608563664916570018234196286469907740682963145363117978744426565948306367313911455364931462640904656419576942835023290198227307539044081725797432663567975220484095009165625245407822765416759926609098823370358745127517041870578138905860508377772667313516507960105927682645936031016281300252179366917257584105273628698209517439526052525055352776349140653103598898755112001091829630971494227825235752811761848207688279375348641627685660338579190746775865204630636297530630614460192093084930063214433731622959636582077373476586596382124915493725240691303470634522484341431096067539065398154952661880973088249274752525917352228135662698283703139289564432664308952980579648590790281679140341161602588057137836558692819
67938993284246011202419311635837860366764689054768126835990483940209019462145592495674621022308031687485374751187248113890556992370931912956954575362841845337877773897955229406798922421042724825004256581078162010394448121625218553327514946359656460871597242420402045620619303673266982145657830374478981072294839449597155163153371673517425096672562413943538783010180677216737380108445643656435901290641599144686362415020749685041277167387363152837468000601817690359831612853122202518006850600852379253392329769765004941569962996161712802941793827168738133179415001301348192288582837007265910227392568732734817365024839812174165089752377259181521963474815505284556685332367768764716699445401058293005991116419731775413999086769326
2390447060061823410389809825388320127505092795793285425713647154210939510450527415035500761917180094005106806526708335516170395143158796311296557368779978958727566921223934277117377524275162173211783027719861325000398392479581229792179859593479178557791834908175162217124214240483593270052195878246115377214603907198161234006972153645994004952211749119861952913971563559946882293695571140056954580829979856449213631687376492217326167820359668573148222490020994
20734075342033267187412215128518288472603057890382270938882488965642258594982275669852137532348214803807183237627381537345850738344389155463414168547736562802027210292703641
2777512645386697138418998540991838663375104177446424105572639771194741968142833753728893125325917527034314932004598576909276533994240688426655346999523106541954192893942463912685781639495763878569529132485195310673764025235637052289499909985561721319490022231684270214457465651417316166808632831319701172320116
6642711442790921913805321669582867628765804094511954792631420196066078566104534455973492239850621874823351341719407107844024245891728362980742273625707637160762192334494024926888404082199500046546858894106654135596469911817432748280112482137991459231333408723120082721545586497815431134764028957088221258356822707496760639505157660256903511075123755210913099084372500120171195684360081276745103872469192076283730576847809527555017375701640117326707710171763293287874780378992216832450068278393032869647482879974127962868
5137079285634213460926178477509199230039998374574361022063508350223695234513723477035330461063957481436888632377397201200723597736707951750995548026041121851635794641173401245602793787052089479835370776083162347373318333313295740304242078109378774890820621392357302298536575251355975562632121784849435703693014671848189715236883024496545255770600431491126142125710585728943071088453508319542069216219548790202414837426546298951072387755523999678661549806759399820031927336727750091055586742288983975015616645835462698299479117991843507950825597575896422753709086719738920022204096091050565963168844470474294022920664364610864169096545524198412634909719576441765592405828446077640022510803698944995816067510709854211338570039806035717499993424004880891469139504382115286687889166925181
585010719039667077899790389432525141372752017766143426073146446335329303907646869470248420406722710016951176404787131785477493917271630006460616173333955276096472791342018146753672971759886948571098966655105820143770065071756666786926460502197528638586072585831928196642838963356166181535372041690505290098986011435441905277561915290179187224602226445082559977284636154953719596084365966677466246493613261209979063742118721259538929335582515500240971862052918408098195608953840414885617766360724167886936
9970360178076501350030097439823121647296145178457132036905847945135909071241217757204978478240588831927274793412699345612182533647956664462548021986114754644935736199419084150077283773824259541
02652336160548637543656793851031816570363885016233537722061926273428687812352881724351529561271297573263255123361885216728794131473485784353943463961844875643116764076462974857615205751735128121994112080880804756048675802680434884538325630140193826398706330417602111120983881915490778442606980965775754775707520789991458686736379745294438027199245277033004863003110959007627220707321652911362562984114787651796115797094646825423427195180179120539338177803685395555366270321157576963245958177401034563989189202346880165412414222835799902274878625436472750500902263040105134727769399416639866159609362864947772457568516275184066937645649307960912008178076047960026855331722446318088166468797877306186968041546892642934031301528752909640059362867282819270060374
29020314529996433731247052183105362208978170244627885658800654666998128551530237812452594292357310411945829360975915297876630732482967929786828098679842042759898163507484731827657212260353480366879992377476595024686764321218605442694127835332820125404065737931250931561288962218450527032084706759520903262968496873622341301110776672466689278206286788174209582316126161231319502500016485
0240801113618059699067921789187635186194168321
77034929171755574019704183512383039226956475954936941132867763096115691383365810293496540007286282469706461285190277981309837983229689110850059048226959675437315549821624579417531719578860520356051810064110897589767641980572103285832879547855921632352054352115698317153509516817717803325789943825774121077717480088511237772438836229712794337864003942604555369789383779202415989028021691791842939655910108118636506959665109738450031293015001551356007509761938688949928580979635951940962519882069204816918771565113759045885096126532551445308854898569140982189749904012849017997108031900850959170622136747424111149717595499345070192337243870485605815535495822914692667983221083868698865580682463501276140031656565
234319120124363790522605905507021144707669894038868649163454903843865340412261578513791158021753324474513487305303586230465651939931878742735128966917352856461196464017666442054051495016634873849850145464721294561427323108689134578486030262372572435791592185331306664398329014472494191536887271788039041259503281897022435568952652251808284862618640495095901101799721446251534499761345277417979664545607355706208108308409070563657396287427159792927500218509563968968871644393928870846174879734427951135076856094215427363148094622589859601921344749064581598320815986035195900725722601471713185931062729439872157701211036593248089928663349597467682090490389513842263855723466160246869786286667678928781363272804406616556712288104168601697393478004873502914176610354788523574054771311740790373603830549276466577958335526232632670160277669096167423769605554425161018686270307245682916739368843130931091181787053312233081330618239304317941647552576788042018515846
89329082622529485726534714473767507839327062833262007788506483986526320138740319029770215089640343085509882667601840365253930275870153987548692145623471112113849757795621016261365017617468704401216284070510629918014043639969388551317643115016728403656773825174224716324236663113364002590536952517576792249677754937556509087143565467135708302076010209637243824496410162405328746088615982569408836857576736657912213009061700681211630608080230088899179186506568452643139662564770808994010285779094323985090147687
5049282701392190443670231947169469709906212220331093747648889291304683419249830104656215508914481188328271290562055728043175708154130226253449170545188874353062043492417643200192486945575424800664037546267544676292694381266105880980877201093326678805461452971962064317780612373452254194783871517562365757580662530759000791987881195972458221962166560866495933862279979699321896359031869634759606158303356086089862433376473511280456768148869314941065521793279439876338179965306963160118972209553860188672747065595422951906550543176829531506282216695142461713754354147014838904933679873256569914860074106056917526469291578269211880781043571011889966462594258850396038797902101839073742967655522784196597212008577941586928157909242657338354489447534751906250203913731789468427994922316817786372541884509396234297974352294752893721326801154908357790815891033884744
9527588134420716273756035852275425444
5652069931785611315573799216484913983622101036699681909208829958502223296484082117722622300350059004398644366470273410322830677695109746954948510029678568911483758421307657625101135720061200753812696306584836097490070419719971891610477377072731530702274743431750728510832763083233588450715190819083143766874139224823805945484892376865236488797572080804540309136142490050888448747331518264709497707422079754365023519290534595982124953944226414405667618803737711999004821661256230006365601559168578781998864773553682222064906605332369190178011076423546770735076095695553234494602580344769656344722592652786188203868349446566682649317443805261883337397183742173052039071078152609
0769969139144323986769085741985873548284464189981832463193540625773704002849068743968677157780233236904404679209147585308840583326267684991336359058873874393340089976935829900471451725081012988010437858382217796523882726859889566988313461109462571967238881448392085917518833402795250732770513075747259656122106210030837963933654304858611398298438881646630785875576553841912953003563718670894989470800658980109998485566028273608898918575046476454081484522732925170414985302135841281355080875349514332620431601052815275053267822452720582257287092792652631747207695404871498439156680432729541681914820391813968886899354681528260862825664890304160170818192285016544416242603610996473427753548905526458188768641896476024951506193291580527612957007161152057871509221826837186481889
6829524626241832097188812870421199207207203361447726307731410426043313597802183266788696523569430912543860037229672993497917071618863187189048128913864724821971449279414672414168305990757212113120756341917795236761724565576433181893895135567027613204739128842043299098860548754432785519673284769388836515995
213033225785476895751467191821667494235092037840814275478289683221539187762805670953390531095730710927375169327602392003052508025061107450329734390152879149374607747256115798059115929743321177756148771230821760261056624766896724371235465102294528268852538716184344986737763340107309830793024042918483968631625756584807591688916275252879027879016223343019118218627290020472818433639294687683440019646752615864924590731091202232506512805477158012987346459782642078156011499538009292582361623706020354131889235067156163664754269275887521758895913308222532620952921151406193534971102537120428498457269975999521910005434939
2600447057409313895039622645686050734160072048841349024564830789721432007960151950024857968418187641974848948444955951640581831381614410900178682736838099406560413091145829809691809640707633200192487080104602380888939713851859207501444201598380455578398682184098919335585867201635674579101342495537275577673738935335785381832960907921569522899590786614034040121931628406015015894221274011256495496254363229342415295171924653863153307084170534237261771012035890293518733241993010073108355424531855991143251291750065344251688486020837383586456974667400050684354416962958841934616663613659252551966270726319229970450372110326914597491602247950164844729187406650821257548209125537906307372732769395636265062483077187823687838044429101605715179417250819072033721901666450475738777812432923903684438889141
276028922215502063989850159102446840188589526280010755492678516196879354537606007933479482898275612282023842986925940279474294174627233939253164331834979659073844086127181462037577931987801668969127832503817045519811623646482946384648053510769379010267701775983133939333941243055501282365836428240317502791946131744535614300961934856186254240419148695085108008603989131015092354604229127045346117068413909661397958027806281185205166785340374551607974876878334779540838367942541019633077092748792514930883657997995075266911791228991597018216092842523435973898393484233575699451678361274507749585561598015712041810278232657533858089556862427485522967782418418616390000748254667765654335780642508426311019065997244895729165507604376728525775134773224136125573887280463450346315031830931297580082286161291931383259
52979396725687370639360007507277459699222085638344781180733558216984527534812258477371134786522042725315536502647509516123741424294920269465461253327651225680704822008049309166708779674183477789487423178177193485979898989161686004279453437378437378619515891291086871556357943250137173889092835464737871991495010955746380712129832228241726350425099765770669785390277457808334599616638371842520606948598860375447028922736492144174974555010150886705148496930381752057887113450773693137884514533724218415683525873919556609232189928495341043598111542283716922097164032243330387493592649737030628782328184408126026088496370094609255643973289336406174937691901624243709704401833391419075819602073504
684553473126540554258074745334439331194984254393277110620749427300679100574785056481529275187237831392251494227315632961506789654853967446368667065498545934182798647884774763893171376724102890285073588235723972874053390396317045106804976
55043856688711071409918291168440650160844
596661545226544892885976
87505218531737814895812600986568655439331162908165943291701353766249985696066095385789863004840034953086994429276911531258348170435894296482228460364809389055821247911465244578434635722869117386883015148787953773639012836887653612852181605738273577952831322073552391684763525124605594961655711829907849445358917088914213453343648216848989545384582428738031167993880976639138589549809289658745640829584999338392027680659563900567838875364104755613530821413143352839250744652971517712342669951440354178185767208584922191846791744049260233023728485702951545743096109732012844462179896575401998438839198450548091216807805869284903002819961955110873165785546864472661546995723108177911052429615682333456145813342429478217953699375550459498944434011527509539923586695548753125863175944548479102231371751597858876153624843326922309518553567015054890865858499347881938361705359
44505358478080878360678272153801095748671483207408915492901454306523960021329889870823824481380872360928170467907840096517299797598836239871832443450170818694667910202210211140882569784855524812791196236
757917291697586749604435609601420864406516906224379057076282432533928459820223860849995513161307785117922555776779226296845665252580711672531202280734
091016413559383406083133648644934486797268328088928157894451037521115604293903188157680320357609770635968529068859588609822271003452017041608210254337448742820981498410339369388588251172764619837710
60825026662462052811804167254834954739199860232066532638466904973383912101311111219783461180265294878220129926511511784211889557103207476385
222144752554306973254010228668077556192354949280483675734082345044731171368114990646411001284310233218541549230721377195140700577710015411106114015962565921419207054134321128305613188840574354357263945276819493449792051173144933976950065151897048133320777214200917086087482054345688590539320640370550917888181296788810934871713357997779244019
26534475684248891665287671604640592447671255501530022918018438964144209532700269516603815370698200286581658056184570783759818436599398427411566875683224920204226396583471324920421532189790478520308911037161506655773720697151987041778767925446914943376371566427345463437925791862241799518861114094254463416925818639241530815711637213182950799207796988833663412725392675715930254800917365209034586568171858476697660654293244059932604720577150767277643384171041897800327505939165555143735522857371763245184215716646078825132207628223588633637025948868451438510356957613019955120711788105994672045972843598177578101714077214784872163191556107553348178322408931284716884212610948321027737044050183484789862976795839365623639904432260812361419439043918964028565404657124661464700642988264108371948677103279169
6599523837372573047744792395738673934716781513430987716115401569014930200059975166604942258597611207534223564858708681399504688052870435539925153904097966089265511955793526702976678301800647445887392357302405955147035584042065703322125445910410771752979408947427359642702430667138271530676770213979257662498454622122800612706009205737041209615606974826317869844126765098274424228260287293230153062779212163318272638578398689576536236791231529037346488940856123629634192379
67664139397920276800995153702081939435732678404026148258542246876582375065203652573549747756871297767546263388154012795381921570189209202355442971823333212259078332979209880050934090330423922686845983505071758779
430857011935428375223590678920660207973116390244228139040339270684714519279268680700717759558479939300313610730531557749829081684303599423340839256494337888757171433131592810435962343398596799258860369017383958411343603418062274657276898217397537999687553979712490897439296812439634704659542753862700608553704529730920817353706145838413959028764151267013681586050474139931459076028982045573137763100721021542586836127470903955212136322796664128925011342711755826766642976367608055237867840588999780138038229022204674620472305334528547182135130301022711506462528107138508272057542422679732619972441792115055634204251566563808336467721309718266338171785586188465448514480128996545915195583898291918018126803501271404905814296323923324092114059669610565916361874314680917616959454450501066491215
96408587048576783063020199459997636752022926238536350220509028638304659130529970539660329734969066372599903733037682181721363288912376715942517905594202043520895043280659604561287656816835285571131439626133990649002940008885407692374888192505945532585364696199405990927259363823249309399129623216380186015642626380698176862490394734179033066569452066486382908988848360060793411340967585261494988500908118207099421302262139283020967626726972281930435584875888026800348910454941650250687262013078451695877737327618154410859084786562524804834599238982552194570032954906859382248187463208524250747030697054650695850559881041294940785510414007956496607307412364226932279
107340823205611207989308386893061097598698479036751645342189926820937531354088270229362201486265525368705273670584596043415325537127923190741263372697548544317584352395443347161782706
049156915083243365917462420325589410778388021864385117589267685494199064269867196226672819669227748191068359632406607006432239795798326036878068840754887946819798030961284437868740215104576168113684713061401636046979875741354425774225684802341918592652007436951279815107371115206456231495793530172982047447085006056012874163973695242355532923019271409175499825240045477193218674479121395449793624495347987710125924834822665050795959218051773109714832382801081126612930628493394335301727945940019212015212234775025052029795851457483772036318117499430692693919168514628170017130961081638228668256346471396252125427557253743305217474643117590806448406118819898569384206155419891012496998511012058416779514841493816442327968696039
19321870009745934096398106868576494565368768472
21
8481216410810467774564764200729314511
031065447185150503606337821274268906026436236678688165511631182416642211584657167499331366564016768488066089262835662560527695617904171860140575934841393392504718001530063804539162120162763798679370940084943426018742410750475073291469988421704115093269422662098181624173420789065
2908495448092196599764214766393823206202615258592603956488500990557373749943957928515122819474011248428247958652775630065436886701589930252902545190509145597918880226544984537938987233895185232433936870414331213495203861587423822720859367634715536765303880951308446585187758882653015164978229740076564664682640620076221688429241468263523572562570193801238785756446906873097335989391854010237760424376364464
159470912051700580597357853366029055910952735529031701831128911639158251344968677160882103696170293469643049248279251764034054509680536132615583594791096721034716835317242858351801600533859940387878383604299380717390519021781
69091379172068638073487953912564230746330257651245900045255385340882503308713844973615763965074036197219130421992812768605350128371501977173759955445469511179584103734376194469549808353320026959123281793066230477645175700964818153393169203146136507891427357891275200041150841515696891824657204986896106342740579954057509886774773698545166707307140659714931822666295137214646791743759104627931372877186208636279792307451
03373007044058604222693360972396679264168296849497953240637196970577949682674508803653868393091840895316606360637186006113946954089272566209116718560465220177379999559724923109055879753370967499294240189322336650067020571540223896131314959553640144773523459838009428356264084209758433831543946073713958429382045046674642136142316313493224193725521415955091492307613225678523157855261982891665773943373887534477946498636166191874996835665364595595981820352366794594957475522641789429675896438710241876294088519380934875836532070339090345971949446475579402403611014134980616165169938625300421522066557333229378983999511529770515897150814720411587758141558208557313331503102052320187348068317664761929684096330016590270706774226637624245225064371755119057350654738229447284
3942721170635908271153124993402117724707486802845571086401209930160211342034313684445585987332600510500255960462939516090408308554306909576402730229236970109548519569160744797176348508170450432192920069543158020162947016739340530304946531203170693656780101896847369270735900958432000116219726886002671067568176605940788422730194
06068389701151746219472262187821265048354743262762217274320985885397502451753779786059108298664692396910167204814673169036264556139334813094420922452404459022802260906152730011569421280366300642636495757943761263594122514357741516352908315585354003416815996715815723130236934387946432097476096645584233821374179475644
08476659903461325815455710937401366884988923900808005995409387282826472450295328509753386005051621450969147902310128653244702138733474437861860797301449918922986824146792688774849389836844
07813766494832404324832781392782038323313798406733303077020932692932703115444631561783646037687214947343957174398919984852180891569487647314469239094054216244149918625845574413983022933732105083448875977770056032696617845911872635192894118749579341934197286120953474629367862667717220748247530024318913569768029075139144642736543816915058233206620184848501860676230169026439273883232704848845055192039836797946296307083118557219087197938839751746080687953060121313835617133185820865403964722997279504307873095416842724357482809556197029702448521318614555241553068335278242989891717663942999861052396834794351963749249
00220465051631747375959158699334772572029676597430842460577097507979326295838692064410367007399025446178006809774089751935135494819124987328443057065451150473236113392695914585469774342376364726505326867847910341930400388363707659718412282026394250852033849954554024540859370076766750080784928403729785795513190029313475539755029461383006646816580421922270611545630441361244246225966161518646696290292864852533146634455762920249062256
776426162653969254398642440833785745954013490130805429860938313159628755192665215085397606398861614851132913390387897876380953367815649204
59525453412619199039497994918040097263936401040403663618936222819849934710590328409247250487705112673436109694430023128141621937025403202936069667441605918917785206687811772491619912426062595993577404657344414797184919339887111367255346838663526403037050925664083989807109925243752603915869205077345531219619902458749
42664603738130464749636771459880675613435542462941831487129611469546941904576624250586382528485568308957665057851945123586183812616179264371610422886258079204946001549969513633632768603058600705472198884715246986394825503363549979961331675353098565617999853909161034870010416499218681226273642716955570554065387870262245723857792685773222836246115917976269693039266719978430101380524895155878561620820367382837410949312689035031179699922246035781365541196619009805179906014516913045730228154964452585928227907936776777797737474957183930830062227372257818141766433889519462285899813822485864646847675496968900466143159004324
03862046207980288908305668693678701285112224443793921034771991808877269420996033193668199501759434254415006435943479956100989284300632926609130577370315756612621552562241692799498254211331780758392352621359689187052293228255685555944269870940490093890193399997421580397285459698326800339016955236899690946574330297472394029599410409444451645502215423524674613689246192107232800747777175406072473951174602944060587995440986561267823744034359523151007189851093928668009885447170436386966707023445790713177199330166472644581892059941004554649257340226161331891088197034442932358294765890247968930959042867178568200006987960915329679933772911351317734233268206282174331887816707074636513830174812317075901385092815534277276095526359625834840313933021118647191107472839027054018931355087581414239600591273084847828569673949379998771943983022818893391696449775
33500979915678789455833273094175968974107417693812433698436278881854781458664352216952809172776271704454719074348024864834479256587346920680770386483252604512830371402060158286664706819623849358407149839413844731732385904373692231669029252077407733584631363603820974170620023176006348291392248812450634434522161535885873175326173266763775015005887492753980361376771020593205824179839965099869842336128451483747390970725429635469268748398921005368150890771511433564905002310806935796593695227729470108412009477719396580424961708175057595214784499266420745848951520953204648781091787378595280431160364232514925400085975553399014140636793251497784642116531972178289643373591327661252333626004428113646869740168251714050269217443403287678961652744190019620781535218777903236397338848684056
40517954054461904408809517521635118009069826011628782020989099121848808816123622148367786566847360534566717583577938781108808826797894289540811255229799310041020535644289311416803894678767514212821275452147752087543907577922672369797285190508999897151548731876408808971040405157253375054381706136850877042420769999327964013749393410551335517124336970499450485471554051196165069452141856808143367867547784981947801222106845963318717553519187923463109603801721731812316347044763729896693927561205832629082378180686756727765290239187145036736667937324196932706732699663638375067758098383605319309128872066822032808732779080168776434125521761920141834294724733497422185012154514619654316328124276434158650939400610869060185609636821483773797129582460701110356262161187671705843270832936847000085671602783266373781151906083123570627701796593205104594626963379340391615706325443698515466394746688197198293773611522471376
1687443535568164490530680327262698009456222659823128278978587762307089777940240139105513668358744376241033966242808359032156594429920378813316462755858032554669930811286096149525496825214892105509518749515382997117384777938978948781355635562548844739291482441913346358310717758718087886497646452223994165386128768598031423326139500089713821397087225933262777152225357018388541410614130039134708361370809347709854488984481005301095761
803982159383888724974809083724028450358549969571478800729013494252001218567276307238429661310385535438767516695047002047371065753017245684956438583953362485824890034961852071028000221338613921934701698387301883705510524909820719240204196110918621813666806745835401766574923588657317969492895343736437870691512132571036393513975656188414618814328009477577283673240843152673538346024490271225331701205754106211333472688004840055162152818890790833215543136523429218291461526046427812060953228385402409988356718433932111577410095500845043805178176988839503317615666322016154155379299504452655555226031235844545974704054703735814659108876275075555116955497892731231706310650168990043917966607718002520850779364010473967621301728069815713842173808297276629
101511946925845704791414312838237364300556522652840969501625324308732381998203490464485203362718621782702951005015542123059790731874050721896482140166016932463751683884284516411493024617947577497898137528202500992783558345103472004364005627688964524020481195573417764142022933493077408012434699232395518401437099597044106153425906893929118553630302469262620833602190494449222757235954942835862392752976159435528155314217435389461460086266782350403873018628985349480762102068061378231835392670535922618366428254828374927927829227859692391862051183091942753372971409221178576800424635911878089045979985330721090907902914792284777987929482251978322256256964014823971311399
64906076722806325715140018727061154580292473053522636220385943757349384833001936268005708740741087299622239530590977107267337677345588383083291326074099788619532167740000677077081485432919821919974118979188944165475317041977802020155219847923813484567732009984517343782259571011092418287291365839401532677272158940245438258025419434278062795325906675002174363417597071471517920020573351690902958653211178574853010078895721249696858347447799544423421129032510032606582869162315653994297762733215658099873566719253308333561043111257170436638821814267902293177268437792022150053054848937244217792374145197696798626675704384507746307304197788236726989275417393006401868517787619959678154121473202132008636376351526676766218522121014854905064419095672084038140672082421095
1411909130993364425071396061371071464319574667734599995
846377386977115714694292642261962734667759579623778113372478827444218924720470065047429110604071977602759664541887047829860948312465565851845319143706473375486385283808559455127953105073762176882150150599142255306923731322019489867195259158745434840088123865434362551686070831691027216411271379221149309947605286051710140691782510762679351406441400513014496971969985344880159187707623809972742816615058348334987236111852168217338196027138712540048909046953561377658844830762622790802874158239975726872425862417713264325073234129196434031527017962568913629900682917680208151438688578972585886003143597700678705964617834558384654877008613470225669499619854630157095223660654132063520598329319686908675933127529924860111385349355839317958834465866549813001472440055985167030469290537283796364587751832647264601901298956499946345870467873821493673235560251325454906405785408207566969009629414640833527936711446751606258881472574462469692196039378315060848275655661267611195173048448358073064051884812865
002630975506343213374187214905901289404821397275746415092422049799993680908798820593955554166851004367103164406681357057401851184916851425838035153641671775277731349362242228459195988262082047190207399753768322161106328328500693358136556205204090978690922631981671953119990156011007827630056658056928116865907537710224146075073167214478108062700395300659277323017293030902603654606064813958257900376638689949836517983274363455611884563606834336731564372754969421647278536696448005128550505584842131933186453796686040796460615308762207600501395991985492495863107911849319945839625654736618500657916189060725425949
3322605983548007926717768190792737794510978401018309125767669015950911091151794041263269109425
982911209258192818835901070070542300959034632288501336779802698355074309788550868772367231960518136626867511225643013841000329628880817994350087794595950318924581757002051001637831079827391073445018512831664499449134903104024330391271877972881424201458359645706804487347452412777660647355249786510468390631898098345071684263596192516429289017942129963328472286142824562560038845955628722042389254690310592808504676895659348822660856786486483416490425950448243418820354696173225234716449001121164513164235281571892025149421586371182566128497948319179362903621628785045975761342669935222196990209
69037538124101315870298381549522248448536035032653287555720158284676762424447886631797960421493519771852299553435925601011424933095764780125407271717308202954891
9957782980550449440556485258659086577752006411482789730284717281262567360231420517708229001398155385773299159240935413707450789426753555559201886550000548301636560729669043459735995991355925449311137680265876827126776429588515650134495004838382377699106122576739951139795946125320264227961733865065176270391982568092201115533350938648450979174755047437122793410553173432803996411569818313269396468558597776148157838886153493049234962435624004412407351072353985102925822861608744781992161922941166220565763780313474544387285936260574334810052310539826609110456251914362970483490207050499271972899960036955234171573359170055805410548844580823579584743475357940558714444330355788630088306497282268491012629253281886297575721643069817050317011502599208044592469749453507010611260259744762612976819273457756348266108489282846
50798136531521125297475462473754963635766074680034346613571091821367295763754044383446593568240940265924656441987369692679390676844729821147209797573503190699550228290070972774292782459413851077291118754333410918806024675434321113384991544296180907174289863518299680036010816311399892283838305551653478444327422854787015861216737804
09330337180237573062418843594240571145222343924495022175724771764096469885482053798152036357302724808050078273164142309625251361347800180520253714980940650229364550096316813188766046297319331495954761823126155643817947730261011976180506387646426033545427210431735741833753064063757942726344200452161704136067839048969934064539626887445652508737847747301499597252215307206915643764224886112348377863266305120058000645081639357224523610080812388122956289016085872307014347085597500114539523901491148091925844418077518098780287648207612666936606239687459724
23222556333327793307153748576555755985075007505549527157452114116981564121146845589516670886848279327854330126116529748315995788480552406551042199808082522295183989066417839701817816597262411691033258294309641974109946947802378091324766051128233764008072062848528918473228197529941820585932165119638624252931101111378862864767993408752613867655493157327367200105400155812311034652794940325201378644890218651334867186601766017293797193173427306348029356744144305012494025060689080900072026139777841190769419442781569260834021642195393950324468325003248491853009882746886422349445529623592315796345537637509104605900869
70226351164896952794441073580719010668241578839269322130684970857997500713183832576304753048253495753209545272426751840949206943620734596852011390155628680164452117435122747379695586917128188335384210132537594366456974123656341187209387335933950847725759679010990678398652065847829662091999318268927205262868589000190975759688938212086422043811384876107220650659941431382866522954841934844112317987907466469239733557885998427489205234367204504052822686433515661380513843140123762394370198693023113021146985542796736020686085274239963493527382500749422856792508736751851656004372357907434012842835935948631348859127929000980700470736518709309515088234951511749540974938673041148750175258673432872312371209121031561968349583722665049082566475727151357696571169009017163825097271052616548271327137554462972640054517441
298611369084981376420384570710615149675030988103975633655155912387583447217966173701754614545655874015961620377833890266958312605295881618923585184935254474137854995965683396268447486201652616831028964617064860857178496572718024737186218283035531767156293734319361511934087152049190650448423356984171266775945657813336970131798278719418764804279614388613531882486177823348994212263832916389122667899782389433047224469126214927146867570173751498871668652055884849098209999473321389555440606551700898689289284840780422039493939940779067434998909436175262213040857385061766106316969741720579764659495586561767355753548756468653463067243769444411674422578741383391827216602969939341965606595400503669952245934637154964753479387157621069438978999792002258489648581254507830862931264066906734097846925344918959254853672755156538537490996843580437169554395864101317034506473250608454232942927927705821
