100
36890662797373776819107255680627492646448016524179825062016400568214927262648525091917938395572399879491
350500600562628593954408921472928855362144680070803647275444393680103771279486768788136763952464705071868729154554669309656685635866408769876119582869419182808385695276809004874702585934218714229190392660440580524764231292228748567926041915137160742634154927490414833282388255998736059870314877162440275914843581939038191663544029712115318178368950337101867990216295086481176310690758791153020274183155491775334637762542021182667107450781606884782001914553757676744376988673557850062624827851046707233641231820860385627475928567884496076136545281483865498727294196726951446247832392380820590189980837294251810375467802548649090702579711798242243179969596728465463068822705057819119833403421595374116716222344793025640681444917360415097109458740855888338850726277214742590959009365433210759414478758180209519750778546861094475454058891986842888214673957465527590095334765291892246613643352937285576517227671894148648796465084447885662979880999524
156198807419896468902241096565610411438814577154243859167912509602812546441073418826306494566538889958379115223837066331266272173170065922340159577134216811033985607961821138731198674536666704765669086173342723051294794782081946688421834535669433716973713755263488530358000182088065747874750579978797316293598377764844472959884995896361396121648376095758853382909260476
67641991743692563899434187858059503340407018377975683102044367001318306957465556030627541216368980503989611696391809456656243857736296481354749804142914135604552761917198313565079525472191207747585060681875005315085554620275074537475962711382639566769666486453765092332928931615040090698598444799968263798947914955432498733129280927746049815629980661890330305162050029336110469138451244543448076279734120324404943424300953377379871057794001838516796643709441295499325634390082424213018847631742709372417823320805961331679870559897257017239739455379900822714879683645944278234802519383917930895639129607139040388536446467988037411475173481872400463810349378797623961440318366608151229302099680416175730698461396666621457547623376496596763764
91519110311149523653626743822565864085461055434150991744973764392425671362427575049156983568906593657071639544964421322792233661664168982034672893958673527851022317813648340608758824351087217265532060292209636187430664868323572770757026033765123516466523536548988130833994231195039537365642778188099799798173114935354642770150279681893228812265337574895432544345200432136543285667173391981548147827287410430678315450383065465127510723135031223996782593674180464206337850684587409740088736094853704167163793124796953956303291702019634554021562356550308379361867373151997852386637723249547731582373683067897628836408054181446768386783825405363654472902731017402181213475749622864295319140482624470419848246224372253218853440511994000831472280166590666818294186031899909385541129776722633573741485827488619924837484523396951830723452514033403507768916485294893171682704
0984690579686705798822923912793374382052738443461265365280637328243240885574824607607722850378865032824602740635250944811750835484479096009085884237433034667839004627837394883190159068058976683763768680989094152987681639074666357558962700947598094807167736453408829005964336005548974263112861402111534625051594932844560333447250262388114666142913024101555857667739121803413533790138449301994887840045521383908085317955857273046445193030163472998692137207443610913664364020593195705406736451938983323988027685103941039410049532326573807344716622068398629678280017847104092155123506330787306885260080586553081296466715977522685750854208591661022598272517663988062319076197767894
6384756386883556826944403066137836939606864125618701342728181584202078122243174329427692695292524837500086708498631017401320217224215572263563475311815482432420920171335222762155438492183223500469950023309657167128913095445682414045813942083303061282589830616967678887879282313042707535881771093100004601040213098490653628645702074083085750565878828797309614521226592787895288942152308740322244298854097476699977181581804085077376756749555887976155735487079842190514105347304343009911735129500559672613433104630985519513912741322571927775806845580023426406993887379464764370530506377323553470130994177981313912541099139197557029780202308436387267611350510980259035393599151196380392480991513801615761061447055544804071408990847662525504518140955272885869410770113405967574395452869312510700799303829474288231665220951062774696034585050216656499465717513964306904
684457070834330676682161993377570947133844370240535021415394722348417984227425656703863801471722497808596473739140144001240656936324721072268750814503951731729116051094245408579285098084137719462992540167124369787541501631638315305027153025261485867503514019885968709707754384104
3832870219569112111200240181921277282434118774392015747693250160427349838921472328625044019058613989266061824574841931976677165219997027747788570212032878142670988416671489649415424193683580674532173123691903918023811777513652090255370751887693655135401254957561764867898678606722479466329608050137116316653005247980001078813121501510975644465096795232633452846382450535954621916879786637291598111891568622278964
610730934015784609079888959557396133063637317077910921323219805671506710255155559925968758255470616008199612733907685013941737398166712137096790237544002777418985555340486059051986630525692726858052214966242928818871963216535555614350918877810738126417915289580878439680621483946437106179167432463473426326755781252320176492233263661796400868700480926710621337841381002063518233811803706843181033179303049719519042758179519475007679437502414066066481022112541217210857834279435594282519065981397491972869204067976675431557144912528916671010057626777001868852814484035895559842420340668757828677988351489283719516454
0035088776745841773013709884947242192015256401763534085759701011971577859704335301967322843400832016783066628918213681827011397972762550456465309409510269914564170734045506170586372890705876039465325500789577683627982229118010706124275499408553943020327606378087545195046202029918760195284456985955512168867272486550184118566744175032483180136113377816611280300845070760151004959245032244933064094262785657615888970326301723047231895169556170852905697558493361135367651281632051664213887333605805590603494744772918222092824774783988620582509546467694631071546379595544003874183799768951148411434390220598516835739326877270776667350583463635123107739273092139876173385641941715429406059144753929996090720153255213771224857467651305188961430486024630694551098192030192121243544315446895836809190635521842388647624
59028530721020489663290101593622130577241503247960113119773174098343494664493485713932538147431749393765705208344463061257310264886737116660951466238916384357342873991161505041236790306159417231385638211991214674
313105791720004724744052879990770108470979143216482920734963767415195217129836318984174822891621886002853055338245764627760311592276225097690603692352101369664025800449691864642132204
78459564359895439580708836811067516898634532420306588781304890756151936725588427782893166379798376202008356143847266881454998693274361400071897476273769891775311312758453674111939787934062108332818902388933892863968474871002518911173750658252591490908457061071676911893331768306248874476643487438636395253642808265516386526629239561692224256273869019721900945874540837625951342123379236244900759316502581385597477949060144641805494237187999462013094291166665377001851770030411879124711882115486862534894507727202348872007771936376510591619476806629886035276746877565551404775200240748214182358043130549855291083163723425353466649130632609290341463381985133917260714410200854337106251302129236868422083003811951718633483997833914
376800207856358041742685271465849896765950741673103829782209858926699873952633061048996107627251927919297740855059122183472942399645957828124119618777901882104407674125180207747831923314602399514788173980328653906239011196620780415817373328748535246931182047562614227477180850686127928962129926445533333816757651075176442740486344639411195163912194347027354398196782010264396756632459
190337617525081902548211208502727231085961738497261094381656237440792408892092805900437855664273190005255522655030710019833250385079542584861011342147950891033124698846797995305177160445190450464395499937851156407974
065220571845076280737809390652145498291915177783940105281320853284946704760463771412605614594196030070539940102790687478907056268138768535808689504015894109128542251306664452999684180815745874200770838468238868065473525076601116632513198045098773793849804286591554009596794163997307238734193609397719211362106109308646692213204137354097420539004779412883250320131558843934229790312035418424712261288716694
59767972140463979519366955241210080931529449223051969904068290454540330924058208585529873361783260073950209063076884285785454029711423819324743481589734
96291217880391174156224783726357296615474128227098431832361745110706552624381385998548031254028435344515568297494301849374602540749649230350589520997292979756120481916902963610512305993071587480204824516132059109174783710970212424167751449446014678144591985482333635050684907271634421832154047601581010204426803466018647235308644790075486558929534301438561524634318807445943578471410859629897260696538886963547714199588789188339577648145205379442601776699236109119956491551834741215668794267156756348816533252522086233190732813284829940038070599281113390594756773478136046610806620861744397179984105448790936403182021890431632814361990872222839416320746330492155239525162884129943634551894516909601415687477431668437174
71308881260611693088065025320784750452185149032229014300920809164864396257849714996595113854548974630167489112875674409788391087832805763938916886015713362277751797881536531802825837072096351697456414932392042820197190494
25471448849714623488102204496195073627808409373246054652261755339044110932666264679984558361477604978661917241464683409218994393821421117017137777952162640397872618297427648590416301211602156603893644919056492684596517153746283139924809358373059115356069060423890505950263260783863323052776802665412327056233894865795775715214506233405537196976769891764233274736650482042347028236623416619189029004932315870104112693767183927877461491635346275332613682668532008189491456338632645951364424596915650228260398157963450766287984406137949828620079409575519007025319872260901167842145316930998068546570934230886476604465738868744594577989723271042046131726084348478941729268337872107758442565272167046127482892745863895384705797189080733560448968091794931293032106221307490516692066907419272014
8638879853563205415997109552864927104003220018569967892822137290612560215811812295504296030268000152196872540374050290403253735950981389500832526499321003108768495065257476740540660183643858374571625204373008089909078797902164665475434681875743501937284
81528382280540383149861419863476350588763078100560687265246006897222961333422845240125898902279782004155645123867222654891622347102317861814437433951625098067938617032610882904323570162217495050199363212364893020396504353448354866143071346293242593762694517560240814390889407914197265505250079584466315941325781235733248470877649025711405389182922892739514
8822352025594874508060652024159011086769125029863842387386758483210186999907585478088544777432713638088567224951185081256473929598169272521281284674133267967216582987152808913380620226109127193121317132888727584242439056575743149097040665099168389290764817740879827448264602822477464683442829773795873446408443288222312820753681400554087812226266551795373923686395970867383535014567602702482454598563396895759451474722884246398415660334129573590601617698963792910629213602544285746008940791617028935734282666341557271276155975240259918365470864751723579784042200647280152516340951501938681971620027556580102265817376458373091322042098469299511391250239597051852842904767626485429945945193224174912139748218512591509068889068997020423588649985368265753490203923935956799721161306035673726734332968309081073735909397319426032809128636005150006843791908768003358791887887119559780341204776779784
07603619336793811088669910047930706741810601089093096951912590789661023135174123399352143742634947783091046773784251158006761623915859222622002128851467291623342825106399671937074
2694150396691734368186417455898603917354187144297718565209386942886169698465821928186199139447998584259620094258803074770609083836279748714599001172520352009369811992283512563035489768014169921196385265275909547338606755488622743118115009232756454159499867331294062038642135987521352961420645468510966549262956063230477640897128116276854289399878641349571892157710649484439551750278172607797629676454815675847805137857337594230071888708882381141381602217650829964891736550812091002163404
051406079155514671835094
4014718884034081825023863358654587434957041446400542411639814150907702236358047477700595488793133923270258208457719195175299428840345477286299839411727711463265335151307102715303436121712955200915711058196342503024022676841778028771432686187305565656086469111369540696553484516526608979929748076716764
3873393079579766604182537570416730926501421244702315074618298747470315932226742275231839085798484388040159106926182244455460686708644682621144020338374905897951209695129483133525200983853847223746619584502745532902253106813332915279772808249499922315248673874892694676058763011356813076885722510114661508625830516543900821694839459224797870190771587105078239005061466298386250929633459232725404388025693949924252995932395687516474338812968106040305018438494236347128606862759468763365008515740485613111591625156680936703814096077629416832398133253523495219666508050286218422344495899892947485399806352448090588271118668811383993325580749622185454569200859551896811028351992588571811227248532452296978607318713454895119517234544367179344811685069670562293382816511729161100375213194603180297507273900269311901024779693246419311439412263073906023742059868485314263904724061711531680256954829827970662385902322421421894259943009783928258116265725808449541414651346858562047165430624
177495360103097286959511119457623218549918861014579719714478518482998518286596069734033970017633990309050200134954563249740864017608840908083824244648584455202606990786120475299024743970847076185768918727778593541168518823083660593991903586002961705076502129623738157009102250619514804744158558965525317181753174189214337840590270247570571642460045254813249503561907644104204546210890164990378088679626178025319283319505393589571183534886119967863473514350108903496227246015098320413790729077239722124402830608976021028160852573959212923016840411815372235681564826404646987449885585583750886323220491629604472859390572418266794854
4150494390345208959911652429500084282773787366321358881918781214254409314793202725707333923970792089919721551894276338046470135722439665448419875935250514676958781589627402917192355231530585464281538235021659201327718770387236686088075475806968759579400644284570437884227724177244755531818278830358463966160289816989335486135701066140221263948822656254
814411092870684141322402178991629279506592401586600376319018765999150266090425966347850378956306784711199189348124221788167738493825831227470608376450882312551652723996117503876502939632718409497029527607739460966821943161619093206860857499019394988618725335987874656822920111775712689962986873814426808123229372990334383879162057960953166607360310516952771369463859350355656095193526255559115262998085249800334442857797298536970856639829448887810713698999138828914602528994806001382859955665969079564920986768453715433005440469810366756841891868867183192268493538119513082160194527765243668514249289964822528399395887542417026415939030550820869791107960681291501338506725005645555862604090589144312072100945430889065239051285473009367577418596801460642952690220929285675842412538224697723304447407729798544163349260944
5714365833832946221596860982600391386111476257214115623263250784718319138098517895848317976405282377595007251427657696860217456961086933127190991133628621291937155097737207175910173357522260892432581780691244157181926418969705562216789703193869423848858316450045811175526910698040905517674416548744128948442803655979520745920328036293993263444016891157573728616549361101381025879974091181985313338862185671016501429659965976030000207979495939652395239049939613205617711696467579814713336349631012478939198746699567797509278453438039601408689941086925504599894818364590490737409729191111825457587109788130837138856301319453396303865554
599520120873097578613958367002852830481812640090751293185945431455839050165095574201472428583775040051811655567808581385717961407986866756443385143865644388030983874905352878919365601892226873158816985577562861894396658704318729268733083783166563377620910829157826403634860925126895012671161866346485809296847020437740461604392617204373216000266234287705793119719722081113335357494699822124122190556464015580504396772456149626317902224408154386091227329197725257459198608310064404250753278119786471733936076768584541009431225116722625957013917488278272872982042939694027585192124941422494394704795662761253953366065762058224891096627156255334346958493868860931993140792200859603665821632564927722853147191280757878019854523424787759081986391134399248433498181470441697822049879775072957840231189651949457224
687273778927430050632658236097401213168081983767926387931295153922129764575326297716819333451915430909617354810442728970710608412771085050281257131183985343552377134722491488125882340217735313504657717842235161343148842707184490999900087218239726864307441142917689166747093005405732498510987246790056295021754110810815932849181240472300731017833665699355254289363180316616897887668536672165913013445520625666341434272119447578138994574559191731684677864820764534395469132128936059874831237356122750987317274070177905049184410196140502608112492081481079012475633341956664
72767639342337438173083297321244768068422758369566820679525365749546043790386838180421537168757675250278121506621767127230060102335195866480595904352655140657341137212980092248012440741058764266579317668500318929639692361955964510376457616006510633223379515159431580233935234736651829077485139954644835967260614128510090818595919651570713481470937483629696089687248023125397184414512954988379466320589939930153087715957411543523741016335890792672994881534229514687432243897303037550596663254931361777979229155933658762525515842678102920609735167424511650943207133788909488279326287084423180244494212031726670496741778758975755056128510048418448758807448472277233332308964773901193100014821892489217466400151581883668760155395941828743546653947457600016759295221816522801412204076942727
384108440304882359956226609057520018688077425325688318230446811517762863879100619452531437526195737963004826527242340008723251378912009789107381969054945618111884050359023233583178042606442618386854368181178752621204664846021457388809579674134924741141211503204420421176083301390162450218514819340453066709814172031005147965687719451504141309835934965060357883037704025438553045999225438436211432475642319364931883199748185648689489835601393445230970311094352031306966571271685962443253086787397175561606146399705079071152229025825467312894990575149578986826117496584008073710268485688793684760636958562950178602511751183862495694526320786751281240389540748393938524908541770748294566685449515350679912176159077890551346266870962355091412628544214176063897138343934449098790508170323340084024140516636942936483547939794601980077531504926711867322453096735566171972696678264229281733464068910593553907009015995583303282651330634
02469104559301123357949415961469287547781657197971026159227658468534253958453207290233258617273926251090907958433573377446375523480892638755330181189997815054642805440055891949580273571085104656615986115482766389171525625521171865548543268561277721829075374302121126323554854477614731322271121433541969917081893460492481930347128640730779191517243741451285209710744343348247327004762239788417003682822272017889182396758607524164583689966376432553643922208499487059424156290930092362871040162516947473969801318344893599854286946635820202942930078910685377695694502866907406771469195309982457526160458532145818343581643167581204870747663059680514345058050958666728028856504035129767423756411474546891757799713362803053643491951420541286295184490207391634983929870438999026461499218000942202119810781118011101606111189032562244101765314975903222049286131513129609799372196937993965784800358315863206513069114060299181746802041864825628185535344578690981973075263742577750954
33541788547875925923436806556434300544679331452153666015296006026257321769810157758496897801271556470082231478754734686173235074252929270158236924124129051844112382539223659076180530936758240995104877768185189669679233154081970845051994592604929843286704663186797276969593206448077606176532044544637764360679808447928073023015786451521320696709781053479400491750780991450207064348367698184495666084313672349489131067966229263002039202998121152144533478069586968944529343484882978788885786314977831656462401939507431164334335851642759046857438061269893374232601650194857250537678450492022729480308177476186562995772070733666582352918991417905410705233975914174497667992338588989747555423900211742326585556529063059357451915006261046815887573980241798711844819910654
89765807621149398239826928258435382204261094440196034335467024546837401898941547702844907010031668074035010286860555545483245288715797103970202206799412245497761410248005039733541810957358186045864522864877239489591707634551095883135072141885928174759692377551604060851081646610382243505610026970650950513572715253391393231750883272067633185674
24593479754393277855947655206098217172763742151135515998053170652298570005299533784833140067000921737608404200648310273317861458676251454243986779704057826256530643341842528336031686770653285055644464561776504086835430826819830597896710816666378955396449028175187226602253403616177893326017233138487163848531479405705541368390838011012279113603301428222392915462920094934869050439913466578099010214489007214815742860983020419090687980641283757694500486957815989046222629549483763148062622521227126772863659651670533259723648196409428519797634149808861067117630512446453922545271400005799312010641830153644493492261318809999851368355180495103509930483347080622103764338172988990035594520506567196058623093921807008763312244819084444704
1094614544887062267673709426015531804437166592854415476006970348067212038328219145311880037088198977180864700251903056571883521148598871672655445020718043519725736098330747262395517152807669481254400269092556881153069813205386407199985376704077771276052364054
289551364345665290913331463807875817941390632836966957242867309291166355031918024064819462556330869087724115706661669795074314715148501420386504000865328073570813384918672950413628066818460655718297452738453206862021391547675259483335093467062450058797902113594909516328309772181965093705354795188554647441582844850458538992527266726610454580021671536864867663372930077169283047772339579515605617309548949245949543542125375444
8482345027825183967801915278653398306536756616416818463388043574615867785267389207968372817047795435658290568416316609732518361173923792221718720849236595581160832916613872673616444464432133342215648365396396115181509637535828647532473467698980935482270600670524310391564322886388952438904365351165757164824479465924980158926036034401562326344514564838144420884505457521938080060891298140285481870641426854010124317070871096313825195463522291782564210338522524014194041148508834657137719537641991225076357606957592072308379568269918803031378019499082439862241807329643528271524055435428654447592963626656994658607494080020189743689483798789301810495898595863536268502771400447171055380129870648568765332762938041135817832612976874493065023209523908842909564213850077109420457030126730445817254915639864257314087815946152574116765804744282942944
828310416806284233700727220794331911123284903716090346650187404666373464341922534162796807515546802996157386020071250484676998237063847924
057725534714948149860108315133951248502688084130406108567807594790049659090387581598094841533435335987014138627007010024571595307269623010510373964048814881548864467928603086517873170965100931274792913622871377896587652747146138454576324984353037776640644352850151608822496738650525029667580240998283798588498772597170724207661479139806959984084321209957302214
71306288810166938855555249784
1259493730664981752317541074717078822633121403711610837467923168734379845201255710824198698352923938719868481517839692466348015928911520929461284347080050594452699924472692155037972474242577096681451375554
41989999568932299538347742549123055384274820011094725370333518102512099110912997907862898337800185699708988653539189888897865831296184160455280888115295493636585567654506990750926762289141291791516246607149089790021692055178838026300428494839468108218731494120159142730636268784568851296927322813084609161868137320004459436499819983574608282203004727038946992965285330196932908264051355409085159624211792169795266274559595408542719582593536955726982112859510139020525297844285804716187178469392368667856511826754643828133172271858409303607284445454616535080449318332631681262752534905929797658336666494
477083304
98647469121108138457256095889427844492925445455627635246498765477031944966008365332840943929324474756012491945762232764605455414842573974597040909366220146800694322298292624467929205999861898849763894520960529375083288052657440531846671436854420955648217081170158002411785304430878881217982373765482825831662695443535032137461943518803969465227437589246533544373665101550139464856013154056101489518234706260026144425143258057266350536712250422203607667300178021775446376581649015014915805233906476952364034702140786351358968786968076731259021628695337932546990861071865153680847606562420681282645151366803390773092380551167757638623572882682453102953897866082868374298366809142321713315273227347937216800925442817428895527341300612300157743233372717836111240407035671231229822159106921338100870791854166003212584
598475092034558709198762133898275816410798738546295204130411284570884567126089661884938140649174160014794204954445635710532023078138996695588305134957500398174334453443333001935580455905106054288846080650756237409285261906678179086999339791950582394
333163376133081448238205424451685185326493828513623828595975232665358922427005999061038515824
96225412758461389804325800841852966345471297159255964608093186477508867302173375334525309083586065936123957793402267494100964996409861821727485982600073335590502163584916431524105560193619651221378140966792332836295233477327688098389165837175207074471101723958521844648194470379528798738350580896419210238677850159636995405858897446638873107377011444431131234648521316628660892203327712592829962614401014470623740446400612855881638891623022941309674957762973557319451516687845551303710279293267269211826749326542895527060894167991144715981509214962992371496927961590256700735790439833442217950076332667611566539946760030080010576932311787393357299942747131174477562380066075487645757485507938663717307490634607109622939103850592960310242857970769668861379374423679673944053919770672433757989541870416397148183480465809651229679222592740357636624
7659143422543868151733119883180276280297506497188939924652223810384939406487782038366553891896318463585974984114718987769440746156420680042433408230787488214164862142325999691163440407138557967200037361334264380408734
15848443055700749607797715827202719141357464774785108313178199990532467467142660429863265735215285513229470296830750484942897263168983287105844348649879583574031181666984066436303162683918098080288508675852508251776774527648701360606292236522429944765283274879501152832343484360670900325924793958672260905382649138140674694988680868106468531464379329043584088776859761942715757083577388446001892817513963378257321867901087562619369895923413481764383704788075435084
253955567963379060194394872418965922890916471374
146893640582274477971758353891206773733755364178459393137619722447277171133457343224853089213802949457832831591422121860187227017512797830031199021796674731281337836481520551303919074081567046429428912766643782480762798772153109059849304401805160902452673181478281076731317732175383198056364340939435488678975751763476561118305991645671741345791483229163732468544531672967831434497620306673682664365561490937620822769536045444950479032235358906646563376917566250100966989546707891134357644960349537714171233671240228952608458606215097943555358140477293738462141069009585434031373422920184114313385290319233202823851231507967254579613850189662567596337100926276110107986412189307855833411877053562446483000823082417150480997276294617558955984148908107602594
9630662449564169472478801639501861521949632049611083199412350182243409164971884033890078605728262840538877496329109681964627623466040431611714583634253401934238227498564996768861527143748276289368244057235652591991988671678437160515694735509831378403177342078398727179804554229968803415907331660852989714881840543572170404882184442449373467670764537570691730083309754926524428471094004618201572060231189505951422544819096630597537499208027882745135656339376781051669720054950358848642636894685371476508613912722349206380174203394850462324906579384444377924529024592408705013406904158342685903757421088273071902285348911296996176079568750731200784
027740958239796586768506685253173625599220814225984177479222303895650160198593458139545051304414406636952800983411338952601456510672052695457771342768044831734407210120833008771251054673452900732567981102433664937617443862618826315352876197901738166220021053104567501349158259440607050934822343832595657247925526427180062100395048175791702041706889516103317057156473716057681589156472354881774433555529307026727992387802401229175892769690448488834347259981230117932857372004354568548038820907829339760204656457102740395562481238668569338128832409113344383444315892787088292949673572922205971188540178293720752003067977977103940510589103728371733253891988069470865507850944309940966373502871788259648864179647149404
7835983781047454610332159348104748162078959803443374693040126518520456494600228632553484047499862486665845116040798080508251716317711477976055319161174815479914857719628017007481435085064498289110873421356365142713555287319107505386978058928811991985449801380460864768196621073810053687204391749843209006285091709151001043118808851431287622524393597331371419802837000792868748258542907251551810520511961868746028758477431681273138485154319778764962894418083524024269876056963181956174154194497207736129739928110644797994730748992197088582153474573854959858138136220177376870474912635261314978631015939052322043170147390743373101080020489432335980978037031489715930826655891833011065982025346944797330897994010259800340976942509278112890296978436274218373366344782898729638872437650941233300748645695955910463282974070763507220823544800423738619141040696324643548955645545826034781861272536379887314154770670953983028423697997734
668665691498196216903075905906847789170998996514852588649279674633494501340377073700112286417896399041201527309117155032249121277596995559218948435270313663481007272205763514990341834
36659132152296664595496486087295173365955415183622242997363198897777525890074870750684839969304214476100274507862082168267471007742140113731123591984177301899464240928278255836249853770585992844238242939828810004537680205744185991243828447925772307491278764618162527274947790796615636345144680863022710319546454483806224843111380383788057812563423883051194666329617463738057930978048787422073743130678723556459887039624859733034833825882273606594284722571487246842895429899013939637820318135188599370556849498785920081989032687284879565020765411952164678012787824723633379160350653117244469304758863378625659855690827274251499165183851642130427367956436604666243769067060440920990014302774915572966217851933543110056426242327344107653256174575801079873193322247887486700188405957914043444738115791725046718962247753615314332828023661481984733097020774204
703123272057657285499231110127531865018643418235831045115458869141573018661468825495489409857186857729845278877950218455219108929058332528578329083890376956932139636111290171000925508379450163853866835275598075486344775774623750239453914306175682627606926744
961059358309739861344831201932533725722009872655070754243801476346986663630505102390518628562100026160844634328948841780744658316310164605026143798475838540590440008665468289372090799656749874961522980807723012230590294615150116541272279089309908997972710652471519524414451996167649266661404265425959165099780596548902188969118380893455588184779031341240719516846449496798511006777865660067178873796934973691171466785779708026616454255656505529428906716404967857181663731165030924909773196793162418385794663065544249195228638557185609340445225761848364001464089331919554948316613013940696440287730570692512192863057742317944996036325387410191837665088173868842788205109793818676555773097540076101246930615114136436577300148055610733643068465721527120727593629544814845440657751863448603045730248002750530828288615978432979592416928348796371350275835872122340369294479668494642945845383668803449873274
286892711413720792950969706331792686400319381965973698991815879294606885449580713072837860088327341121637381061195338283236732675942424460147765657855407089431047505543964186806587173500333131199800228492978023878976395459183031431504650242175229399531108922390972951950092999039216270894150643030089047767718445784742207017999894
13354891224234
8470541711953102932236595750868363694212404818822671106165260121748073945839349517930895401790619208576604422938089338721972650857728087874774
1117104121030361062799116618445778804068220074931789317857953912103494412270589415558350251165023986468421583366701019705515381632100546207969449082134339671075881998958119211682399806619090406329191894572835283992522456478635808655522106399608046535467219730044958807237593561961522323476963648582116050953373572983089735112970122808658419972841676643287675234196107324161161262276873174040376065411939600548218698064453563894694801717148824738110377231127819037329015064656898301789493726731235152917418188435704950153058779080599137192536940465893071177843259060336704994265885780771595350229411450282662273009100637714
0384357040566383776280558035045885571592809057211718988890923702918245988734845978633274182172152361458488399943233189303566222342299510983242594148639183666597775119164851583837310182894719250905186061643171233245955529046845575094144883061683846873297415363814379675087605979823360031108963092941658649571574623428471168661555368105605213727354
77382041854997023103540741908426526600282431697746029103496102739375116616906305796335157187325547188346507038046888075298143636107433200275798975834364240671390033478461635655920209093928043562236825232295276941904057931040054680390875513036525520193769820333965857867239271699659120693440142989946298031957804914910574465376614476500330041121927724444498289496007878091464555227198330546620820057626093141382272178278535965985575278233388586197033376142084789735079146877462903453058879576533989676831268375204917950933693408824769441804471832554
214908429848848180942017405649899038356402890407492202462559948193726686497947993652817250635960434287244992662779440077142919157325703023033091959799350796720300159026590637690144288155679007399532751148426289337261165680596314978969684454880730852414175219266844889371176957874984802056464875557996301741481053299721832862067583534274164531184308515073914
6745895748267694715721366887949765296448300312427085424747688399943433614249314371466147489397874652699475959782864273339552076758661616137037057271138418483031541411788085777536483289670947175054050747585225310212763255144722642162878119599039125086002848440234
070224564624080927589051169391957898184646752696842440765386416380313646396140572254085357018186258523340415016656243275263874869207983505438913494497634111974002566614623581172450221186752626659142651188820580377064034288094424164088658700459346559906374847231981509880890822229460140168976152860918707651815176287260707722595523963171421263773978978616464900788733590669744239496007403830715683128191131284364365151268808639502102460695662490171590942007789082234208387788458108800265400396684262243317548051582456033196607962490673916253635864998470152415028588395023799038
23637780684898385737329126497813703764610494224349706075646368117216597492361038405704711842228233092824434543094508338681495725242171754549303375831529188688908134122409329739053658923263136421321708670149818775218755116386178424595194271075926592109973167038083122888131561316194529298014023363101944169095778031836461491232323549041365190152257348844428678672792587309660716340915888945661467295139701470204356743101852844308959183237412248664511326339895072574835850213999645139661676991416742855813648039558409494
33774284757563920654984649614584
32235582993251705980874058079692820283655357021135790487444642784348325576744449675037819409462096254127417684079403373297009188560394784297092653242224044169824697089050609939000694391462997863582511277449787282611734172340827519612261875301425288887406412247905843075980232211051605528722577074377896930965692533405659515915421199403060424214699507748106951230158892997102183411995639946211153448416910002717148202592126184506302021894824
767928747216030236354393309399714014734552803477051600120029374546104957644409382388867392820988527965182072286284031170245282998615199838298630656719788022487971043042855505811604864390477094840689499701763698664655882196931999264425633678616783289466323640044270983563123777160988735809275943574396636061509474086770913563785927464770722107299256781417724027579222896414078132243394
23166577727111613352496704373171238281437795253287220691653120355827931166684691275807132239649614572290271276310920435837504405757319405734040059224956282353014197056385081667891327244525709931891710428047936956881928764617578188936017372216598168904265923772478800632766626207314951142565894499924910155305097769033092957744235271800130901799443528809942948176991862468806971021655877294482377269983330370443799722808919200593941570793750644831378080993093718653114543226776068041422879574935022126711348063563284117619934348430824418723009053359892724630233512846745264056196656676517092205579777708055484171639145413134546283304111704343886511836792008927104598534564191862161999238807224218176568921242724296675336080357251532177592426977945688098721074917842435371451656658504016632205666145997816626452959514
699640663253734211585970028204260955621826498743879338610794152176923712531482168768911651118037540983457145301507967941342491977156922716781059979947442345891508283839448763234880466932645848979234507335572390026326026283590069534394241142634388911605352295890354358686372547565658496014364088463601939674567232364351487544152680743308276662242123539565086448206103361454973592054787329998073202159613236750710814208296985441324605247707137540731895414048530739307717770656278126773827376817254479487337858324485533344383656113142328470471719443483863240577874312945680318983474858611293809471996236288340704564370128407345
03774293220631336294113580398421327768628502265623936121436921891472830336501535542338923108108775825898456527515726950029805973952753579185840962809272056727849755568007535153016705363484733912657281996657405114192279571675676513916432520053435690169078219485214637115675266208088482011372255209905287995807169124972944809589315822675240540417343059634410704078833795210896258956903731161911542268262883939802250975963969252750268649816770424530082025666536633472008018280569232373148596326611917548943748084
2259339621721438257816554184331061517292093923499573312203202803011016315251118931597020663592209554359232103401003075968735093647971572549214075957460599921940789268812217571271596729892137422056862566517451233154000242493273290529056219685568094549410651129727141321191978051097054964566965854090582031829888985446027368498889370745221651472579788813000508522965507534663405141015075044746227738811498797840299944785155323844594725142494605800125849875803033800917670272208270603335391421674276056929519277073725055157348478625284590580033260349649915179904295025497739604
3420338182240099122808946133604420244721087509205441035572909209884509738385286666074951238743571002971581999213446667698130473439518867421176101447894898724329011694
071880952681357869619314788020590316118902261307184478624281420837361811548737016207601030119828301237305123638670061032373970305759766496209922866693781039481680313399284691151256291256766860043304485350232065400832083128733909065682313544661894759954748002478329832341079237514484154848735681324914022734719795607855438759462586093110923672286826469331743167334870062021713701841399705126456710382751454338359631323825818395991926832434610556083103360460762315128490871993646294625695109977959905660378765520114254695713636373449028013280608314793630256806681256979554510742038985003413922042665204246207195724258655346755890441173974182962774482731391229517414655888606155281421230765976149070676643992613910539726831553425524034799626192290465254
4117760609028862626479348017419541350398341494193181980396047575576709095841944378361182758791064667081625646434564292384472296109616692388757637126649269419610996168611032279708437927085278985034184083329863711103663115490813969438740852106521326395870461259204888254120642473665286695000207737149391524727916536804207653787732843716538166590650352813873106390055470460125331712177562935855767810374361830915429595631040049986087191883669476159942075582568433430098127353097927630471174745204152865248559815052536663734583334726193135344617869357986807465654123924114871238427343907091089767745188900746192586623873004509173418265447092381247045368412445421152689615761860360231756291569750635509760750153190261127682415636162261744982107120194366393680796442987760216685718462424759133978504118204631173043231604573302290167815595757463364596350140420230647068394
007889039103895812280306194346791384893756747414628278234002048222692458204088692039857315626298742087037821164017670434538928824612424245227034045102425614485471696310862970957957064773414904854330263950336882220982795863944149629185875323967489416222748262337550636889174046345173645599767969419796239471374893571684757873097906394938141491704439958929976389927197881524133485591752538347822440430668636484095966234961644741904222827623781443266584240006063086077097422283487132860813549658127665120956776585876877066999246813189177614846032773143951006462547334189511117297381868024054137755684265756310269925713059694155135112331205734877767364751124156375768725270756259350465596689584282812733226995917180175226897157043566323998206804060433946544278215812403982277368113187805468766838284873067897573368688310069675642329059894602578414139656654944668502975123078941332368769242929727415742246360038033525403416433812748375872181252350080779069143903966689562972326757384
46456476340248938722480147269436615416352094077294505502835977373189041530779868208167257999562531128055175569679933877853132378442938910265426141178068211868440233021363390292521818710699056532499345394134324506906142428984771605976155469458043809289070795013842039373590993576773280028046128970125511302104899923648320676399973493658311914726346301330447467413131749415625401322799972560575080500856496601191872396939446945631252393553830713301839499429603674003082751113469614739440144554015574766304857794931179490352666874998298955795894399892304991230178512376155949389539683997198069854079797971037821774955135830902460671812869695823214067696038917563265305179489999836476413022169293352860295407512782913052081762625631623059327903503264929761092600893293204272016229093328444100173681136983600814121199389713126516707060216887894131603264902105657013
64775115561699686811457243684684267879525594737507035399938402958919243023482469016381101548028545765355495847799892279655064713098572844702060821949142347852279360526357701715530346997902677873278559828493711407588012600495824089956855079994668844841906176847830599583950512213048746922234848084678308038685852129050603034327323083764048528735351198025316061804443424211696016350997624222967314841999515807762487672549130881096510049780134984883190046919004146303391374728128172645577424760369353367684490612543978384799991298060484
23696641258932777937482086901281878976628390709421846318117557103690986384779031112805507639833593572886095413189535875955501026162419614341465538929782660143069221127354338404741396540924621771626587483184
91624796974452472740071780740762808735841301375594481833180687223447636673296447586898830160378933499335447306798235768530581409183097529000186337939448754505245246604197006412774526397987981013301527725090867494288244664575865616069020056267791190997351676839139588673706894572872578436987942342527260400059357942267767558444820826932482607073057755867937603980468163064124
123550757840440608547745587376848442382716238762469481777302354595483972439927515201644527488752358140577154647594409455128542466865629254465567922654854677879795277196665595394573096343225068008290742571347059036925956195416674046188477123179312022794004982691231512233933495183993996755853325696872771245644860799553947442675665679647160037384340164757319576122771379487612197098530097276963078618869910248063097735238554939354833581419880667332952711563811623696263624645980827157389199889239161771817358512008141758242036923320656456441525171516666475496072806161205040312778309388070188211777781884770909799672915767238597558696084882429142589564167716091146560317724112621817588824772913062775328703425863438954801720659325126782106420500246397803210594
5010967611573658683837274626785731990868657685513640861873898921756952834368227354351038320805439634682584615310091929887541273303686677528213341509183421022327628147657734376324427212492524497375395103786545026393502523636400915618913314610705846869906834760163616550216510996459295720049511649653003871403199371175966917619906566990194746666896663424792038291002185306630464346575965938120755222907187518634064485110529893106543988039707516376696665563012106999678858089327803733716712642220875744666797569046289262945628884491027711399852226968382333301749223258755181883058978540345629879833562655487203686753561028237147055732699272864203244200
2334667630529292458537918630636619085687365989726303661229811142566771080582082262375364968196487697889383910630161860442376097501409525618653234137316534902743551093894135469647348651287394156706437073506030414314452198366245792264497496315158433183616594542233775750571403999002704608306167104371982118493382632834145597874031856845892726904112059922599700272602973654478399487599567181311944940910201211978439112122557630736513839181878946910353302170562447704651051216301910237509574364147208447217463996450290508227271935935650272955348209699304759454517442495061864742951770065029129866221255253258885493718151226367272211253429056548755069462643547278001579565664203709031611369472540034509593287088334476720458316383285610699174061495607884752895314206450566984732956152
508130748507475840489748981274197065371939218175471498492029185988054266026684064550437846861957266555057919288705348001753139392373106143344497365561519371870983967832340992847957262789144469309306111197200629698695224604799245322284752092705477854587156834
179798736133754250502145940575762503340271966658435307305638274696507920048330982720363733390393762707542214609478146187878430099086541577214789854390283736784449220355387158548281119869554442776186235590080581956062652393519467943630483171727150753742145309808660336626656814897627056602571653143480211909424434729638548662362770325026630314951861277719328989093143817874948728834
34213593248853985335421019010830803286615329006101838800078824611131706078213117896614461775361200450667406573542879456003933993368758793342097174555343904007988744
8373757706560949681603266239877022352141458251146580759160077581733147643801433185867143600155438257545324
6847227472664095504311448592904995062603607792802882027754617468757973729448215137783929293351463472586698415954104070382904504288754912767834512515447236906595933768420915251359459837178834460412543985183013632048711220437545822564066060284172582588222345524148006344843641154567356418476044569396149130967843977243178572596789992218630188376836598106947436201698438672014087291647734504429621606549683788206745111111851400540177984326382099103422024759436195365712546086671948486927065555960126198866311343430280535217548520063902780103421952542527377222109655225009234836608048525481129016838727721354298641608823556509916709635667746811269575992179146518189352248026406533180719244185823956330258467499430747337483527792378773419373587859171130713921276939671274
1293116551997837173648610801219619254498548607969807699633149243831342607975909710116762429932542116118665392727382704179869016866264301756223208258525626430459310506481404540754831194095592947928667343503938311583216693956018465172195356755097545863169753554181225055919636878225755698706629060442903653122451697203155914455092437925564153812853760908516357280910204434358531021623497028323161539518375573097633942056152158004576032272109646334233561461108723950398959839494699174543002506956380587774322407059570305133671392572793344380374732541684218122470591074113968853881807546424669042512008152752924979736681018864107150178816323016422876164542832437398292763576615056544304686441444011119051107742978658102578277877022793300473174220367828731347215726884208431175265283990996325714087704708225140263561206769247090293931692051829941664123148738018471358217423324760238910892308831286124
76380724645539078613352066024402089429512469984423233953366263955649772733568749671974712121082702730619139662977543539126279723534170059749638233750415298490276178020168288008126477104480656296769129438865604694741798781679475905499464285166712568611655021194286799479538564202109486468139026076224030190900974569052803288969797503220213952033417998694191690495225876679191393220185183368421135462529783440651178982787523493856190836504197030306476493934769485958738850966533674296161692538881158739234561828309585697663491657461837432439236131318336367278629687192356137180753265014805080357954577435678763812095085863250987646408480067631983167121995307534188759351909292181726346294844837358873524651678513392872483891998640971943338982826646501543662032332495154483541187010423994210011008979436608100580005503647440121205564706198958918674210224
