25000
366
566
016
9596
6
06
5396
56
6
6
16
26
6
846
56
1556
7136
396
0256
16
1016
9216
16
6
46
16
6
56
586
716
366
5726
76
026
2386
36
46
3186
5426
376
86
6
3136
766
46
346
606
6
656
606
8906
006
006
96
276
6
6
6
6
06
96
6
6
6806
0206
466
7696
66
46
3336
7186
6
946
1406
86
86
5226
746
506
4726
36
26
56
6
2596
186
6
6
6
6
6
26
5876
46
6
6
216
166
4556
236
2106
36
906
9886
726
86
86
6
4246
46
86
56
6016
6686
8066
56
546
6
6
536
3516
06
36
486
406
36
86
716
6
6
1596
6
576
6
956
66
16
036
76
66
6
6
06
96
1666
56
5726
526
66
586
26
2526
4236
1806
06
6
7966
96
26
676
76
2876
26
86
6226
246
476
06
6
6576
6
9476
1786
996
9666
6
3296
106
46
296
3336
76
446
236
9616
116
6
656
626
6
6
6
06
6
7846
26
6
836
6
7826
6
46
26
36
626
2636
9126
4036
6
6
0136
666
6
066
226
26
6176
56
1196
6
86
6
06
16
6146
046
6406
626
8606
6
6
6
216
6
666
6
76
946
6
6296
96
3116
56
5806
256
76
6
136
2786
6
4596
56
76
76
16
286
26
826
736
36
166
626
86
1006
586
9196
56
6
6
6
6816
56
6
06
96
6
6
6
6
776
6
6
6
6226
66
6
6
6
6
616
2546
06
8456
6
8686
6
86
316
6
616
1756
6
46
6
6
06
6
16
6
926
726
8726
36
2726
876
1506
26
6
356
06
6
9436
6
6
1296
76
66
26
5426
6
3056
3156
6
2066
236
4026
376
8256
066
5196
36
76
6
4816
6
96
6
0396
7536
736
386
76
86
8896
996
6
76
426
2756
56
9566
5606
6
9356
66
86
6346
826
86
6
9126
466
896
36
406
6
6
16
76
6
6616
126
6
6
6
36
4466
4006
2076
6496
4246
3696
1546
6
5376
6
6
816
676
26
436
6
6
206
26
06
6
616
0186
06
16
296
6
96
6
1276
36
8546
956
36
46
596
6
246
9506
46
6
6
6
406
676
7556
6
266
6
96
516
776
176
86
06
6
46
896
546
96
276
76
6
6
6
56
6026
76
3676
5956
6
16
6
376
766
46
4616
6
6
106
436
6
756
9996
96
6
7906
6
6
6
096
6
56
6
6
2436
46
6
86
6
26
76
6
96
6
6
16
6336
156
106
9696
6
506
6
836
0916
6
0086
6
7156
9056
6
6
6
56
2036
16
976
86
1336
26
56
8496
2046
86
846
516
786
4316
26
6
226
3506
96
906
316
8736
56
4306
7406
6
6
06
66
1386
6
6
06
6
2706
6
46
16
8336
3216
6
96
786
8796
876
6
6
7576
16
6
6
6
16
56
66
76
2366
46
26
06
96
6316
796
6
8966
6
186
6
6
476
266
456
6
066
566
6
56
6
936
4146
946
386
4776
36
26
96
176
6
0356
476
76
8216
6
6
6
8276
76
8856
7366
4416
0686
6
716
5026
06
536
916
56
7846
866
6
6
6
216
96
6
2426
56
5816
6
6
6
8886
1086
636
36
286
6
96
006
86
46
946
746
6
6
1156
36
9926
26
676
366
6
6
4196
6
6
9056
736
3046
846
6
7536
76
6
666
6
6
5736
56
3906
606
26
6
1996
306
56
766
916
6
126
3936
526
186
106
5066
96
406
76
06
9156
6
406
96
96
686
36
46
06
46
6
6
56
66
06
0336
76
16
6
6806
6
56
46
6846
186
6
96
26
7386
466
246
4026
246
9196
6
36
3146
36
9546
16
6
1636
6
0846
76
6
6
16
6
5696
6
6
16
036
156
836
6
646
876
36
586
756
3146
4616
946
6
2656
6
6
6
0926
8436
46
6
6
916
3996
6
5366
16
376
8516
6
6
2886
6
6
4896
6
6
06
6
6776
696
26
1886
6
6
8206
7996
86
216
236
786
096
36
6996
86
6
6
6
96
5526
6
96
16
66
6
66
66
346
6
6
16
896
06
9456
6
6
0816
6
166
946
46
946
8716
316
6
7976
546
76
6
6
6
6796
376
266
76
6
4556
46
96
16
3016
4926
6
6
1096
2196
686
226
86
6
4156
166
2546
936
96
56
6
656
6
6
446
16
6
2216
6266
066
66
6
6
6
66
6
6616
66
16
506
0726
976
966
856
7736
6
3126
7376
6
7226
466
8596
0146
46
6
616
5096
8966
6
7726
3366
36
6
2126
1
5466
6
46
46
516
066
4546
1426
666
6
6
6
6686
2096
06
6
4666
846
16
866
6
6
26
76
8926
586
2476
6
86
5256
3486
6
6
946
1456
196
6
6
06
96
3096
36
76
06
6
6
056
76
06
96
9056
736
1716
3776
886
6
6
316
016
6
0176
036
6
6
06
686
616
66
6
06
76
96
756
6
66
5246
2956
6
916
26
506
86
66
46
3326
9756
416
9196
66
6
26
86
866
26
2106
46
6
16
026
076
86
6146
666
046
4646
0226
786
3576
2336
6
6
9926
86
6
6
6
6
36
46
5146
6
186
0586
7456
86
6
796
6
2526
86
036
956
0436
6
106
0576
1956
146
856
6
836
6
6
7786
6786
456
36
6
46
446
6
6
7236
96
6876
856
56
5576
6
6386
6
6
6
7536
6
6
6
5866
196
166
6
8196
6
496
6
2426
336
6
56
276
2486
6
2826
6
6
6
26
6
776
6
6
6
36
56
7356
76
6
6296
3526
6736
6
6
706
76
6
96
6
26
716
886
396
6
56
926
6
06
836
6616
26
86
636
66
66
936
6
496
6
26
8106
6
916
6
66
46
2616
06
2236
36
6
16
6
6
906
2396
9926
6
116
6
26
06
46
996
66
6
6876
6
6
16
6
6
56
3226
516
3286
226
5476
086
86
926
226
16
756
7786
56
9206
06
66
2846
6
6
6
06
3506
96
16
96
6
186
346
96
576
6
6
26
46
386
3716
306
586
6
6
736
36
46
6
6706
7096
6
6
2756
1906
6
6
16
66
36
6
26
7206
26
5066
26
46
906
56
6
7066
2606
6
0516
046
66
86
46
6546
56
786
66
46
6
96
66
016
36
3226
6
6
6
1026
6
606
6
6
6
76
076
3316
5016
66
716
6
076
96
666
726
5686
6
576
0536
56
9796
6
6
86
96
1496
26
26
76
66
6976
8436
056
6
36
26
6
6
1196
0426
5926
06
6
66
826
6
4836
46
996
76
26
5296
6
5606
86
076
956
6
36
166
356
1936
76
66
66
66
6
1826
66
386
556
1466
856
216
2226
6
6
066
6
26
456
2146
496
4826
5236
996
46
6
6
96
6
986
1296
26
1286
926
1446
8856
916
9626
9996
046
8246
6
6
6
8116
4716
36
56
6
56
6
6
6
16
56
136
66
016
2446
446
6
6
506
1946
6
6556
2776
6
26
6
7916
576
2686
6
6
846
6
9326
06
16
946
4436
486
736
6
9936
76
76
1626
7846
26
6
6
0746
6
976
1546
4146
06
6
726
2866
96
3396
56
46
056
46
56
586
56
9656
266
3876
9786
6
16
496
76
776
6
1216
46
6966
26
6
86
46
0506
56
96
036
756
96
856
736
26
4786
7006
36
5156
6
6
4206
6
96
6
6
7276
4616
46
46
6
726
6
6
6
06
36
7266
6
366
6
5356
966
136
66
4896
6
6
316
36
6
6
896
46
2336
286
86
466
9786
1136
6506
956
196
6636
6
516
5826
6
86
6
06
06
996
7196
7546
0676
526
616
96
6
256
326
2986
546
036
76
66
6
2636
46
9026
7886
7916
0426
1906
706
066
6
46
826
2666
6876
6
1046
266
7636
276
26
26
306
776
76
746
56
66
036
006
086
046
766
36
66
06
6
6
846
716
36
1076
9216
3576
8546
66
6
16
026
6
6
386
246
846
6
8996
6
376
6
6956
356
026
76
6
626
766
46
5556
3396
056
56
96
06
196
6
56
086
16
3296
506
086
46
0836
156
5166
6
9556
76
6
6
6
686
66
46
8316
66
6
6
1726
276
676
1776
56
5106
8806
6
0516
3486
6
8006
8356
5106
6
06
86
86
6
26
766
926
6
646
6
0846
766
6
96
1316
96
1866
1896
6
536
7286
86
7606
6
6
6
8746
356
7026
8566
6
6
6
76
956
316
2906
466
56
926
556
876
5636
6
156
6
86
6
5566
6
176
446
36
06
8756
816
66
9756
676
806
0106
766
6
3206
736
96
16
296
6
146
7576
3636
96
716
6
5726
6
6
476
2946
806
6
8096
546
216
916
6
16
186
3706
896
726
646
6
6
1946
9766
136
66
6
6
5826
96
216
9136
6
26
176
06
2016
696
506
1266
76
3526
26
956
956
6
6
6
256
6726
916
6606
6
0046
616
06
86
226
6
456
6
6
3436
6
8846
6
06
76
36
3746
6
086
96
706
1276
1576
236
1586
6546
4796
0336
6
6
6
6
576
106
6
186
6
386
46
4566
866
36
6
4206
96
6
6
6
136
6
586
6
6
06
906
806
46
426
6656
46
516
816
6
236
16
046
76
6
6
0756
1956
566
436
16
6986
9066
606
616
06
6
516
6
406
896
6
796
8246
006
86
76
626
86
6
936
26
5486
56
736
6
6
6
726
86
6
6
56
236
0516
476
66
0506
386
6
6
76
6
656
96
246
9866
8256
276
6
06
266
156
86
66
6
2666
6
6
536
6
686
76
8526
716
7496
6
426
6
3846
2966
806
26
996
6
2426
0916
46
356
806
5996
96
6
6
6
676
6
96
46
6
26
036
086
6
6
7796
2336
36
266
66
76
086
4466
006
76
56
316
6
0806
986
06
6
0666
16
2656
8196
76
6
656
6
76
536
2826
6
536
6
636
6
366
6266
0666
56
366
6296
936
96
26
6
5386
8556
026
1536
1186
856
996
076
76
2046
26
36
446
1696
36
36
6
526
86
6
86
6
6
16
766
7776
5206
426
366
76
066
6
4786
9416
166
96
7806
386
6
6
626
246
036
6
1606
86
946
556
6
6
406
1976
926
16
56
8156
36
6
016
6
486
4826
66
26
586
136
6
606
06
826
6
276
16
5216
4386
4776
1236
4706
5176
9916
4906
496
056
36
3946
66
4606
16
686
6
6
6
6
66
6
3756
276
56
6
46
506
6
416
76
876
6
516
706
6
556
266
756
86
136
6
576
7766
6956
386
866
3706
46
6
6
6
06
6
76
5036
5976
96
266
6
6
3816
446
6
6
366
46
9676
26
016
596
36
836
516
6
3416
6
956
196
46
6
6706
246
6
36
6
7106
76
0936
16
6
9036
6
6
86
6
06
296
6
6
7106
096
336
8976
556
046
156
0436
6
6
446
636
2606
3426
26
76
8106
56
4646
6
526
6
3866
6
96
36
16
2196
6176
246
586
26
076
66
26
46
4216
06
916
6
736
486
6
76
656
1456
9406
6
66
6
0556
476
6
866
6
6
776
4056
5136
956
5626
6
886
86
46
136
6
56
6
656
6
316
16
6
6
6
6586
6
946
7676
66
546
166
6026
3676
6
6
6596
46
86
9986
6106
16
76
26
2956
2866
6
6446
086
1136
436
36
626
4826
116
086
96
346
6
6
26
4686
0506
96
6
386
2856
6
6
6166
8826
8476
96
76
8476
06
7406
1706
766
556
6636
766
0276
26
056
6
6
6
1896
6
7176
6576
0486
6
3786
0116
256
6
506
96
96
8116
556
56
6
26
26
6
76
5486
9456
56
3176
96
3606
206
36
6
6
8286
46
96
6
4036
6
6
06
4336
6
46
76
46
6
6126
36
6
6
826
086
3316
56
6056
6
6
436
196
806
66
06
6
96
6
6
6
96
156
416
26
636
66
56
5796
6
4836
6
336
9886
6
9226
9436
4146
3776
6
756
26
36
176
926
6206
1336
9966
866
6
36
6916
6
36
9866
6
6
6436
7836
2866
106
086
46
6
6
6
276
4296
46
816
6
7656
8586
86
126
86
26
276
6296
8756
4896
6
46
5296
6
36
3366
176
76
7666
66
8156
546
2606
7376
356
66
026
06
986
6
76
46
76
6806
6
6
6
526
5676
546
7106
86
046
7336
46
9606
6
6
16
6
8966
36
76
0206
76
166
3356
8876
6316
6
56
0476
5906
246
4646
6666
6
676
946
6
76
76
6
86
576
66
6
6
556
36
96
56
786
3236
166
9516
6
56
566
6
36
76
96
1226
96
6
976
1286
9426
46
36
46
6476
5886
6
596
86
9176
826
8376
6
6
366
36
5956
6
396
86
6
46
96
56
136
96
9756
8896
6
486
8166
176
516
96
786
1516
896
66
3906
16
716
7396
396
46
76
6
666
6
6
3246
5976
46
6
16
66
026
56
6
86
6
3126
56
76
216
6
716
16
26
4936
366
66
536
4566
636
4016
116
6
786
4956
26
6
6
066
6
06
6
6
66
866
306
6
6
56
0296
86
896
96
16
6
0646
6
366
6
206
6
6
26
886
6
46
1086
356
06
26
6
96
6126
56
906
806
486
8456
6
86
56
746
826
1026
366
16
6
9356
06
0936
06
656
76
36
6
6
7586
5056
6
2766
966
86
6
86
6
126
6
2876
3926
46
46
6
96
46
946
6
6
46
76
86
6
996
0146
96
9486
76
6
6
3256
2876
6
126
56
826
6
456
6
46
6
6
8546
906
6
46
686
736
6906
546
5796
6
26
46
2896
6
186
06
56
786
6
6256
276
206
6
036
3966
686
0096
66
6
6
26
7576
36
2086
9746
6
6
96
6
36
506
86
3116
466
326
3476
6
7806
096
76
7086
86
56
66
46
6
06
276
6
16
6
16
86
8776
6
9506
4416
8006
546
6
6
2326
36
46
5236
186
536
96
86
2986
6
206
86
856
6
26
6
36
36
2096
1806
6
56
216
6
26
26
646
6
6
6
96
356
256
6
6
3446
6
316
1626
66
56
6
6
976
6
6
8116
06
66
346
2076
8066
6
5916
9736
7576
4766
476
6
706
6
46
1176
6
6
06
6
96
216
46
46
3016
036
616
0146
6
36
9086
6
66
2516
176
46
1416
16
206
2576
6
66
56
06
7756
6
6
2706
226
866
6
76
506
06
1606
6
256
76
1036
0946
46
976
6036
076
976
6
0796
66
556
6
86
136
646
36
6
6
16
976
0456
36
516
0356
126
46
96
426
6
56
76
6
16
0346
248
06
3516
8486
516
876
66
26
5986
06
6776
56
16
6
56
836
6
06
716
006
5646
3176
1546
4926
3106
0426
926
6
6
26
6
86
0476
9486
326
106
276
6546
0756
506
6
26
36
546
2016
6
6
6
56
76
36
06
56
496
06
4986
5536
556
7636
6
6
7826
506
6
6
7356
4626
686
6
36
6
766
2486
736
4626
5716
9336
0106
6
736
2506
86
76
66
246
6
3496
2556
6
6
5176
9136
6
6
1056
06
56
6636
6
16
66
36
256
76
026
76
7336
2296
6
5926
06
146
66
806
26
86
5816
56
16
6
6836
87
66
7046
526
016
6
7936
6
76
76
96
2426
46
56
96
16
646
06
146
86
26
26
356
6
0496
6
586
6696
286
6
876
4676
6836
366
56
846
326
6
6
6266
56
06
6
6
276
066
56
26
396
836
6006
656
6
6596
8536
6
9086
306
856
6
6
7186
276
6
126
366
146
76
6
56
466
86
6
6
56
86
416
6
9406
6
6
56
636
76
216
8396
496
076
816
6
666
756
3856
3536
646
026
5526
116
1496
516
36
6
6
2006
6
6496
2046
596
6
6
6
016
2136
6
6
706
8906
46
616
46
6
596
116
96
96
26
646
726
216
6
4946
46
926
36
046
426
3106
406
656
056
2196
46
5146
16
0606
2906
9726
206
0226
186
56
876
536
216
6
956
006
606
6
06
1236
6
916
6
5316
6
76
6226
456
06
16
6
6
276
16
346
736
516
9626
6
0426
216
0776
486
2926
7256
776
46
2576
706
946
6
786
546
6166
6
326
156
86
5286
6
596
8766
206
56
26
6
8956
386
6
476
06
7736
2156
56
466
6
136
706
176
26
16
6
976
6096
396
8626
96
386
1576
386
6
86
9626
2026
7566
4306
6666
9006
46
56
6
446
6246
6
6
0136
46
6
486
96
6
5186
76
6
386
1736
16
66
16
76
06
6
326
6
256
46
96
4396
6
516
3856
3986
176
7926
4086
26
766
216
96
156
0506
816
6
856
106
06
646
6
6
6
66
1616
46
96
706
6986
936
8476
6
46
6
6
76
6
6
266
146
46
0476
8336
86
6
6
166
4566
966
3056
976
6
636
3936
6
6
6
2616
6
56
576
6
416
6
3916
9876
6
6
8486
1426
6
5636
086
86
6
6
6
6396
6
6
286
06
6
6
2796
986
7386
86
186
66
196
076
6
6
36
6
76
86
46
6
6
6
16
9596
36
2316
6
06
176
486
406
6
046
0386
6566
596
26
6
0476
8146
6606
146
536
76
6
036
3496
6
7276
2486
6
06
46
6
6
96
296
966
06
916
0796
6
26
86
1276
016
6
6
76
3326
6
06
06
76
3226
906
6
6
76
966
46
6
6
9176
66
36
56
6
6166
6
6
0686
86
6
926
26
536
6
16
6
76
5176
036
4916
486
06
6
3176
36
26
8276
6
4256
6
6
236
76
56
46
06
56
76
6
6
646
7286
166
36
3736
6
6
876
6
9056
16
6
8086
46
6
36
296
6
76
96
6
46
76
876
9356
96
56
6
76
926
156
6
66
06
56
1286
6
1026
6
1356
706
5496
6
356
6516
26
6
1886
106
6116
06
7446
6
2906
4996
6046
6186
26
606
526
1056
06
246
6
6
46
66
76
6606
96
6
156
16
2136
6
06
8866
6
06
4416
8326
6
6
6
6
46
6
316
016
6
46
6
796
2836
06
66
6
9766
6346
1926
6
0006
3976
26
0676
6
136
16
76
6
6
416
7686
76
6
7376
86
6
876
6
796
6156
4266
6
6
16
846
416
026
8646
06
36
476
9616
6
6696
96
6
7026
2466
6
016
76
9056
86
96
246
766
026
6
6
6
76
0146
626
1836
56
4386
6
6
16
5366
6
6
7756
0366
8516
96
56
876
16
56
86
466
4976
6
156
886
36
6
5616
5946
6
6
7616
8966
8116
86
6
436
6
456
696
796
6
6
5466
86
2496
4846
76
166
4426
6616
506
56
6
06
1986
76
6
6
6
7886
6
6
6
6
6816
8736
516
996
6
06
6
8876
96
6
6
926
5866
9506
0036
6
06
86
8256
166
466
6
16
9406
6
7176
076
6
6
06
6
6
6
766
186
96
646
6
2626
4406
726
2686
286
26
6
806
786
6
876
4926
6
6
986
46
06
6
6
16
706
4966
6
336
6
6
06
6
56
56
26
6
366
46
6
46
6
56
436
0586
6
6646
6
96
6
26
6
16
706
9886
76
6
9726
46
706
266
376
286
176
356
6
6
6
9076
66
1206
6
06
86
516
466
66
6
116
6
46
1046
16
26
4196
4506
6
726
6
6166
2176
4206
056
176
6
6
7446
9716
46
16
6396
226
2566
6
56
26
66
86
716
1296
96
1326
56
626
616
546
96
6
6
46
3246
2596
6
1026
946
56
26
636
0816
6
836
6
6
6
876
0396
06
06
396
0186
6086
36
6
6
1326
606
9656
76
946
246
796
6
9596
0626
6
6
846
656
9626
6296
6
6
16
6
66
5156
6
6
6
86
5506
16
86
26
1366
6
596
246
56
796
0306
36
6
146
36
6
06
3736
576
96
376
4256
746
46
1826
06
8636
16
446
6
56
26
16
306
7456
956
86
7076
6
36
06
66
06
386
6
936
16
6
7816
26
6
316
86
6
3426
2976
8886
16
6
5706
9576
0506
66
9176
4126
66
86
2756
06
6
36
76
176
6
9326
476
36
76
26
7546
66
816
6
6
6
76
66
386
3226
6
6
246
2226
096
4926
6
6
5426
06
76
966
6
4276
0336
16
786
1716
6
16
936
6
906
456
356
6
6
2706
76
36
6
66
6
56
26
36
0396
4616
46
96
9606
9766
146
056
3996
6
9376
6
66
1156
26
16
76
916
316
16
646
446
26
306
66
6
066
186
6
6
9596
626
996
6
5096
0996
6
66
6
36
6
5396
76
96
66
6
6
86
7186
76
786
286
36
6
1036
236
6
0596
786
8846
06
6
6
436
506
36
6
036
16
226
6
266
106
6
5816
8626
4496
186
6216
3536
76
56
7166
1276
56
6306
6
436
36
036
66
6
686
6
6
46
6
5526
56
6
46
06
6
6
46
06
6
6
616
7696
0656
1126
3856
6
6206
6
8786
76
6
416
66
6
8816
316
46
96
6
76
2176
5466
66
3446
696
46
276
386
756
6
236
2976
106
9326
6
206
6
6
6
6386
6
036
6
436
6
56
56
6
6
0236
0696
966
6
4876
56
16
6
6
006
7686
06
56
76
3216
566
8586
186
46
976
86
06
2466
8556
6
0276
346
6
6
6876
6
9186
9666
66
26
36
26
6
0456
6
4326
2386
8186
6
26
4636
426
6
96
3306
3856
86
36
16
8746
8246
6
9276
606
676
2146
6
86
6
5846
156
6
6
56
456
5206
86
6
0866
6
666
526
26
806
36
4686
0936
0466
7646
6
3656
6
586
5706
96
6
236
06
2466
7286
6
6
526
16
6
06
56
26
816
8576
6
5256
6785
516
3386
56
6
5916
6
66
826
6
366
486
666
86
8266
76
26
146
3616
1196
56
8226
0336
746
6
926
566
0746
6
106
396
0046
216
6
5546
86
6
9606
6
6
6
76
956
46
6
6
6
746
8766
756
6536
2306
6
686
4356
26
96
276
546
6
56
296
66
4146
6
4296
6
906
16
76
6
916
6
7196
736
16
6
46
6
816
06
6
6
6
1966
76
56
6
36
026
76
6
86
216
6
1586
6
1866
516
506
66
6
66
6
66
6
496
6
636
6
36
6
1636
676
5526
56
16
16
26
36
506
6
6406
6
6
6
1296
9346
06
6
6
9456
486
0056
6
06
6
996
3946
6
6
2326
996
46
536
6
96
6
6896
6
6
06
6866
5976
826
6
06
6
9026
1936
836
356
816
0356
06
76
7906
4506
1856
6
5336
066
26
6566
5586
86
16
06
036
6
456
7376
16
036
346
016
56
1456
6
6
6
026
06
76
0776
96
66
436
86
3496
26
96
6
676
776
6
6
686
646
86
6
6
6
1956
8566
66
66
046
2046
1236
16
36
6
8756
96
6
606
6
076
36
86
716
66
456
6
8136
6
7246
5746
6
6
5866
6
6716
326
86
566
916
6
66
66
516
6
076
616
6
1426
736
6
9416
6
9406
4766
836
2326
8856
76
6
006
6
6
486
6
6
3046
6
0956
6
36
2416
06
4316
6
0896
66
26
4446
496
6526
276
6
6
66
676
1776
6
6986
26
6
946
286
1386
6
6
9696
56
36
3126
86
6
4766
16
6
6
96
146
76
6
786
6
76
6
2576
46
96
866
6
846
946
06
76
146
046
36
9756
66
0176
56
036
2226
526
6
6
916
8626
6
5196
086
576
126
9666
236
36
6
56
666
996
6
736
6386
6986
6
6
0906
396
06
6
9326
4166
136
26
86
766
86
986
36
6
36
36
9496
46
5896
8916
6866
6
6
36
2126
6
6
126
7146
86
0636
666
6
856
46
4726
546
06
26
596
486
56
956
266
2936
2286
3276
6
6
66
2216
9236
56
726
6
576
136
6
6
2156
6
6
66
416
56
6256
16
4596
506
6
126
1146
0126
6
6
216
96
26
46
6
46
96
06
106
96
66
56
26
996
6
2526
56
2096
9156
76
976
136
036
116
0756
6
196
6
76
3716
016
46
6
6
6
7826
6
6
76
846
566
4066
896
6
6
6
6
16
6
6
086
146
06
4626
6
6
36
986
6
7576
7126
6
56
626
26
6
886
1466
46
1756
66
6
86
1406
656
26
9966
6
806
86
6
6
6
0086
056
16
6
526
96
9126
6
06
6876
126
36
796
8006
76
786
06
3346
86
6
856
76
16
676
3306
7686
4656
76
66
6786
46
76
26
6
96
636
7216
56
096
3406
3956
786
76
9856
136
86
606
86
9126
216
6
2836
76
416
6416
2636
6
8416
26
96
7626
8336
6
726
356
606
2896
976
656
6
466
46
696
6
4266
16
486
8356
496
6
6
866
1336
8616
66
36
6
76
6856
96
6
516
66
66
6
1806
26
5186
26
9276
6
6
26
1546
236
156
656
36
56
6
96
306
986
6
436
6
9236
676
76
6236
86
096
6
6
6
1656
4696
9976
1876
6
246
7566
026
4096
576
6
6
8516
26
6
5686
8506
316
066
876
896
6
26
6466
716
6
6
6
936
7916
096
016
7256
86
766
96
36
386
246
3776
2656
06
6
7756
396
76
6
6
5026
86
6
8586
166
86
36
466
6
6
626
2836
226
9596
26
306
16
8426
6
336
06
86
6
2506
196
226
06
0166
6
816
6
56
36
56
16
56
6
06
66
0226
286
6
6
6
96
16
36
5566
3116
4096
96
226
6
4836
6
6156
016
6
956
0276
6
216
4316
76
6
696
2826
6
6
6796
6
56
86
96
1926
5636
1406
186
6
6
46
4406
6
896
776
8136
6
8296
8946
986
5086
066
686
6
966
526
6496
016
6
776
706
6
16
9326
686
6
946
6576
1626
476
7896
1636
576
76
6
5956
6
6
9596
6
46
86
816
56
6
1956
7196
286
6
6
26
576
6
556
7936
56
46
6
6
826
86
4386
66
8916
0836
9896
6
7016
716
6
6
76
036
6
1706
1936
566
3746
76
6
6
746
206
26
186
586
096
396
3706
166
6
16
6
2576
5806
6
316
356
6
0976
846
956
36
6
6
346
9706
46
876
066
46
956
96
96
6
586
026
2776
76
5796
456
06
836
66
1946
2776
6
6
176
9456
0576
7906
6
6
6
946
6726
1936
86
816
6
6
5756
6
36
276
6
36
6
8266
96
346
56
056
6856
6066
786
4966
5686
6136
36
146
6
6
5446
4466
76
36
6
8996
2016
2916
296
7696
756
6
8846
6
776
2036
6
1766
36
2116
246
166
4386
16
26
3656
6
06
6146
5956
56
6
196
66
236
96
6
956
56
6
5886
316
5096
166
6
6
206
2386
276
9956
8686
36
2456
06
7066
06
1176
76
6
6
086
706
806
6
26
6426
6076
626
766
376
276
6
36
3176
6
6
086
6
46
336
6
916
6
26
6
96
76
56
7766
4226
06
76
8896
9796
56
6
6
76
626
1096
7576
6
5836
6
2696
966
7856
26
06
466
7266
576
516
916
6
86
4016
106
3896
06
5806
996
8586
6
6
36
9356
086
46
46
36
06
056
66
6
06
826
6
2776
06
236
6
616
6
6
8536
46
6
16
626
6
6556
2276
366
6186
66
0716
3926
6
656
186
6
496
836
86
6
666
886
56
836
9896
6
46
9796
66
7786
2246
1466
716
626
86
0116
96
886
5116
0276
226
36
766
56
6
6
816
96
656
126
76
826
506
86
936
36
146
6
86
86
886
9326
896
76
6
936
566
6
8896
6
6
26
3446
026
6806
66
56
2726
36
6
26
216
3446
96
6
6
186
86
6
6836
86
6
76
96
6
396
026
4856
9666
6096
6
5216
916
36
2706
6
5326
26
8346
96
6
7126
8346
076
106
86
6
6
96
166
86
6
6
846
6
5466
896
0306
1516
6
246
9236
6
16
6
6
6
46
9656
36
96
6
196
16
856
16
6
436
6
206
396
6
46
6
5966
46
706
4676
6
5576
6
86
6
6966
796
6
6
526
986
196
6
0806
06
6
6
16
866
6
8096
6
646
6
826
6
66
5686
916
8306
16
6
0386
76
0976
196
6
6
376
2616
1776
7036
56
6
6
286
776
6
26
006
9766
56
6
436
2556
86
76
536
6
6
06
46
86
3606
526
6636
6
6
66
846
0456
5826
2816
36
6
646
6
9176
6
6
6
306
856
6176
36
156
6
676
2926
06
7386
6
6
006
16
96
86
5216
6
6
8036
0986
406
6
126
6
6
06
6
2276
5356
6
06
26
9766
4296
606
606
3076
6986
506
6
16
5396
7546
546
556
5736
8406
26
376
7066
6
66
526
6
06
416
526
9866
6
6
1816
96
6
4346
6
36
0576
96
06
66
6
86
6
3456
0576
986
06
56
6
56
276
26
2106
6
3946
6
576
9066
0686
1906
6
6
496
96
5806
66
56
3006
66
406
026
716
6
6
6
666
46
6
6
6
6016
726
686
56
9466
016
86
66
96
6
0836
6
5076
066
2106
6
66
7566
3286
6
396
76
6
2856
9456
66
8326
4536
6
536
6
66
826
6
86
1616
826
46
6
6
566
6
2686
466
46
2786
06
7876
0236
2206
6
6
6
4586
6
726
756
96
8256
176
1756
56
066
76
56
1316
6
496
6
246
6
086
6
9126
9756
86
6
6
6
206
416
6
0116
856
3456
716
86
9206
5226
046
6
326
56
236
6116
0996
166
856
376
9566
1656
66
26
1446
6
866
4926
6856
916
4396
6
2326
36
36
5966
76
6
6
6
6
6
96
6
86
4856
746
506
96
16
6
66
76
86
6
696
946
4976
326
876
8896
5416
6
6
6
86
6
26
046
6
7496
696
6
6
06
956
6
0406
6
6066
486
746
76
8856
76
16
4056
6
6
256
6106
1866
06
6
086
706
6
0636
3466
16
6396
8236
56
586
986
6266
3586
6
06
1086
816
346
86
36
46
66
26
4206
326
66
626
6
96
086
6
676
6
476
6
4896
536
1896
686
3576
196
6
3896
5606
166
036
6
8576
26
26
6
6
336
686
2036
106
9796
446
2316
976
56
896
16
776
706
16
6
566
6
36
86
6
776
0346
76
56
586
46
96
056
106
46
6
6
6
6
86
16
76
76
96
16
26
3236
6
6
236
6416
736
396
906
7566
56
166
2886
9136
836
16
6
976
96
946
2976
956
9756
6
76
6
76
6
6
6
6
6
8356
456
6
6
5836
46
16
786
96
6
96
8326
6
16
766
06
3256
6
776
6
736
46
9626
66
76
6
96
4616
4496
8236
716
466
326
1216
6
836
6
4046
706
756
706
566
66
6
8366
56
6
756
56
56
6
6
6
6
6
7776
926
6
8626
996
96
316
6
5176
6
46
16
16
86
6896
2866
5906
6
86
16
6
776
306
0526
6
36
8986
096
46
16
46
6
46
7266
6
7466
6
66
96
6
046
86
286
56
4666
46
636
6
6
76
6
276
936
66
8396
4526
6
76
6156
6136
3526
136
96
06
5446
16
546
46
16
16
56
36
306
3806
896
176
6416
6
06
96
66
6
76
6746
6
96
56
3226
846
8016
96
0946
6
9426
9086
236
066
76
0316
6
5676
6
1526
6
6
86
886
6
786
6
96
2086
16
5946
626
6
1006
96
506
346
786
456
96
16
1586
6
946
186
86
56
626
396
906
956
66
4366
586
1756
6
46
56
236
26
236
26
6
146
6
7326
6
6
6
6
96
306
5776
96
6
16
76
6
5326
86
6
76
6
6
86
826
6
0556
6
46
6
76
6
696
6
86
7196
6
7756
6
616
8946
5706
16
26
456
996
4396
6
9056
6886
6
56
6
76
16
1876
8886
6
8266
6
86
116
9266
6
06
976
026
36
376
0836
36
76
6
446
6
26
76
9146
86
7836
96
6
466
86
3236
6
596
46
3356
66
6
36
676
6
6
1716
116
26
406
6
6
4276
926
3246
686
9706
1336
46
6
7826
386
4176
96
66
1206
26
296
76
7536
06
36
306
06
826
1926
2696
6
76
8076
1206
8926
2706
456
5166
6
606
6
6
246
26
96
26
506
6
1386
746
2146
3286
6
6
66
2096
8196
76
26
86
26
6
8046
126
76
896
46
336
416
66
56
7386
3786
9666
266
06
106
906
8946
6
6
7236
26
476
7286
06
96
6
6
2586
766
906
36
6
6
996
36
2046
076
6
26
6
386
8096
496
3816
096
6
766
16
6
6
36
6
06
6
6
4736
2946
6
446
396
66
76
5916
016
6
46
346
726
06
6
676
36
96
86
6
716
9696
6
4996
6
886
6
5546
4486
86
4226
836
56
66
1346
2976
6
6
86
6
6
1066
326
56
6
06
36
306
06
3056
76
846
6
2736
286
6
6
16
6
0216
876
6
96
76
446
16
2766
6
7536
16
986
4676
036
4306
766
836
6
036
8126
3036
6
76
6
06
586
356
6
916
2466
316
426
376
336
56
6
6
6
3616
926
716
086
256
36
6
6
6
46
6
9276
386
6
6
126
6
936
066
6146
6
6
2226
3046
36
6
626
9876
9636
1916
86
66
3596
16
96
046
6
3946
1346
6806
9166
4486
6
146
456
0536
1456
6
6
786
46
6
6876
6
5426
9926
9476
6
436
846
386
656
7096
3726
36
6
676
6
586
6
06
3156
216
6
7536
936
56
6
46
246
9656
5826
96
6
16
46
6
6
6
026
36
506
86
746
6646
8216
6
36
76
46
766
96
6
6
86
6
6036
96
1616
76
46
96
2226
3626
8686
26
2536
46
836
1176
956
976
6516
96
6
6
786
3056
006
6
2806
166
76
46
6
16
6
06
4396
2666
86
966
36
6
96
6
26
0736
066
6
116
7896
6
616
96
66
6
156
356
6
4946
56
86
66
7056
4146
6
56
2476
6
86
46
16
6
96
86
6
996
126
2586
126
66
26
7086
656
6
176
6
446
426
8756
76
46
6
6
6
86
366
096
6
6
16
96
4896
1906
4626
36
6
466
4346
6
6
816
66
306
6
46
536
806
686
7926
576
6
86
4986
696
6
0226
806
2536
7176
806
1416
1816
16
6
6
006
66
6
206
8966
286
46
36
016
6
196
6
306
6
716
6
2716
36
6
526
4576
6
7986
2696
6
6
16
3746
826
6
516
6
6
916
7206
6
1716
8336
786
976
8806
706
676
7626
6
6
6
196
6
6
16
016
56
6
96
9636
4386
6
6
796
9696
856
236
1906
1876
06
6
6
6
16
26
6
8816
06
86
6
66
6
186
06
06
816
6
6
6
0696
56
6
16
206
6
06
736
2466
776
066
4666
6356
6
956
96
6
7466
66
6
026
66
96
36
4226
4606
06
6
56
166
606
6
9256
86
426
6
46
1246
616
4026
46
6
6
76
9156
906
6
06
56
216
6956
336
26
8376
86
6
96
9496
6576
986
116
686
76
326
46
46
6
36
866
6
6
76
66
16
2346
46
2856
5766
26
6
6
6
6
76
066
6
6
956
16
906
566
6
4716
6
96
96
966
6
86
096
746
2806
6
0056
806
6
96
036
306
606
906
26
8546
6
4426
4576
96
336
906
7286
746
66
6
7776
6
286
86
26
4916
06
36
6
9426
6
196
436
6
976
376
7406
176
6
006
16
0126
66
256
4176
6
6
946
66
5916
166
6
76
236
26
76
9226
9786
76
3156
6
536
26
6
56
1526
06
576
36
6
6256
6
236
6
6886
6
6
956
2206
6
7586
8206
6
1236
3066
16
8406
6
6
6
976
186
536
556
9976
086
786
086
126
16
6
66
6
6
8386
7336
26
6
6
866
146
976
146
316
4146
7626
246
6
7336
16
56
6
656
6
746
556
6
7356
066
6996
2656
26
6
06
6
6
566
406
746
56
96
6
796
06
76
9506
46
2186
1776
1386
6
2006
36
6
6
66
76
8746
06
86
626
3356
446
06
6
166
6
6
006
056
2896
0856
76
6
206
6
6
886
6
166
6
6
2216
6
16
6
6
6
6
6
8166
56
6
716
806
0476
6866
66
196
6826
6
76
3806
06
706
6
6
26
2966
1776
1406
616
1126
566
6
0126
6
216
6
2896
1336
346
96
6
7586
06
876
46
4416
2286
756
6
076
946
1266
6196
6306
156
76
576
4506
3686
5996
656
06
6
36
3206
26
36
836
936
06
56
3326
6
56
1296
1256
426
3596
6
6
0656
046
706
7636
8246
1976
886
36
4516
6
86
1906
6
6
6
66
6
4446
1986
06
3716
606
36
66
276
0416
26
6
196
46
26
86
556
4686
4636
866
896
6
6
86
06
6
896
6
496
4836
336
6
46
6
36
9256
86
676
26
26
9666
566
286
9236
26
0476
06
76
6
8696
36
16
6
346
66
786
96
96
6
196
6866
6
196
9476
86
76
0746
6
6
9336
9876
0816
66
1846
3006
7176
416
76
6706
1036
36
6
06
946
56
6
6
106
06
46
86
6
3166
9866
4556
456
6
2876
7776
6
9286
6
66
796
6
6
26
836
096
7376
1026
8946
446
6126
6
8686
26
016
6
6
1906
86
5286
6776
16
3346
506
6
5476
0126
6796
76
96
026
6
4406
76
6
6
96
946
216
026
496
776
626
16
76
6
6
556
26
06
776
16
6
1706
556
966
76
936
9076
1546
56
286
7476
6
26
36
66
716
196
56
6
6
6
86
0776
6
0826
66
7646
496
766
6
056
3256
1716
526
6066
556
56
46
76
46
96
6
7146
06
6
6
4956
6
2786
506
6
586
8306
6
16
3956
1256
986
46
4806
6
26
6
9256
6
876
6
6
6
9276
96
0356
9036
266
2226
866
06
356
8536
6
6
46
986
276
976
706
06
9696
8956
8426
66
6
1976
96
846
6
576
6
96
8876
6726
4416
6006
746
976
76
06
6
606
6
26
46
6
6
236
76
8526
3916
826
46
96
6
876
36
6
6
36
6
56
6
4496
4956
6
4616
7486
2336
6
96
6
076
86
7796
456
26
856
56
936
4256
46
36
96
8816
026
026
6246
06
6356
6
6
6
6
4386
6
6
2236
6
356
3546
6
86
86
6
9726
6
6286
3406
26
76
806
6
86
5236
2466
6
5296
1056
06
6
2356
316
4806
196
206
9486
6
276
976
6
26
6
5236
56
6
3506
8576
3006
6
0606
56
6
2690
06
9866
06
76
0876
796
806
86
3286
186
66
6
546
956
276
16
9766
3866
696
6
6
706
066
026
246
26
2046
726
216
6
76
86
6
9856
5136
16
6
6
4356
1006
6
5726
6
8876
46
26
6
8656
76
6
1526
9536
6
286
546
86
726
886
6
946
36
566
096
876
6
56
6
6
76
6
36
1196
8816
6836
6
36
06
6
16
6
6
46
66
26
626
76
5876
6
7576
86
366
6086
4156
076
6
06
156
86
8286
316
716
86
2146
6
5716
6
6
6
6
796
6
6
7286
026
6
76
276
6
6
676
896
6
5726
506
56
6
356
226
306
566
6
06
86
86
6
6
66
66
9426
7456
96
6
6
106
66
6
3826
86
996
26
36
76
6
1426
6
6
6
0926
2706
26
886
36
36
6
636
286
6
0946
726
9886
66
76
76
496
6
16
1896
6
5146
886
646
46
6
356
76
6
6
3866
46
1056
6416
6
06
4636
146
006
16
506
646
916
036
86
1946
286
376
766
176
6
326
6
3026
686
16
166
376
6
16
3986
7016
686
6
6
36
0146
6
6
06
9666
356
6
06
26
706
6
06
56
376
6
16
6596
6
6
306
3816
2836
6
906
6
526
66
556
176
6266
3226
6
336
6
866
76
56
616
9596
6
76
476
46
36
2346
6
0236
36
86
96
6
6396
016
1596
286
3266
3396
7516
6
6
6
146
256
6
6
6
7016
26
66
06
0856
656
6
4946
216
76
76
6366
2486
1236
3776
466
426
6
186
7446
36
6
826
376
86
9646
46
6
696
6
816
66
3906
3616
076
1556
46
6
0066
56
3056
436
36
06
6
6
326
156
36
76
76
8896
226
6
7576
36
446
6
0826
926
46
6
386
96
56
6926
6686
6
8376
3626
4316
086
46
9236
786
1106
6
8266
7556
6
86
0536
6
5326
666
306
86
36
1596
6
6
76
66
6
026
36
06
6
96
6
2536
866
6
056
76
96
896
6
846
536
46
6
3876
6
5276
5956
6
856
6
66
06
6
7306
406
36
6
56
026
8356
86
6
6
906
1006
5766
86
76
306
6
66
66
6
6
6
86
096
86
6636
836
906
1746
6
9236
46
486
716
46
46
1646
46
8596
666
506
176
16
9476
16
6
616
96
3526
6
5476
036
6
6
186
6
496
16
296
6
546
306
66
6
66
646
56
16
6
6
596
4516
576
46
06
866
306
7216
8096
5546
4046
6
416
2156
36
9546
06
5306
196
9526
6
7356
5866
16
6
716
456
96
9396
6486
676
506
886
6
466
66
6
6
786
676
16
96
986
6
6
8356
2876
56
96
26
166
6
7656
186
6
1266
6726
376
86
966
86
8336
6436
156
6
86
7556
776
966
5276
8676
6
6
9066
6
096
6
6386
6
86
06
766
626
586
86
6
3046
996
56
6
6
56
9206
346
226
6
6
2956
6
126
8486
06
3416
6
6
16
86
76
6
86
7376
066
196
856
6
6
16
7086
6
6
6
06
6
6
5986
96
476
706
46
406
9346
356
9486
6
6
6
6
3286
906
336
6
06
6
816
6
2266
96
36
6
76
586
06
86
6
6
966
6
9636
7126
6
6
716
8236
6
6
6
46
6
5266
6866
036
06
646
6
756
866
9866
7226
676
6
996
36
46
6
706
76
4526
8896
06
56
1536
6
6
836
856
736
366
6
616
0236
0306
6
3346
6
06
5686
36
6
6396
6
976
46
7526
9336
4226
776
8026
8106
5946
6
76
566
6
2086
6
6
566
146
0036
6
206
16
16
856
3876
586
0776
96
6166
796
866
36
76
1806
6
16
4146
6216
6
446
4226
996
406
6
6
1016
6
2656
76
256
736
6
4716
586
286
5306
6
7526
86
6
6
6
6
6
06
3606
5486
296
66
0556
86
5606
06
6056
2896
6
266
66
46
46
6
0886
976
0176
5886
806
6
806
86
6
6
916
6
36
6
906
06
0986
4176
6
606
2476
586
966
4326
6
56
106
0686
416
2086
4906
6666
6
8656
4686
116
386
6
4386
126
0306
8566
6
46
376
3606
6
6
376
486
6
16
6
6
3246
6
6
656
16
66
76
5116
7646
8356
2276
6
2696
0546
6
26
8416
386
46
6
26
46
1836
6396
6
4436
966
336
6
6
0446
16
056
8036
6
2286
256
0096
6696
16
1256
5156
86
3746
636
6
306
396
6
566
9976
96
906
6
656
6
076
6
6
6
146
6
56
306
6
736
036
6
6
5886
6
946
566
66
26
6
2296
6
26
76
266
36
6
16
936
06
26
206
46
6
6
6216
46
9736
6
716
116
86
86
46
66
66
966
26
276
66
6546
0496
66
56
06
16
9996
2256
6
46
7446
6
26
666
8816
6786
516
9856
1936
5586
586
6666
36
6
06
236
76
0846
26
7936
6
86
6
4856
7406
326
1626
6
76
406
6
6
46
56
66
026
36
786
4446
6
46
6
6
46
4116
6
4296
6
1706
3086
6
876
6
6
306
36
766
6
546
616
906
6
16
76
6
3616
66
576
96
066
96
6
46
836
266
776
6
586
86
86
6
8936
36
6
6
6796
6
56
776
886
3106
736
6
6
9096
6
16
6
0216
6
6
6
6
26
56
3506
146
466
776
46
6
9476
236
2126
6
8776
9826
776
56
446
5776
536
86
4136
8276
296
6
6
6
6
76
76
96
256
56
6
6
46
556
46
806
546
726
6
736
9136
566
6
786
5576
36
8886
6
6
246
4786
506
36
356
656
6
6
16
8376
426
96
6
96
1506
9516
236
26
7536
86
6
7306
6
06
6
46
7366
6
96
6
096
6
6
726
6
16
3066
906
76
5126
6
5006
56
6
96
0436
56
6
096
426
086
746
446
6
96
7436
6
16
086
976
3556
086
6
6
706
76
0346
326
7486
6
0456
526
2896
6
6
6
0966
616
7356
146
4116
306
96
1966
916
6
36
686
676
6
6
46
3066
7826
3156
06
16
526
546
1876
76
6
46
1046
06
0246
76
46
6
06
96
276
36
946
7326
7466
46
6
6
866
6
4606
6
6
126
76
2996
46
176
66
4996
66
6
46
86
636
6
96
4266
996
36
86
0086
6
46
6536
6
6136
9046
716
26
6
406
8836
86
76
6
46
396
66
6
46
86
1066
936
6
126
96
5936
446
6
6
96
56
176
766
6
5636
06
6
8746
6
16
26
6
06
9396
6
956
636
96
56
0506
4086
3026
2056
6
7406
996
296
1976
236
3586
6
686
7716
236
086
2816
706
6
16
586
6
8136
16
3076
86
2926
96
76
806
6
0876
6
1296
6146
6
156
0806
2616
6
876
856
76
16
76
6
6
706
6
1606
4766
3466
596
76
6
6
6
996
8426
926
96
16
8966
66
96
6
356
3176
16
96
6
396
4596
6
6
6016
6
9186
6
796
0116
6
026
5156
3466
4426
326
16
616
4396
8636
5616
8526
6
136
26
6146
6
6
706
166
46
7876
886
6
716
06
806
5436
6
6
86
2226
5026
156
3986
7076
96
6
6
736
6
9896
2736
6
6
386
0276
16
396
6
6
6
46
406
36
9576
6
7846
76
6796
5346
6
26
9786
0426
86
316
36
2216
6
3796
6
766
5126
16
2466
86
66
16
36
96
6
6
6
36
46
696
6
6
026
8126
6
286
6
506
726
6
286
66
4036
276
6576
146
846
6
7956
6
7676
386
076
6
06
6
296
36
66
76
726
26
4966
6
6
2406
26
0596
6
6
6
9146
736
56
346
336
2926
6
976
2256
6
766
616
6
06
5876
6
0176
06
126
846
2576
946
56
6
596
76
7166
6996
2356
1276
0926
96
6
5776
6
66
6
2896
06
136
96
6
6
136
576
856
86
606
9956
7896
436
6
626
6
46
6
6
46
456
6
6
886
6
26
606
46
216
86
156
466
676
6
6
1126
6
96
26
036
16
6
46
76
4476
6
536
5126
8956
3106
2486
716
4346
6176
4586
96
6
36
6
76
7426
7196
2846
06
6
616
0306
576
476
46
5606
3386
6
226
66
56
16
96
6
7906
6
076
6
66
56
96
76
96
2526
586
316
6826
116
6
0726
76
46
36
6
06
26
786
86
6
16
9186
56
6
6
6
5946
36
16
4206
96
056
06
06
196
766
006
66
266
496
146
686
06
6
6
7456
5826
6
5566
6
216
096
36
526
786
3216
556
016
26
96
4026
6
6
234
26
36
26
6
906
516
26
6
586
6
6
9486
4766
6
126
56
706
096
6
5456
6
86
1196
36
6
7636
7026
16
8746
2156
6
46
2446
6036
7206
8906
6476
266
2506
7276
3896
6
2876
16
5386
86
6
6736
076
36
96
8336
6396
76
66
6
06
326
86
6
06
6346
776
186
46
6
6
26
6
0036
66
26
946
6096
6076
6
76
36
56
7556
6
6
836
6
7766
6
6
3386
066
06
586
116
236
6
6
386
7976
6
46
386
56
816
56
16
2096
76
6
606
166
856
606
286
2196
6556
36
16
5876
36
6
6466
526
6466
6
66
46
46
4676
9126
66
06
3246
1726
3886
26
606
16
46
766
6
7726
6
586
96
566
6
126
06
386
6
726
6
6
9606
8236
836
16
526
6
36
856
16
956
6
6
76
6
66
16
6
6746
6
376
6
6
6
26
396
6
6
9836
716
66
6
1726
6
806
826
6
1716
6
0956
486
6
6
166
96
96
36
66
6
6966
56
16
596
7596
6
6
1486
6
6
6
56
6
6
796
36
6866
6
6
6
66
6
6
6
3486
6
6
06
6
186
406
6
2036
9276
096
3346
6
156
9486
3246
6
46
6466
6
0586
66
516
6
036
176
626
76
5386
06
6936
4406
96
8846
5206
0306
8076
76
3096
06
6
7226
5646
9846
36
46
6
5866
46
0336
06
66
4996
6
6
976
7066
9246
1756
5686
6
526
16
2626
6
256
6
56
6
6
446
06
6
6
4136
6
2266
6
0816
906
6
16
26
6
746
8446
06
2726
26
5656
6
6
896
416
726
6
6
6
2136
6
06
0746
6
6
46
6
6
6
6
6
416
6
6
6
476
6
276
6
6
16
26
6
696
6
226
6
306
496
6
56
6
8046
196
1486
6
6
9046
6
1896
6
26
16
416
16
6
6
1056
2526
6
96
596
546
806
8446
96
306
6
0886
166
956
2646
1296
3156
6
7916
46
696
776
8606
6
86
8096
6
1466
6
6
76
6
786
726
06
5796
6
96
26
16
6
6
686
2326
696
66
96
6
6
6
1626
9726
66
386
806
6
6
526
4676
7906
896
76
06
6
9226
8366
616
36
786
046
6
56
16
96
8626
06
0576
86
016
6
6
856
9266
6
6
6
256
16
376
6
86
5466
6
7196
9856
106
1286
1696
2946
16
16
9256
1236
6
26
6
6
716
2966
56
1166
4756
786
6
96
2476
486
426
6
66
6476
46
66
6
6
6
3546
286
6
6
26
646
646
916
866
96
296
726
26
306
6
56
4036
26
6
916
6
776
096
46
96
6716
66
86
876
6
966
6
6
6
6
06
56
76
6
3956
6
36
856
16
136
016
806
56
5076
6
36
36
6
36
516
6
6646
8446
6
26
8026
06
0576
4476
36
6
126
66
7286
486
66
8026
406
596
6
56
256
8586
5616
96
46
6
4796
596
5566
876
476
56
6
6
026
76
5386
6
6
76
956
216
6
6
606
946
236
156
06
6536
06
4566
7556
6
66
6
36
6
2746
6926
36
8426
6
86
9716
6
76
3836
606
06
1576
36
2666
6
6
66
016
46
6156
76
3926
6
36
1046
3626
46
296
036
6
6
26
9546
966
6
26
616
546
46
16
566
966
4876
4816
46
2126
46
406
36
66
796
6
6
2186
7756
326
96
6
386
096
6
2936
7946
846
6
6
4816
586
706
76
6906
026
396
416
436
6
7736
296
896
476
5306
6
86
626
206
4236
6
956
6
6786
06
7846
36
136
76
26
9776
46
6
236
066
6
6
226
06
4596
3886
216
86
6
476
6
096
6
8046
6
96
2966
786
6
6
616
6
26
5926
786
346
996
366
566
6
86
96
16
966
5926
6
6
626
1886
66
0386
846
6
346
56
6
06
86
926
816
146
6
436
8486
6116
66
6
36
386
6
826
8136
9116
6
6
7296
6
106
6
6
6
76
5536
06
6
6
2766
36
6
2486
5616
6
4916
356
6
6
636
16
6
6
6
56
616
226
036
786
36
2916
76
516
76
1716
3686
86
6
506
6
3456
246
5686
6
6
76
6
7086
9556
76
46
886
696
766
06
146
0356
0356
9626
96
6
66
6
26
6
2946
6
616
646
6
586
6
426
26
2346
6
4786
6
6
16
7146
96
26
606
346
56
7606
6
6
106
6
96
96
9586
7836
6
306
6
8636
646
76
6
36
6
66
16
96
666
9976
896
6816
06
86
6
856
826
6
36
336
136
8896
6
4496
7266
46
806
76
1186
566
3756
816
6316
5166
356
56
56
216
96
236
2536
3346
6
6
6136
56
6
46
6
8316
2016
5466
906
6
6
6186
6
6
6
8216
856
926
6
7996
526
4496
66
7056
6
6
7126
4736
6
776
7536
9496
6
786
6936
6
6
6
636
76
8936
6
686
5766
6756
306
56
4726
6686
46
6
1446
6
26
6
536
6
8456
826
6
016
6
5576
876
9756
936
9056
296
536
1486
6
836
86
6
6
4146
866
6
846
6
6
36
8326
4656
316
96
6
6
76
66
816
6
56
66
6
76
76
666
6
6
8086
966
6
6
3106
5496
6
186
56
6
7676
16
56
6
6
5726
16
0046
766
46
6726
516
8186
5756
6
8616
6
096
6
6
346
66
6
1026
496
936
976
26
36
506
06
466
4126
586
296
2086
4976
336
6
9686
8746
906
146
6296
6
386
1876
7836
686
6
616
6
596
1066
806
0366
696
136
9696
246
6
1286
06
7766
466
36
6
86
6
6
936
76
7316
6
6
966
8266
6
5146
2126
886
76
356
06
16
136
46
6
06
8826
6
046
7036
576
066
926
4656
6
26
526
316
8056
6
6
6
226
0366
5946
8906
946
0346
96
506
296
2086
6
6
0436
246
2086
3006
5756
2626
1586
136
876
216
96
306
7506
36
536
76
5846
4646
6
0306
4336
466
26
76
16
86
566
776
6
36
1456
36
56
506
6
86
6
16
6
6
66
5906
6
266
26
86
6956
506
3416
3686
8636
6
736
6
3126
76
956
366
216
6
436
56
806
3996
6736
6
6
4166
426
4136
6
6
6
86
026
6
46
36
536
46
96
1016
246
36
76
6
6
6
16
406
496
6
226
3346
516
06
736
0886
306
146
6
6
206
6216
9876
16
546
86
76
6
16
926
7366
626
5056
6
7736
6
2966
6
66
946
2426
26
96
6
1106
8866
256
16
996
6
6
6
486
7506
26
726
6
5306
6
56
4776
2536
6686
386
146
986
96
786
6
36
6
86
6
626
586
716
6
56
76
0576
936
916
26
056
6
56
2266
66
6
86
06
6
4486
06
6
36
456
7466
656
76
0676
6
926
596
466
076
856
6
6
7146
826
096
7116
506
0116
9536
196
66
2456
26
76
646
266
66
6
6
946
6
36
0026
0506
6
86
6
66
66
56
6
036
3316
56
6
46
86
56
6
46
056
5746
36
6856
6126
3616
2366
6
96
36
176
6
6
646
2836
6
46
16
0326
36
26
766
06
8306
76
746
6156
666
036
1356
506
7146
5716
046
4296
516
2216
6176
556
6
6
8386
6
466
676
26
426
1196
9866
46
846
6626
6
056
6
586
816
36
416
986
956
1556
6
16
716
3066
26
6
86
6
6
206
336
9206
6
2346
76
96
4636
3106
6
856
6
7326
76
96
26
686
276
6
86
6
46
6
46
7606
6
0276
5046
6
3726
6
1246
6
6
56
1936
5346
56
76
1426
6
0316
4606
966
5316
0266
5666
46
06
86
6
556
4176
96
6
6
26
46
6
7726
6
6
86
116
86
6
86
566
66
9386
8646
1966
366
56
6
36
6
66
566
6
6
6
6
6
426
286
76
6
46
46
6
6516
996
6
06
46
6
9046
516
6
26
856
686
6696
6
6
96
106
6
9396
5436
6
26
7376
276
196
56
6
6906
6
26
6
6
96
956
7506
6
506
66
2476
3386
26
8536
6
226
6
776
8016
3986
0496
6186
446
456
56
7136
566
6
946
9736
1536
6
6
36
536
06
6
6
8516
46
0596
556
786
0686
626
46
016
7506
16
6
346
9496
246
946
796
6
76
076
386
6676
6486
36
7786
76
2806
6
6916
6096
66
386
6
596
6
056
5196
46
3906
6
816
46
6
686
3606
5436
96
4316
6
36
096
096
6
46
326
6
6
6
4906
26
16
46
6
56
6
6
4176
1286
1536
2816
896
6
6
316
6
6
476
9546
26
6
56
36
56
6
316
956
1556
6
3446
6696
6
6
7866
36
26
636
6
6
4556
6
76
06
6
976
4676
7226
4606
06
1246
6
16
6
6
46
4826
586
7396
6
96
96
6
9746
066
16
9806
6
5766
76
6
6
6
46
6
76
6
76
706
76
6
666
6
16
3106
4236
76
836
606
646
06
6
96
126
6
86
6
86
86
6
86
6
46
8446
0506
0846
86
6
6606
6
0076
6
6
2996
606
1196
6
66
616
0986
6
6
4166
6
1126
426
126
876
6546
6
76
76
16
86
6
3236
36
926
896
1926
9516
6
86
366
16
6
36
876
46
626
56
6
46
6
606
16
7456
6
6
766
016
9816
56
4776
6
06
1756
56
116
6816
46
9876
6
6
6
276
36
956
6
66
56
696
26
76
486
2636
246
6
7416
5036
6
66
96
3976
656
6
46
6
6
46
056
6
36
046
4696
6
6
6
6
666
1286
86
2006
6
6
486
6
136
6
46
686
6
476
6
886
6
6
6
76
8676
66
206
66
96
6206
6
196
66
06
26
6
06
6
1876
6
96
3486
7576
6136
166
6
516
9856
086
466
846
846
86
2596
56
46
526
146
66
816
16
6
6
6
116
946
36
56
66
526
6
136
96
96
506
1816
796
0256
6
6176
246
6586
4826
6
626
4886
26
6
076
56
36
36
446
966
66
036
6
4076
6
6
26
6
916
546
7646
6
6
66
606
8656
46
6
6
46
546
26
76
6
7146
06
16
36
6
5296
316
6
8556
976
1356
6
046
1966
956
2266
6
6
6
446
426
8126
376
4656
6
9426
36
06
36
826
6
2876
16
406
126
86
2396
6
7446
96
36
6
876
716
7546
6
6
6
1926
3996
26
16
56
96
96
916
416
86
6166
6
6
66
6
0486
6
6
16
6
276
906
606
96
06
6
9816
436
606
186
9606
456
26
6
5366
96
6
6
576
6
796
06
696
1526
66
856
06
36
356
9606
3256
6
9066
06
6
6856
9616
6
7966
276
0696
3116
6
06
6
6
76
06
56
56
6236
6
296
7156
036
96
86
516
236
556
286
6
5236
46
6
456
8696
46
6
6
6
736
86
16
6
76
6
626
6
46
1226
806
2526
896
0916
7546
3556
96
26
126
6
86
0906
96
26
236
8366
16
2256
136
5566
3556
6
6
286
136
6096
506
16
5526
76
6
906
56
3016
1186
7736
56
2196
16
916
586
556
6
6
126
0616
36
726
6
46
1786
5096
8736
36
16
296
86
06
4596
66
46
606
076
6
6
276
0086
2626
26
3426
6
896
126
6
96
4846
8016
4706
0416
6
9546
36
9636
5896
6
6436
5506
216
6
286
46
8996
6
6
6
6
0796
66
236
996
9176
786
426
8206
516
76
996
066
86
6
66
7666
996
3246
6
9276
406
36
3046
6
2356
846
5966
956
106
766
66
6
06
586
6
66
6
186
0496
466
06
56
46
4636
06
6
6
9576
6
6
5426
6
496
6
526
6
696
8036
9196
8396
6
76
16
856
146
416
6
6
6
6606
56
86
966
7336
606
956
96
306
6
6
96
676
5896
06
696
56
6026
06
0136
6
896
8176
2136
6336
06
76
36
56
936
6
626
356
346
036
876
96
6
446
456
2146
7746
366
56
6
76
156
926
26
856
0086
796
346
2376
6
2956
86
6
136
6
0926
4126
86
6
7626
246
3376
6076
526
6
4536
6
8686
026
2716
356
6
6
4206
3806
6
2696
656
6
36
6
706
8926
6
7236
6
4336
26
26
2286
4406
2666
66
966
46
896
6
026
316
6
6
76
6
0046
6
756
56
7306
096
9306
056
4716
36
6
26
6
396
6
7036
56
86
6
6
56
66
4746
6
6
26
6
46
596
6
3556
856
776
1416
3766
56
9316
6
756
9586
6
06
6
6
246
4706
6
6
6
46
966
56
6
1056
6
6296
6
5926
526
96
706
096
96
656
796
656
66
6
6
336
156
16
6
3296
0166
686
6
26
6
6
16
6
646
6
646
86
166
866
126
76
6
86
6
06
6356
06
6
6
986
96
1696
386
06
406
6
6
56
76
2156
1946
76
8306
26
36
0386
86
7346
6
26
616
866
96
86
236
86
6
146
5886
6
6536
76
6
7716
696
8746
946
386
9066
7266
6
6
76
1926
0056
6
56
056
6
766
6
566
206
66
0656
6
906
9626
6
5406
6
816
96
0396
436
6
2056
06
6
8586
26
6
296
6
6
4206
446
8076
6
6306
96
16
6
6
96
6
516
736
546
6
76
2826
086
36
6
6
456
456
6
3736
6686
3326
866
96
1116
4866
2216
3876
6
6
16
806
8446
6
586
556
2826
146
896
9436
96
56
6
5786
006
36
1136
146
336
1426
1596
046
906
6
1206
236
086
6
06
5276
6
6
6
76
06
026
6
26
666
6
86
3326
66
6
796
56
86
1306
216
776
0356
526
416
6
466
2586
6
116
56
6896
706
6
6
6
6
46
8206
1886
86
6
6
866
6
16
66
6
166
2166
2066
6
4366
86
596
766
1686
1246
0426
6
66
66
9826
0466
2366
6
3506
66
9716
016
176
696
86
246
36
0416
96
286
5916
9366
8876
6
936
46
26
6
26
1776
6
6
76
6
06
6
316
836
976
0446
6
6
86
06
86
606
6
96
9516
8646
166
5436
266
26
5846
706
6
5436
7456
836
6
36
6
346
56
1126
6426
8256
36
16
5736
2776
16
96
86
6
26
5506
8056
346
3376
6
06
6
6666
6
2276
0216
6
286
6
26
6
6
856
2586
6
266
6
736
2926
56
6
6
816
856
6
96
1446
86
8076
56
8966
4006
46
506
6
636
6
576
8186
7756
996
36
316
46
0366
4316
6
716
56
566
6
6
86
256
6
56
6
306
966
9456
96
5526
6
0486
756
56
16
986
6
9306
86
2166
686
406
6
846
0176
596
16
5686
1916
0606
6
2736
726
286
16
66
6
8186
6
6
26
076
4916
16
66
6
366
0446
2456
6696
46
076
6
6
6
16
686
06
26
76
6
46
6
4766
6
8086
56
6
0946
7616
8956
586
1196
6
16
6
336
496
8986
36
986
996
06
6
96
6
846
6
16
6
6
226
6
86
436
36
666
286
526
336
6
86
36
06
6
016
26
9596
896
046
66
66
826
06
76
516
6
6
26
6
76
4496
6
786
316
0066
666
3446
86
666
66
76
6
36
8056
666
16
806
6
5276
6
176
7546
26
656
716
56
06
6
606
5366
966
26
536
476
86
986
6
226
86
046
576
326
656
46
246
006
176
6
0526
26
76
456
6
6
6
176
6
926
6
4506
6
6806
6
966
4836
916
6
586
7106
806
306
336
1226
6
06
9066
6336
346
6
336
2416
6
8506
26
966
3236
4656
6
286
9126
2746
26
7076
696
36
606
6506
16
6
46
6
86
06
9856
7956
6
876
36
666
106
66
16
246
6
6
1606
96
8846
2056
006
6
16
6
5406
96
096
516
76
6
856
1176
9206
596
9036
326
6
76
6
16
476
086
26
76
26
706
6576
36
6136
6766
096
6686
36
7896
3436
6
6
8206
66
6
6
6
76
6
6
6
16
4376
246
1636
5256
6
156
6
046
796
376
6
6936
896
846
406
2726
86
6
5706
6
46
6
6
6
356
326
1656
46
2316
06
16
076
8866
276
256
466
2606
96
1446
106
06
96
526
5946
56
806
6
346
86
6
106
056
326
346
96
566
26
6
76
46
696
66
6
666
96
0796
156
376
106
46
0006
076
6
2866
6
656
6
26
06
226
436
66
116
986
76
0566
26
26
166
6
986
6
6
056
976
1486
9906
56
06
6
76
16
6
9466
6536
9176
9136
6
6
06
26
316
6
6
0776
8246
136
86
6
6
576
46
26
5296
6
6726
6
4446
76
826
6
6
6
96
36
986
2356
6
4496
6
6176
6
116
6
3466
6
26
736
6
16
16
4356
316
4296
9736
6
26
456
356
76
966
436
0156
56
8926
6036
86
6
6
9216
2996
1446
516
56
936
186
9926
06
8856
6
96
246
4016
76
6
4596
86
0876
426
666
6
16
6
6
86
6
76
7286
146
9766
186
26
36
226
716
4006
6
76
1726
126
76
76
8536
896
6
356
6
6
6
76
6
356
46
3666
126
406
76
6
6
16
6336
7746
1656
86
146
66
436
6
876
6
7956
6
6
456
6
56
66
576
7726
16
6
646
6
3316
96
46
3796
06
686
7436
4786
6006
06
356
66
476
56
76
6
496
6
26
3416
1966
6
56
6006
6
96
06
8746
1986
016
596
26
6076
3976
36
856
6
9836
6
6
906
86
3206
6
86
9696
56
6
76
206
1516
6
016
6
586
96
6
896
8046
6
06
6
576
5126
46
6
766
66
6
1196
6
6
6
2556
4956
416
4356
0126
76
06
76
6
36
66
56
8006
6
4646
4026
9116
3836
526
2046
6
786
46
6726
146
3426
6206
6
76
46
6256
6
66
4546
36
6
166
46
546
4006
296
16
6
026
6706
86
886
4836
26
9666
856
2986
096
9186
96
6
906
506
656
836
5946
586
616
6
866
46
836
86
6
6
836
8306
926
216
66
4986
86
506
886
66
66
3006
1616
766
6186
0656
66
956
76
4546
346
1656
2086
6
5766
6
6
86
6
6
26
6
896
6
6346
76
16
6
1936
866
5406
026
416
7006
076
6
9356
26
456
16
706
186
56
436
3526
6
106
76
006
186
36
76
6
36
7006
76
2536
576
46
6
76
7876
0616
016
76
26
36
6
76
286
76
976
486
4626
106
7176
9136
6
346
6
7066
8116
1636
26
16
396
8076
6
46
546
6
06
766
06
86
7276
0566
6
1656
26
476
6
636
266
5636
76
56
6
06
56
16
736
1896
16
6
216
6
606
6
346
06
2176
7456
6
756
326
376
996
346
0496
8426
626
3776
656
856
506
6
096
1826
6
556
96
506
8536
6
2166
36
6
916
556
196
6
186
26
266
4516
3836
6
396
8316
096
616
5456
46
026
6
6
2086
166
6756
7346
176
46
316
06
136
96
2386
6
6
606
3156
36
6
36
256
6
8186
6
4736
346
1306
6
116
56
86
06
6516
6
6
3096
66
076
5726
9986
6
186
96
6
16
356
616
1016
66
26
8036
3066
96
26
36
176
6
76
96
56
96
26
6
496
76
6
96
6
6
5446
76
306
6
386
156
6
2886
666
6
6
86
5706
076
176
536
5976
4216
3686
6896
4296
36
6616
4406
46
6
86
646
9416
76
96
6
86
7246
66
6
2826
6
6
636
9246
266
46
4886
026
96
616
7406
446
86
66
2146
26
7366
6
5976
7406
7106
976
5466
6
126
76
6
7916
76
6
3916
96
6
8386
56
96
06
886
2366
0796
286
6
6
706
606
16
6
3246
06
6
6
9066
3776
7886
26
126
36
806
36
2056
6
46
6
6
1746
3426
36
156
6
6
6
886
6
6
256
36
36
96
226
6
66
6
26
8216
426
26
6
9396
0506
06
06
46
476
6
0766
6
36
4326
256
96
66
2126
6
236
96
246
506
9946
2456
66
716
66
56
456
7016
86
6
316
6
2676
346
6
96
6
6
6
2766
6
3626
966
56
6
736
1086
6
246
756
776
96
6
76
6
66
466
6
6
26
6
06
46
116
06
06
6
0806
96
9906
8706
6
976
0716
6
7816
696
6
6
186
1246
0306
06
6
6
8096
6
286
2046
476
446
9616
066
5296
7056
6716
6
46
16
16
76
26
86
5356
66
16
466
336
186
8626
4846
4876
46
8026
96
6
1166
96
1426
2836
6
6
6
8866
846
6
06
96
56
36
936
2666
6
7716
76
96
9086
06
0136
46
46
86
8166
96
8796
8046
346
16
0636
6
6
9266
56
6
3786
416
6866
66
0006
6
196
3606
3606
5546
396
6
6
6
6
5506
7406
76
266
86
6
9116
966
46
566
46
7406
366
676
86
66
1596
416
816
1806
196
3386
286
6
6
2006
056
916
8966
6
6
6
736
86
6896
26
86
3646
46
6
4756
1336
906
286
6906
346
036
7066
6
36
16
2966
16
626
6
66
166
6
6
6
76
46
4546
6
0326
8686
6
866
6
16
0976
5836
4636
376
146
6
46
36
6
3266
3586
66
116
6
6266
6
46
066
646
6
9766
96
6
16
6
826
86
156
6
6266
726
66
6
686
36
8776
476
4016
6
7236
286
786
6
476
0166
76
0696
6
4766
056
5676
6
6
6
946
8996
636
6
6
5966
16
76
26
6
6
0696
36
26
6
836
6
6056
066
8166
276
776
8656
2766
3316
6686
1146
4406
56
5886
76
9046
046
6
6
46
86
06
36
6
76
646
96
7586
26
376
6
6
6
6
6
076
6
6
6
6
6
6496
6
9346
0326
906
066
46
406
646
986
6
46
976
16
6
556
626
8496
16
3426
8296
6
6
116
6
2936
86
3936
26
7036
46
6
466
2686
616
6
6
076
636
76
4126
3396
516
136
56
6
246
26
6
806
06
6
176
76
6
8046
0856
6
816
6
296
06
6
666
136
6
76
6
2426
46
376
56
826
6
6
8316
1156
316
366
6
786
516
96
586
46
736
26
5946
8956
56
1546
156
6
296
1706
2036
296
96
926
256
766
1486
36
836
6
6
906
86
8536
206
6
506
6576
8646
6
9436
696
406
76
226
56
96
4886
0996
2626
916
6
5236
6
246
386
96
76
506
416
9336
716
96
7386
2886
0926
6
6786
6
246
1196
86
6
5886
896
1246
16
6
96
26
46
6
5176
816
66
2386
6776
6
8446
566
6
46
9286
8856
156
6
6
6
6
6
16
5096
6
4366
46
526
7786
76
0666
86
6
9796
06
8146
8996
9836
4426
566
206
3986
6216
8206
606
296
7806
6
7466
636
6
6276
6
186
6396
16
2056
856
3416
266
3836
5246
96
6
6
66
46
376
216
6
6
6
046
106
56
6
746
1346
6
5336
96
616
606
16
56
8146
6
936
1636
6
6
416
66
866
86
46
116
496
886
6
6086
6
6
26
856
5586
76
6
6
316
6
296
476
9156
3856
2166
9226
6
6066
656
86
486
956
4576
6
576
256
2036
4516
6
716
6
6856
6
2296
836
666
896
6
6736
16
66
7096
6
1846
9826
2246
6
6
1036
056
6
986
6
6
66
46
246
906
1006
766
6
6
0146
2406
6
9376
386
6
86
86
4916
376
1066
6
606
6
5556
1996
6
96
6
0246
6
96
6
16
5286
5226
46
6
6
6
46
8746
6
4036
1596
6
526
6
026
0336
356
166
6
96
4666
6
26
26
456
6
6
726
9126
6
6
46
6
6
6
4756
6
26
6
616
6
06
6
836
456
6
486
6
6
6
6
3276
26
86
5566
6
6
6
6
456
216
06
16
636
36
436
06
7286
946
86
496
66
476
6
666
4636
6
2726
16
5366
106
66
6
6
7976
76
6
86
66
6
6
8526
6
856
46
6
9916
8966
6
6
346
6
96
6
5496
0246
6
5046
6
06
956
8806
36
076
16
6116
996
5436
56
6
26
716
6
76
076
576
6
836
826
5076
66
76
6846
0456
396
396
6
306
76
56
7046
6
06
16
66
6
7776
676
3356
616
86
976
1186
516
6
06
2836
36
46
6
5636
336
9186
6
96
6
596
4336
706
136
6
26
06
0756
36
906
56
6
426
6
6
9326
9086
86
8526
6226
8206
76
8166
6016
8706
96
996
76
6
46
066
8496
36
46
926
6
9956
1936
6926
106
316
6
36
9816
26
2846
7316
2866
3716
666
36
56
6
96
776
6
56
9346
076
466
56
6
1146
6
766
616
6
116
0356
6
5536
6
946
6
6
56
206
6
6
206
0406
946
216
0176
546
6
846
6
016
4606
106
6
66
6
7616
26
7316
6
0636
6
4456
4546
6016
1026
266
16
46
76
6
36
8146
446
96
16
5216
6
5116
6
06
0056
3426
126
9136
8806
096
56
8996
6
6
3516
386
6
646
346
96
6
716
586
3296
6526
1656
6
6
7336
06
6
966
66
46
146
6
1656
756
436
816
8956
46
9296
396
6
26
306
6
116
236
06
466
36
6
3726
56
6
6986
026
476
516
3916
286
36
2916
0456
6
576
56
6
086
9786
8386
06
66
0806
466
6
376
06
66
6
6
376
6526
6
86
876
6
066
706
16
66
496
706
3896
96
5766
26
146
6
6
6
9056
26
1606
6
46
6
4396
16
546
6
626
6
1076
36
526
496
06
6
506
366
6
6
2996
66
6
2526
76
96
26
6
66
1376
7826
6
836
26
9416
76
66
736
6
3016
416
6
4206
26
6166
1586
6
476
6
86
56
8716
6
9406
36
6
6426
276
446
356
9936
6
6
0616
8706
186
666
6
6
976
66
466
5826
866
5776
6
5236
6666
5006
946
6
86
6
26
926
6
126
6
0696
06
86
046
616
76
8456
46
46
6
9766
846
5316
76
6366
426
856
66
56
1216
6
06
16
6
46
296
576
26
26
3766
976
196
56
8156
6
7406
6
26
5296
06
756
76
26
6
416
1926
76
6
8706
1986
256
4826
46
7806
6
6796
26
46
6
5676
36
6
3886
646
6
286
6
206
126
86
6
36
6
1656
3176
56
646
56
6
6
0206
16
4686
106
36
4476
5546
4276
336
56
076
1456
66
236
46
3256
236
6
696
6
6136
966
5116
666
106
0756
6
86
146
6
96
6
96
6
26
7576
96
36
6426
606
796
986
1846
976
566
556
7316
6
6
6
5636
6
26
6
6
86
476
6
26
0356
86
2426
6
916
3666
466
6
086
86
2416
3656
706
86
16
286
3776
16
4846
916
26
686
6
2646
86
0566
76
6756
16
3186
506
6
1946
8486
386
706
2916
4626
16
536
4986
426
36
8556
3066
6266
3436
306
1756
6
186
46
6
06
166
606
6
6
1916
256
026
3096
6
076
6
466
06
4176
6
6
6
6
0206
956
456
3026
5716
1386
6636
346
7416
6
3946
916
6
7556
6
736
36
46
3736
6126
66
6
06
696
3156
0566
456
2296
686
6996
226
66
9926
4146
5636
4916
736
6
346
56
6
186
16
616
066
6
8076
6
506
746
216
806
7606
336
726
6
26
06
86
286
6
6
3256
766
056
3526
076
56
56
6
66
5866
6
9766
16
6
6
6
6
386
0896
7516
296
9676
46
336
6
5526
306
6
2626
6
6
96
7456
9236
096
6
1956
226
76
6
386
6
16
1566
16
86
6536
3066
036
436
76
846
526
6
8356
6
3766
616
9256
76
8216
6956
46
236
2176
756
06
06
376
2456
6
1966
2246
2526
816
546
3416
4166
486
5386
2846
186
9706
6
4286
26
6
936
6
6
6
586
06
116
96
06
6
6
6
2576
8196
7776
0366
26
6706
56
126
6
6
6
9926
946
6
0806
806
946
746
6
3066
6
226
6
16
736
16
6
6
016
66
1586
6
1416
26
606
3376
256
6
36
09
36
6
8736
16
56
446
076
2306
06
56
1896
0946
8186
706
0036
86
6
66
786
56
1666
6
76
606
986
76
8626
6
076
016
5996
16
6
0046
6
6
406
0546
4136
786
6
16
6
6
066
6
756
66
6
176
2246
416
6
6866
4966
56
96
36
176
426
26
3346
86
6
976
6
196
486
86
226
6
8576
66
6
36
5226
486
16
9976
16
46
696
6
696
86
26
86
256
656
776
166
26
6
5176
1626
6
3986
6
86
6
16
6346
8886
6
6
366
6
6
33
316
86
6
6896
3766
186
6
8146
4806
356
6
76
6
76
6586
0426
436
06
746
6
06
76
66
046
86
1596
096
2586
4176
266
6
8006
1006
6
6
26
746
76
4986
6
956
9366
6376
716
236
6
96
6
66
8336
76
36
56
096
106
766
6
86
1196
666
66
3466
6
6
6
26
56
6
6
6
16
2916
6
6
766
0566
6
46
7126
566
6
1636
166
2986
666
576
0226
906
276
646
76
0306
0456
306
96
0216
6
36
9196
6
86
6
56
366
0476
6
6
936
6
866
386
56
2256
2036
736
6
1806
16
616
296
4116
1746
346
6446
36
26
2516
7256
726
696
246
8456
2346
0426
2286
66
6
66
9386
96
46
26
16
326
8956
6
76
66
846
66
6
06
5586
866
16
4946
26
16
6
3696
6
0116
6
86
2186
6076
416
46
356
6
6
06
16
1736
206
6
36
1546
36
6
506
156
6
8366
106
5096
896
9606
26
0646
6
2076
96
6
566
9926
6
86
76
816
566
6
76
166
56
6
6
0836
6
86
776
2446
96
36
86
86
526
6
546
6
86
6
5806
6
86
1576
6
6
6846
96
06
6
7856
96
96
46
6
916
046
786
6
6
26
346
6
96
0206
6516
6
96
96
6
786
66
6
6
726
4156
26
6
6
9796
6
926
6
6
3766
76
136
06
946
8136
6096
16
6
4256
8926
2856
4736
496
8316
666
6
386
6
5816
6
56
6
8286
526
0246
6
66
06
6
8026
6
6
646
796
6
6
16
746
466
1886
66
6
5016
2606
6
3726
926
336
66
86
6
046
6
5596
9226
6
36
6
6
5376
6
706
86
6426
6236
326
5476
36
406
6
6
46
446
46
06
36
6
46
046
976
96
8606
2916
8806
66
806
1366
116
856
6
6
96
16
76
7716
726
716
6
6
26
436
7716
1306
36
0146
6646
66
26
076
36
106
06
6
1196
6
9056
7786
446
76
186
6
456
96
96
496
526
6216
16
6
1996
6
6
4116
2006
6
3736
6
0886
26
6
916
26
16
626
6206
46
8776
6
6
406
6
66
606
3326
6
906
5416
86
9456
6
96
406
6
1096
6
396
3106
6
6
1796
3326
46
8566
046
6
156
6
86
66
26
46
26
476
36
56
1876
86
96
46
6
316
6
6
6
6686
476
476
276
96
6
6
6
0576
646
276
5566
936
3026
6
6
26
9316
3826
7876
886
06
636
46
8646
56
6
6
376
2636
6
6
76
6
6
376
4486
6
466
1206
6
206
56
46
56
6
56
6
416
86
6
36
46
916
786
26
76
16
6
8466
616
916
6
1756
76
16
6
226
6306
96
666
786
6
506
896
6
06
6
9286
26
6
46
7606
16
306
6
076
56
96
96
8756
06
3726
236
6
16
6
46
946
86
6366
6
46
6
6
96
606
76
6
76
1356
6
56
466
9396
06
5866
0866
36
56
6
716
26
56
46
0556
6896
1666
4916
86
9726
6
096
16
76
6
216
6
486
6
46
96
16
86
7636
616
06
726
166
26
2646
7936
6
76
76
8636
6
556
26
6916
4846
86
6
6
6
6
066
686
2746
6
1816
6
6
356
6
666
936
0996
216
8146
56
1816
3336
6
6
966
86
406
3046
2976
556
6
86
6
066
6
3666
6
7506
6
26
786
676
6
8706
66
86
136
46
06
6
6
4426
406
6
8686
6
6
9556
16
56
8566
96
96
886
76
166
06
6
36
6
6
6426
6
6
1976
446
976
0966
6
56
516
9396
6
6
486
806
6
1926
4656
046
6
6
76
6
6
4256
36
6
066
396
0736
06
36
866
1096
546
6
656
0276
6
186
026
76
5156
6
1276
616
296
226
6
5206
346
56
6
6
6
206
6
536
6
1036
16
6
6
5906
6
0756
1416
86
596
8406
376
626
316
5126
06
6
9036
026
076
9476
8756
1186
786
156
0666
36
46
6396
706
36
116
7986
8966
036
2846
4306
6
6
36
6
6
6
8496
5086
8126
256
896
446
46
996
56
06
776
6
6
56
0956
5246
616
8716
6
6
96
76
6
6
6
706
1376
386
86
086
46
16
06
2726
956
6
906
6
0256
7886
8716
3546
8856
6
376
1586
8896
66
6
6
6746
96
66
36
0306
486
6
476
16
6
6
6
6
6
726
296
6
6
56
7076
6
4116
226
6
6
876
86
6
5316
06
9656
6
06
96
6
6
76
7416
536
66
1846
5676
306
3446
4626
16
466
1716
86
4356
5346
6
96
6
6
06
3846
286
6
2136
956
6
66
246
76
96
106
926
16
6326
36
5676
3446
626
536
956
146
726
9266
6
6
46
8826
466
56
56
6
6
6
0646
2816
686
46
7926
26
016
5646
96
976
5496
3906
146
236
96
86
286
266
606
646
76
256
6
576
716
0526
126
156
26
3706
6
56
16
1106
7256
6
86
676
16
6
6
6
16
1516
5726
6336
016
6
696
76
426
986
6
826
0396
2786
6
96
5776
0866
6
786
5616
66
86
46
646
116
6
216
6456
26
466
6
6
176
06
96
0796
616
06
416
6
46
776
7646
846
6
4726
5716
16
86
56
26
6
5306
6
6
1596
06
576
6
7926
86
46
6
926
5176
6
6
8246
186
6
8226
56
6
6
6
5936
6
6
006
7406
396
586
9656
276
2176
6
2326
4516
6
6
1646
6996
6
066
746
96
246
886
06
46
316
416
6
6
6
8856
6
16
1796
566
66
2986
8056
2346
466
26
6
6
6
6
76
9416
946
806
196
7226
726
436
6
2886
6
196
6
9976
1126
86
5276
6
96
0636
26
36
626
6
9176
5156
66
356
656
6316
6
6
666
6
126
9766
96
9356
396
5406
76
4466
5326
66
7726
56
6
6
6
0206
06
0246
6
766
1056
6
136
196
9946
6
76
06
6
1596
6
46
96
316
36
6
26
6
6
6
7456
076
1266
6
16
3646
6
86
6
76
936
926
0706
6
46
6
6
6
46
56
7476
6756
2726
46
6
86
4696
6
26
6
6
56
1666
2036
3176
136
6
576
2666
546
7386
96
6
6926
6136
6
8416
76
936
8566
6
76
6
26
96
16
7156
26
86
7276
26
356
06
5106
6
86
1386
76
1396
46
416
7906
6
36
436
696
6
136
6
0446
76
556
2806
6
46
186
76
6
6
16
6
636
0146
6
56
1396
6
6
86
6
466
76
0066
96
566
676
9206
446
6
0506
86
6
656
06
5656
6
76
56
9686
6
096
3016
286
6
6
26
86
1756
4286
6
66
7476
986
66
356
326
6
0356
86
26
3326
6
096
46
86
06
96
6
906
0136
846
6
9996
66
6
7956
6
6
46
6
176
2796
56
466
2776
1976
3336
766
96
76
436
6
756
7836
96
8976
6
7616
676
96
86
246
76
9836
56
7436
7256
816
86
9146
2866
006
26
6
2986
6
776
616
2866
806
8806
0546
6
076
26
2256
456
1136
16
56
36
36
1886
106
26
6
236
4556
866
6
996
06
346
66
5866
296
6
5256
5406
086
06
686
9206
186
1726
06
6
46
96
876
4886
3656
8776
6
46
0456
6
6
726
406
0446
8646
86
26
76
6
5886
4606
6
106
6106
56
306
5496
56
6
6
6
1316
26
776
46
866
4516
5136
86
6
716
6
366
2836
9306
116
56
736
6
9526
9696
316
046
456
6
6
766
8276
796
6
86
6
6
6
56
6
8336
16
746
716
5096
1456
6
16
6946
486
096
26
06
86
6
0046
6166
086
26
56
6
406
106
526
9156
6
46
36
36
6
6
6
6
06
66
6
376
6
66
6136
06
86
6
526
8826
6
96
96
876
96
36
7256
6
276
406
486
6
7936
3206
6
1706
056
5296
6
6
8696
496
6
586
6
7066
06
5306
9486
6
86
16
246
6866
96
956
7946
6
076
6
4616
16
6
6
2036
8826
6
6
6
146
6
6
3106
56
6
26
4386
6
46
0336
856
2766
486
6
966
06
6
796
666
466
2086
0526
8906
6
56
26
6
6
6
676
8786
26
0246
296
5796
8476
886
466
3226
936
96
06
36
66
2546
6276
0196
6
76
8486
156
9836
186
76
1376
3646
6
2316
366
086
6
6
56
6
656
6
0276
56
6
66
3556
46
636
666
26
6
6
9226
3466
6
876
746
436
86
6
6
6
046
4736
6
66
56
1246
256
006
46
496
66
6
66
376
836
576
8376
66
66
6
6
2236
16
896
6
7536
2716
6
6
926
806
166
6
96
626
16
606
7166
196
66
5716
0266
46
46
96
6
4846
9356
4186
26
566
6386
6786
6
96
206
46
6
7766
6796
996
6
6
7086
6
746
76
656
6
496
6
1066
1646
36
976
5626
76
6
3706
6
26
8606
836
7976
1256
66
9326
26
6
336
6
06
6
676
6
06
216
306
706
4096
196
176
6
76
36
546
1636
8176
6
6
4476
6
6
0316
2026
9086
5596
46
26
486
6
96
2146
6
1666
6
06
6
86
26
3006
9426
6
5576
96
26
5926
6
6
66
6
446
8316
116
46
336
6
9436
186
16
0306
796
0126
056
6126
2636
6
86
6
896
8566
2176
76
206
4186
186
6196
6
6996
376
76
9606
6
2626
6
36
6
6986
886
06
16
846
56
86
16
6
6
616
6
46
6
066
96
9436
816
736
6
8726
9016
346
626
6
8826
8396
46
06
6
3136
36
06
6
6
0296
76
9096
56
56
6
16
386
86
1786
136
976
6
706
6
6
7006
06
426
696
3726
9296
366
956
6
626
4996
0006
0436
6
336
9306
1136
16
316
5976
6
6
36
1036
6
6
9056
0436
56
26
8936
816
46
46
6
6
56
7996
6
606
4166
56
406
76
6496
516
896
6
76
6
16
4066
16
546
6
06
3456
036
756
526
36
3356
56
96
386
456
366
816
6
836
2766
06
466
076
8666
26
06
56
5326
6
56
6966
386
0406
6726
826
226
66
36
6
36
46
16
16
26
776
6826
46
036
6
7866
36
146
506
96
686
16
6
576
86
76
16
0466
86
26
4366
1046
6
496
06
06
6
6
96
2556
6
6746
4256
6
6
86
6076
736
6
6
16
5696
26
56
56
6
76
76
366
9846
2756
66
46
4966
06
316
436
3976
116
46
76
6
056
26
4336
3186
836
6
6
76
6
706
6
6856
36
96
726
66
8186
6
1656
6
1416
166
6
96
186
8156
966
686
286
416
856
3986
16
6
246
1376
1006
1326
036
906
6
86
6
46
46
36
3286
126
6
756
2536
0836
6
0986
2316
796
96
6
1746
6
846
6
3856
6
6
6
7536
016
16
0456
1766
26
36
6
6
66
1936
36
6
526
936
096
9626
806
8426
6146
5446
8716
096
146
766
06
1016
6
6
316
566
66
4816
6
4436
66
6
26
1736
6
6
306
6076
5856
16
706
6
6
1716
856
6
76
6
56
6
56
1446
6
356
6666
6
5306
6
6
046
4536
436
636
826
6
5436
6
306
6
6
806
66
2046
66
6666
9936
6796
786
336
3136
6
016
5276
26
6756
856
6
3986
196
166
016
6
366
6
5026
546
6
0316
16
446
7106
6
526
16
1656
3986
656
3446
4686
526
8406
6
6
6
386
556
3966
66
76
6
2426
36
726
956
696
6286
856
716
066
876
36
666
6
96
6
9876
6
8236
86
6
6
7446
6
06
426
056
6
9036
046
6
3506
56
8766
6
6
6
3866
56
9246
66
6
516
9106
0606
286
0736
6
276
36
6
486
3986
526
6
6
536
1456
096
56
6226
96
6
6
2516
296
26
966
6
826
406
76
86
7466
4636
36
236
656
2256
066
8076
6
816
6
106
9036
46
1706
86
5036
6
6
4256
6
936
36
6
16
586
816
766
36
246
6
6
586
036
6
0616
3566
6
8386
4376
9276
56
6
7636
8626
366
6
66
9616
166
66
986
8596
226
7986
6
1266
26
16
4826
6
6
5236
86
06
506
7676
976
2306
36
296
6676
096
96
346
56
6
86
0176
46
36
06
5136
6176
0386
6506
6
076
676
06
6
16
06
56
06
786
6
6
896
546
6
2406
86
6
6
6
7336
16
26
16
0486
6
6456
326
06
06
8306
816
6
856
6
6
6
496
9446
6296
2936
76
496
6
926
006
6
6
436
596
0376
7616
36
6
996
6
06
6
0626
7676
416
2086
6
8666
76
6
206
6
56
9396
6
596
66
5026
6
16
116
056
446
6
926
4606
46
496
306
0446
0476
56
3426
336
6
6
9576
8416
06
736
6
6
0616
946
7206
16
446
6
86
0136
86
6
86
616
6
9976
8746
76
876
16
226
246
6
56
856
436
26
56
76
8126
6
3236
436
66
3766
2236
06
6
1316
06
6466
4286
616
06
596
146
816
6
96
686
6536
1156
026
2526
6
26
606
646
5896
26
6
06
6
6
336
276
6
2366
5656
6
606
66
7756
6
6
376
6
06
886
126
66
436
76
6336
6
46
886
3236
76
946
6766
36
26
9156
136
56
16
7756
426
136
66
216
556
06
9606
376
5376
2736
1546
76
826
1606
6
1596
16
6
916
6
6
9786
086
6756
176
696
3916
66
4846
996
16
1936
696
6
0776
6
6
3366
6
6
356
6
6
6
6
36
5896
6
666
556
4906
6866
2546
386
666
6
36
6
626
5596
96
7906
86
06
7056
386
6
6
86
46
6
26
686
3566
26
336
666
696
6
5726
096
8336
76
46
46
4036
926
06
86
566
8256
486
976
3196
6
6
6
8326
976
96
66
6876
96
6
3206
2676
6
476
686
6
6
476
716
6
06
4296
46
4636
5936
806
36
1406
706
56
8136
6
6
1036
16
16
256
76
26
216
416
6376
6
976
9466
66
646
36
76
3536
46
126
516
806
076
96
2786
6
46
6
426
6
5736
406
3936
1086
876
906
86
1686
406
856
6
6
6
6
0536
1196
96
6
46
6
5626
656
636
3636
6
46
606
6
36
26
646
9116
6
546
76
36
6
7656
346
976
296
46
1406
446
6
6
6
16
6706
6
466
046
4616
426
6
6
6
0466
766
6
26
06
5966
6
0936
2846
6
1636
16
6
826
1216
3086
136
046
4256
26
6
3336
8376
36
86
926
86
436
286
436
6
46
066
26
6
56
936
4106
3966
6
966
666
2456
866
706
6
6
26
76
26
6
96
6
6
496
356
226
136
106
6
76
16
5376
2966
466
566
6
666
26
6
3706
396
6
56
6
496
86
166
8786
4406
56
066
9756
096
596
996
846
86
056
6
7266
06
6
06
846
96
8206
9856
2336
6906
8576
56
106
6
2876
9736
56
16
036
76
186
256
346
0796
576
6
56
106
56
6
326
456
7116
746
6
1366
86
6
96
06
1936
96
6
9376
036
46
6
756
1876
6
356
896
66
5766
86
6
6
3966
86
26
96
6
7946
906
6
6
996
6
86
06
96
346
986
086
6
996
5156
6
726
806
3816
476
136
6
0436
66
816
6156
026
6
986
546
196
006
796
2846
6
06
6
2696
346
16
346
0806
146
1616
6
6
5576
66
2286
5236
6
1996
456
6
76
6
06
6
526
776
6
6
5036
56
5326
8246
926
3686
6
436
616
8186
766
16
1796
006
846
1176
136
66
76
8476
6
336
356
4146
76
6
176
46
16
646
8866
826
6
896
076
966
686
6536
006
6996
9986
3736
676
2866
16
6
6
96
6
7056
4736
6
6256
906
6
16
6
6
36
486
8996
6
5816
496
656
86
76
6
66
966
96
796
8986
7406
4456
3306
86
26
6
3946
146
36
916
296
86
3176
6
6666
6
16
6
9916
6
8336
6
3356
5716
116
6356
446
056
2266
6
476
2456
0216
986
696
1916
6
726
5656
66
2846
46
9576
6
6
416
586
6
0136
2566
7386
6
5776
6
2366
3656
86
36
586
6
6
3536
66
5546
6
506
196
66
5596
336
076
5556
396
16
6
66
6
8436
56
46
9876
6
6
1816
9466
076
396
636
96
6
6
06
8166
66
5456
6
36
066
7196
4546
256
7856
9746
736
946
46
7966
1726
46
6
996
16
86
6
696
4876
6
36
9796
6
376
0636
6
66
236
66
2306
0586
2906
3376
86
9026
6
4526
6
526
0556
0836
6
386
96
66
66
36
6536
16
56
4056
036
8276
2076
806
996
6
406
36
86
46
6
0366
6
5706
6566
106
66
266
296
3726
8656
6
4946
6
56
7236
566
136
3856
9586
6
766
26
376
8506
5306
6
696
086
326
06
6
9636
6
436
6
36
5706
416
686
66
0686
36
06
246
86
3946
86
26
86
6
6
2496
6
86
9686
866
4546
16
146
36
06
096
16
8466
956
9966
6
4146
06
796
56
716
7336
6
1556
6
6
076
66
956
6
6
76
6
6
26
6
6
96
776
6
76
8626
366
126
7206
6
486
6
0296
6
7176
286
2126
376
66
6
16
7106
9336
1486
66
6
6
6
26
2866
926
6
6
626
96
346
66
26
6
516
9406
626
26
506
26
9266
6
4276
6
1646
96
16
6
6
156
5616
826
6
3006
266
6
86
6
4286
9186
016
96
6786
5656
06
936
36
7696
26
4426
86
446
1176
6306
96
6
26
66
86
76
8336
36
8786
716
76
6
436
996
806
6
6
56
6
996
66
6
6946
16
946
66
586
6
376
86
146
586
16
6
416
6
9206
296
56
46
4276
2796
6
56
946
6
986
6676
6
376
5456
9986
6
1016
56
2476
36
126
926
6
816
6
6
066
576
6
246
2426
6856
06
6
6
066
5776
5526
8236
46
886
126
296
896
6
846
66
976
1676
2706
586
046
876
6
076
796
396
9526
4986
6226
9446
776
3186
6186
5816
8786
6026
36
6
6
76
26
886
3396
6
06
4866
46
6
846
6
636
576
8296
976
166
16
576
6
36
46
8326
266
6
6
26
2296
986
536
3566
06
7696
86
106
5306
686
626
7106
246
6
596
6
96
76
6
26
6
286
6
8676
226
9496
8976
66
056
426
26
16
996
6
06
2276
936
7926
86
6
6
6066
6
506
906
6
76
136
66
6786
1326
56
76
6
3696
7476
2676
6
9836
6
56
766
6
2666
86
6
706
86
6
8536
6
6
126
6
196
16
6
56
676
46
036
4286
586
0816
6
6
686
646
0136
1416
66
96
126
036
96
026
066
4096
86
6
6
8626
66
6
686
156
6
256
6
56
666
96
6
856
346
636
36
6656
5816
726
06
06
6
26
716
256
76
66
086
6
6
6
6
636
6
956
76
6
9866
6
626
66
6
36
6
66
6
566
6
56
6
6776
6
7356
56
8086
526
6
356
6
5206
276
456
6
2986
5926
56
6
66
396
026
9436
9156
4616
346
2866
6076
56
8676
916
3536
06
6
226
6086
6
6
396
4596
06
146
6
596
6
6
3376
6
6
736
6
56
16
666
16
56
6
1746
6806
356
6
1096
2936
826
916
46
66
9356
6
5986
246
96
96
3596
56
6
6
6746
6306
1156
66
766
6
356
46
4396
1276
906
6
1356
6
6
6
46
6
886
86
6
876
9226
6
6
476
6076
6
46
3046
536
6
926
1986
36
1336
8036
026
816
3266
966
5626
886
6
56
6
186
06
36
3346
696
336
06
2356
2506
96
16
26
1876
36
56
06
606
686
426
3246
6
5076
3096
16
56
76
9586
4196
446
26
066
66
056
556
06
846
8926
446
96
736
86
376
6
6
426
6
5866
526
46
56
456
0626
6
76
446
356
856
6
86
546
196
56
2646
6
6
196
8446
76
26
516
9186
9406
3156
496
336
6
746
2266
86
6
6
276
8586
976
4966
3696
696
9496
036
46
6
596
036
6
6
7346
866
66
3056
1126
7796
6
9876
6
6
5396
6
46
5926
6
196
906
36
6
6
3466
5006
2726
196
9766
0246
6
476
7986
6
546
76
06
96
56
4826
6
6
0166
96
46
326
936
96
16
76
66
5116
6
76
56
3936
16
76
6
6
496
36
6
6
16
6
46
816
306
66
6
6
946
5856
86
06
8076
726
4486
46
966
0616
96
6
6
016
46
86
6
2436
646
6
96
0856
26
3476
346
6
6
8076
6
06
6776
6
66
516
296
56
6
5606
9986
076
136
396
0206
06
66
936
726
66
7336
6
96
2526
26
2066
6
2626
4266
6
6
506
6
86
6
876
396
6
26
86
8536
6
6
96
9486
86
6
6236
2796
6
4286
96
576
06
606
6
676
6
1106
6
8646
6
6816
86
16
076
96
7826
46
0786
4646
286
7196
6
056
86
86
776
3716
36
86
1696
976
6
6
6
96
6676
6726
806
0526
6
86
36
3486
96
916
6
06
006
6866
9806
6
86
6
06
776
6
5436
86
6
26
816
96
16
2366
636
6
776
7746
386
2096
6256
6
66
3216
606
6
6
3336
6
6
106
6
276
6
6
46
006
26
6
6
6
976
346
6
456
6
96
86
856
56
406
1226
56
546
6
666
3716
86
386
746
6
46
6
4176
2866
86
5486
526
2836
186
46
9856
16
386
6
6
06
0336
6
256
6
456
636
6
6
4746
966
1706
086
106
9926
46
56
6
96
246
106
6
66
466
276
6
66
56
046
46
86
1136
6
6
926
5796
886
556
6
0856
336
6
206
216
16
5326
6
06
946
76
76
106
4996
6
806
5006
86
2486
46
836
6
986
316
4196
376
6
36
996
1216
6
9156
706
96
906
4036
6
1126
1996
46
8416
676
2266
6
36
246
876
06
6
186
6
6
86
16
096
2816
8226
26
9716
6
86
6
126
5396
86
86
966
566
56
6
0146
6
76
116
6
36
3366
1156
0016
6
66
6
356
6
6
6
5806
36
56
6
496
116
6
6
96
16
986
6
6
076
226
6
6
8926
6
9136
4836
5626
86
56
36
786
096
86
846
6
126
976
16
266
76
5956
96
56
6
2186
6
26
96
06
16
56
376
6
06
386
1816
0406
8986
26
8736
6
66
6
2786
6
6496
7516
6
6
636
3756
6
636
16
6
6
56
06
356
6
6
96
96
7976
6
6
3766
256
586
6
76
0526
3106
6
2596
626
56
6
0726
9456
86
2956
86
6
296
0266
6
36
6
6
166
6
5436
26
966
7596
6
46
936
4846
6
6
2256
6556
0146
6
6
6996
46
6
2456
6
16
2976
76
6
3206
856
86
2426
6
206
66
2766
446
456
6
66
986
66
2246
6
6
6206
66
4706
6
6
3626
6
6
86
2096
6
0826
6
5986
36
296
836
786
5336
7156
26
6
6786
36
3366
626
6
1966
666
86
0136
646
516
6
86
836
6
336
466
26
66
66
046
906
6
276
46
6
7716
176
2546
1096
6706
3826
056
6
936
46
336
3116
26
6
6
6246
46
26
5306
586
6
36
296
6606
6
876
56
256
6
9806
56
936
36
6066
6
6
16
4696
2916
6
6
6
2666
5356
66
36
56
0096
736
916
7546
5866
776
1366
6
7956
46
456
396
4056
46
476
526
956
996
16
346
6
6
0476
8056
9916
8886
7586
8916
256
6
506
36
776
6
146
6646
986
556
2766
56
06
6
5946
36
6
6
2356
16
06
56
6
156
786
66
1866
8216
6
6
616
2516
6876
66
3546
6
166
66
6
76
6
6
6
606
6
6
466
036
6
6
86
866
6
556
696
1356
16
4316
36
166
226
86
36
246
6
46
36
66
7426
56
6
6
466
006
806
4156
46
796
956
86
66
46
6
0016
6
6
86
6
986
76
296
6136
516
8156
546
86
376
166
886
6
706
486
196
866
6446
9596
36
0366
6
006
76
716
8056
6
6946
066
6
6
6
0066
96
2846
5686
936
8066
56
86
5596
666
176
6
556
6
16
936
196
6836
1006
66
36
176
0856
0736
526
6
3626
66
746
2156
6
4636
0086
196
46
3816
976
6
6
76
726
6
06
6
1036
16
006
6
9596
396
56
0656
506
26
06
6886
946
2356
536
6
6186
6
956
3446
596
426
506
906
6
5076
6
836
576
6
96
506
886
6
6
96
4276
6
86
1166
0596
6
6
016
6226
8406
8256
726
7776
0526
36
046
2676
236
966
26
6
26
86
706
6
1166
36
066
996
7336
6
446
166
76
716
986
5426
6
026
8686
6
6
6
46
8346
5456
9136
966
06
6
586
86
96
806
6
7986
0146
6976
296
296
226
776
7706
126
6
96
676
336
1746
1676
4476
66
2326
96
046
2456
16
936
6
6
6
46
3736
6
6426
6
16
526
7476
6
256
7676
1376
06
46
6
6
16
6
7136
26
8096
6
96
146
856
1846
16
7696
6
3026
026
0796
6
1756
6
676
6
606
26
8096
7376
8336
766
46
3946
6066
0466
6
96
6066
706
1476
06
26
76
706
6
6
56
9506
846
3176
726
06
6
6
6
96
5486
246
876
6
56
6
966
6796
7106
6
8386
856
6956
3406
6
996
6
6
6
066
6
6
76
376
236
6
696
0126
76
2726
56
6
56
656
6
296
6
6
66
9646
6
6
6
6
86
16
46
6
7176
7096
106
86
3256
6
06
6
6
46
6
76
6996
486
316
466
6
6956
556
6
2416
46
8656
7306
186
36
6
626
6
26
476
46
216
096
5776
296
6
96
6
6
246
6
9346
206
36
6
6
446
8576
76
6
1976
96
6
3936
06
0616
6
86
46
6
866
96
66
26
5566
56
6
06
3206
936
056
3046
96
7186
336
0916
8596
366
26
8526
526
676
6
86
76
426
9376
1956
86
6
936
786
536
6
16
8476
216
6
6446
6
6
6
86
9656
6
6
16
336
6
546
6
0646
6
6
66
6
3816
946
06
686
6786
6
266
2016
5766
5536
46
916
936
36
7786
6
0456
6
7056
86
136
716
66
6
6
26
7086
56
186
976
8396
606
6
6
436
806
6
76
7826
5276
926
16
866
6
4756
6
0236
796
4226
46
36
826
6
6
6
46
526
1736
06
56
96
6
6
5246
16
3316
0516
36
6
6
66
6
46
8306
6
36
6
6486
1746
6
486
006
7776
5526
666
6
26
6496
6
166
6
346
6
86
96
496
6
46
36
106
6
2146
86
166
36
6
6
36
06
66
6
56
56
496
86
4856
9706
7526
06
976
36
316
076
996
6
86
076
6
736
126
886
8086
6
616
906
6
286
6
2236
6
5926
8706
6
06
6
0896
6
1576
6
06
2576
1126
796
5026
66
0606
2916
6
4226
376
7046
6
6
6
6
2276
8786
96
3756
2206
86
6
96
56
466
446
6
6
8496
606
36
686
6
36
3016
6
706
366
316
9096
96
6036
86
96
6
46
936
556
6746
6
156
3096
206
6
706
616
6
76
6
9726
006
6
9326
56
666
0106
306
9466
6
3156
6
6
3056
6
7966
6
0426
86
616
6086
6
6
9076
6
66
6
856
756
56
6
6
36
6
96
5776
1626
66
76
4206
6
6976
56
7476
46
036
796
6
9066
76
6
6526
76
6
996
7986
66
356
6
3716
6
2256
9186
2506
16
76
6
4156
26
6
2836
06
36
86
6296
6
2006
116
8406
2156
6
406
6
66
216
0766
026
6
6
096
1066
36
8796
596
586
6
336
4936
346
2406
2186
6
66
36
6
246
6
26
6
056
0416
546
6
16
86
6
3466
06
456
7356
26
1316
6
156
46
6
196
316
1396
6
36
26
9046
4126
66
356
36
7656
6
6
66
3376
216
6
6976
496
1126
6266
766
76
2576
66
126
7316
6
9156
96
66
06
46
9126
6
206
256
4006
6
526
5576
3216
6
6
96
4176
76
6
6
26
86
7826
16
246
5006
4936
756
76
66
6
736
06
4186
6
976
9026
096
686
826
606
1526
1136
86
886
76
76
2756
336
686
7766
06
3386
1016
2046
2856
526
76
6
6
6
46
086
26
356
86
8806
116
886
406
56
2106
76
736
096
86
3476
16
096
6716
6
6
536
6
76
5386
286
7786
2666
446
86
906
46
636
6
6
26
46
6
306
486
7466
1906
846
876
6
606
076
1236
96
6
1086
336
6916
6
86
6
806
0076
886
036
636
6
9676
0416
626
46
16
856
016
16
86
276
036
566
7706
16
8836
706
16
576
396
16
86
606
06
816
6
1786
506
36
66
36
396
96
526
3226
6
186
46
5216
96
6
7556
6
6
516
7766
6
6
586
6
86
6926
9336
776
7196
6
306
6
486
476
216
6496
606
6
866
156
46
2366
36
6
6
6
596
56
76
336
616
9196
6
066
6
656
2946
6
6
46
96
496
006
76
6
2026
6
606
6
196
426
26
116
6
0256
6
6
6
76
06
2196
7616
616
6
846
66
6996
6
76
9686
96
16
6
326
3436
9666
0006
876
446
316
6
576
86
1886
6
546
6
9636
6
6
86
796
666
6
856
026
1826
316
76
576
6
4336
66
976
7356
9806
6
96
6
6
6
5296
466
776
706
256
76
396
6
326
6
6256
146
06
56
4906
796
66
86
886
276
4116
786
66
66
16
6
7036
6
0136
6
676
6
006
7276
96
646
5946
576
426
9796
6
0626
36
7086
0326
6126
36
976
8866
736
6
6
36
66
966
836
26
6
7436
6
6
6
6
7736
6246
5906
576
46
46
9476
0316
1926
6
9076
36
466
6056
9916
6
1216
466
7836
76
0576
116
746
526
6
6
9666
6
4646
6
496
7326
6
76
8096
8876
156
6186
616
6
656
6
3506
6
46
6
86
1506
16
76
76
6
96
556
556
96
1836
7846
156
1706
586
6
6
176
2876
46
236
66
4376
346
4786
6
6
0956
6
066
656
6
6
4346
6516
96
76
6
76
56
2266
806
96
96
896
546
9946
6
86
066
646
6
6
606
66
016
786
4106
6
136
66
6
6
896
406
6
7386
46
546
06
8926
36
6
86
86
2396
06
046
146
6
0226
6
6
66
3186
6
696
6
386
056
786
6
06
8196
16
9696
6
6546
6
86
506
0446
06
6
7376
6
7936
36
4266
996
36
66
3396
8626
56
396
76
96
6
6
6
766
26
76
26
136
296
7066
9916
66
786
826
66
2086
86
916
6
6
6
8216
186
436
3206
66
06
556
556
6
56
6
46
7296
2416
846
4086
6
896
5766
296
16
4456
26
4846
6
776
416
26
996
816
0396
6
06
96
66
856
86
4636
66
6
6
7656
1056
26
466
526
0036
246
2996
1036
146
36
6
6
1186
446
5556
6
6
8906
66
6
6
86
9836
66
36
6
6
6
766
6
756
16
56
5366
36
76
286
6
6
996
466
7506
6
096
666
5976
6
306
66
696
706
7656
6
6
66
036
3906
816
966
9556
76
786
726
9586
6
6
46
6
6186
976
0486
96
56
0286
06
3056
9576
0546
16
56
836
76
556
6
76
6
06
436
8616
6
9846
56
6
6
36
6
6
16
056
16
56
2536
6
46
166
6
6
46
8596
966
1086
6446
6
0876
46
6996
9336
286
26
6
56
156
26
916
726
66
7086
06
96
4366
986
6
16
706
196
6
46
6356
56
6
626
3956
816
46
6
576
8606
5576
226
2896
6
26
6
2036
696
4816
16
06
6
116
6
6
6
426
36
66
56
5966
946
776
36
76
66
116
6
66
06
6
6
6
2966
06
16
6
676
376
36
326
6
036
9106
06
286
6
516
6
6
4876
5976
66
6
26
16
516
66
376
46
06
6
76
26
06
9576
086
66
7706
6
6
146
6
16
6
0566
56
986
6
136
6716
276
6136
5656
8046
626
6496
6
5776
6456
86
6076
006
5296
36
96
36
86
5426
06
4386
96
1386
6
3976
726
2656
86
86
866
56
6
586
296
86
5536
0586
06
016
6
6
4096
7446
46
126
186
6
4346
6
226
386
6
3996
6
96
6336
6
56
86
3366
6
36
76
16
506
9316
46
586
9336
4786
6
6306
6
3056
6
76
7896
746
106
66
466
156
6
9666
6
56
56
7266
686
036
46
766
7896
176
86
826
0056
16
706
4456
86
696
6
16
06
516
9206
6536
6
6
256
3886
9886
36
6
426
0636
5876
1746
46
36
6
46
16
6
696
86
86
8486
6
6
6
586
76
6
6
6
4716
796
1756
6
76
6
356
216
46
56
96
66
1766
4226
6
06
6
506
16
6
956
96
6876
6
16
26
186
836
66
6
36
66
5026
7746
8286
426
66
116
6
4486
6
9636
0526
956
96
6
6026
226
6
36
6
8176
76
446
276
5726
336
046
5836
0876
786
56
436
6266
6
76
786
1206
1176
506
6
596
86
16
6
1566
96
9646
6
2596
3436
096
6
36
6
956
6
36
2906
6
6
8886
8976
76
6
6
6
96
6
06
846
506
5276
766
216
16
36
366
6
1816
36
6
76
5586
6
46
6
946
6
6
6
3006
6
1456
3566
6
6
4136
2506
6
826
766
496
6
396
6496
3276
26
76
6876
16
866
6
6
6
6556
0606
16
76
8616
6
6696
766
2616
56
6
4996
946
076
116
4556
766
3566
6
96
726
646
906
06
126
236
6
6
26
86
9696
76
896
56
6
66
256
4386
66
956
6
326
06
56
6
2336
786
96
26
8416
6
26
36
6
6
6
4696
126
6
7186
6
516
16
8866
6
4716
5796
716
8846
86
6
6
806
6
936
6
666
2466
6
7946
016
06
6
0306
76
296
126
6
36
76
66
9756
6
6
736
306
6
8706
7546
5816
6
86
3986
0376
06
66
36
96
76
706
6
6
2766
856
06
1506
786
446
1376
456
6046
9726
7966
6
7196
8436
9506
06
3836
56
76
06
6876
996
436
36
96
486
46
7736
3986
6
6
16
4436
8106
9396
6
996
96
36
6
716
6
696
86
3176
6
7966
416
6
46
4916
0066
6
9346
066
26
76
3766
006
46
636
6
6
9416
6
6
6
6
166
2286
086
236
8206
66
5006
26
236
76
6
6
3426
6
956
8876
1836
6
626
276
9056
1376
6
366
236
316
2236
056
6
6
6356
1596
186
7956
946
0686
16
5596
36
416
466
6
6
06
876
7936
456
1546
266
7546
06
6
476
326
2366
236
36
746
266
6856
4406
6
66
9696
5006
6
6
326
1106
6
376
396
5616
826
66
716
6
86
3096
876
476
66
106
6
6
6
46
66
6
716
9036
6
6
906
976
996
86
06
6
36
56
396
06
16
7296
7076
56
4706
16
426
7786
766
56
0596
96
366
2276
6
6
06
36
06
006
1046
1176
96
416
6
516
6
066
26
256
26
76
36
6
6
3816
16
36
6
2596
816
0616
406
6
56
86
6
616
866
06
766
76
686
516
6
6
6
726
3046
2446
6
676
06
266
76
86
0156
396
396
26
4206
056
6
36
06
736
6
06
6
3546
3716
96
6
516
96
6
66
016
56
3366
36
036
766
2156
526
46
6806
6956
336
616
576
9356
6
6
3016
856
96
1536
6
106
6
16
6
6
1076
26
6
4136
596
6
06
46
2296
246
06
6
66
86
0886
6
6
6
266
7086
6
796
936
3656
226
86
6
6396
5436
16
356
6
16
4356
806
46
6
06
5416
2746
616
6
9276
6
6
6
56
6
6
56
9366
66
56
806
8276
5756
6376
246
86
5296
6926
9546
846
6
46
66
9086
5226
276
46
956
36
646
9866
6
86
6496
46
9486
6
6
5076
96
6
6
9666
106
9416
96
1546
6
96
16
6
7466
6
6
66
3956
916
6976
6526
306
626
7286
396
3776
416
86
86
36
6
0596
5666
5806
566
6
56
576
6
6816
5276
6
956
6
996
16
5346
6
16
6
4436
26
4416
6
156
16
06
6
96
46
46
6
136
3046
56
6
66
6
6
56
16
6
5636
056
776
6
26
6
6
6
6
6
6
6
126
5116
686
66
3546
4176
516
6
1966
4496
4926
6
6
676
6
6
16
6
8006
4706
76
46
886
66
446
56
6
6446
6
6
596
836
16
86
6
86
06
086
66
16
6
6
5036
5246
9236
046
6166
6
26
06
936
5466
06
1036
2496
6
6
586
026
996
826
856
2386
316
86
6
56
936
76
506
0756
56
9526
0796
6
76
6
076
726
56
106
6
006
226
26
16
06
6
66
2866
166
26
4396
6
8716
356
6
16
36
7326
76
076
6
8516
86
6
7216
966
3886
736
476
16
56
6
06
8396
3376
86
986
6
296
2866
4666
6
6
0846
7586
046
056
8996
66
0786
816
466
6
136
46
116
606
46
1396
26
6
6596
6
36
2936
4426
6
036
6496
06
1876
7076
26
96
7886
726
626
6
6
6
2386
96
86
46
4736
526
56
0006
136
806
046
316
96
716
496
76
006
646
406
6
496
5596
866
686
6
36
3356
06
8666
5596
4726
2106
6
6
996
6
6
6
5766
436
9046
646
6
26
496
3896
296
66
246
6
06
96
6
106
8556
6
86
6
6
226
5116
06
736
876
066
916
3056
6
6
86
66
06
356
5236
3806
4716
116
586
376
26
6
216
9796
526
6346
96
8216
6
7856
9856
26
2036
4386
4096
846
3816
5516
1646
86
6
096
6076
886
226
86
7966
0836
56
96
6
976
596
6
2326
176
96
6
26
656
6
56
6
826
576
6
66
506
576
506
6
56
856
86
6
2086
6
46
6
976
226
2306
46
16
896
896
6
06
46
6
46
36
8956
9826
5866
7506
5156
36
6
816
3456
66
3606
956
466
746
446
46
6
246
216
3796
5846
6
5106
6
366
76
6
46
6
036
36
6
6
836
26
36
86
886
96
866
5626
136
696
96
826
36
066
46
36
36
9376
6
6
26
1686
6
16
6
5386
46
4346
66
466
026
6
46
9576
886
6
2826
46
16
386
766
3916
6
3296
146
26
8506
06
6
26
2826
1306
176
6
6
906
4796
6
0066
196
7046
6
6
216
26
5406
66
9796
6
236
216
376
006
16
26
86
006
6
6756
06
16
6
6
86
1086
86
246
6836
766
56
946
56
06
2676
16
66
1616
86
56
16
36
16
7596
6
066
796
8976
1806
6
5426
76
356
9736
826
6506
36
6
0256
26
26
2336
6
1136
96
316
16
876
7216
66
226
676
06
6
16
66
3736
716
56
376
9926
6
6
86
76
06
4716
16
6
156
8946
16
236
9126
96
6
86
06
546
856
6196
886
46
56
56
5156
666
6
16
8916
36
96
666
6
6486
6
696
6
996
7376
06
46
6
6
96
6
116
316
6
36
786
6
56
8526
6
736
16
946
7046
6
6
6
886
6946
5206
6
06
586
6916
6
96
6
66
3866
726
6
736
6
9166
516
6
6
466
16
6
096
4246
616
56
7836
6
6
36
076
296
3696
906
6
66
6
8306
16
706
06
06
046
6
06
6
6186
6
896
496
8366
436
46
086
26
6
286
46
716
6
6
86
6
6
46
56
6
686
076
7516
26
1456
966
136
96
6
7076
036
6
6
6
76
46
46
6
9986
46
0586
546
296
056
6906
336
6
3576
2206
6
36
606
036
6
5636
96
146
3426
3576
6
506
06
2276
1826
5676
7586
346
56
3416
056
66
6
3866
2766
56
526
9996
6086
6
6
6
36
1736
36
56
806
6
586
0956
06
916
1336
6
06
6
4256
376
06
566
6
1286
5316
6416
6
2226
086
06
546
4266
6
6
76
26
6
26
2706
866
86
4486
2416
6
436
6
06
6536
5606
06
16
516
576
6
9416
26
316
836
016
6
0336
6
266
6
6
206
76
56
26
56
6526
16
946
6
946
9336
6
56
6
746
0806
666
26
6
6
96
8896
6
6
0206
816
726
86
6586
846
36
786
6
66
266
1386
966
86
56
6
56
6
436
46
6
546
8936
6
6
26
1266
1816
06
8626
876
6
6
6
696
06
16
2416
466
296
06
396
06
236
86
0476
96
896
56
66
86
6
36
6
56
3786
16
696
3086
86
6
16
6
146
336
86
46
36
886
2166
026
5636
6
6
26
416
346
406
86
586
56
6
6
6
56
346
76
476
6
1586
5506
4176
5776
36
6
26
36
76
6
506
2716
826
6
76
0126
3726
6
86
7966
6
4376
56
6
4606
0096
3696
16
6
536
6946
6
92
36
6
086
1216
046
76
6
1716
6
1336
56
6056
6
06
6
3476
6
6
736
586
76
446
16
5266
636
956
86
46
96
16
46
6
76
9986
9876
6
6
0786
7506
76
816
96
006
616
36
906
6
26
4616
46
76
926
6336
6
3506
6
9726
56
36
096
8166
0206
6
2686
5126
6
6476
26
8686
7746
6
086
6
6
16
56
356
2116
6
006
26
4926
6
6
916
6
6
3216
6
5396
4486
5446
2956
6
6
6
6
9716
256
216
4956
426
3146
6
3256
366
686
06
496
256
6
16
6656
396
176
36
6
3506
276
6
4466
36
6
996
3756
6
6
926
9286
7596
5596
526
6
806
706
96
6
0576
1026
16
6
426
1686
66
66
5926
1276
6
16
6
6
6
6
96
3336
6
346
96
86
6136
6
926
2066
6
6
6
76
296
3566
826
6
356
106
6
36
6276
6
4916
7996
9466
6
866
6
036
476
6
16
8816
3026
6
6
226
56
36
456
6
36
6
7206
596
16
236
936
6
16
6
46
1166
876
66
3206
6
6
296
6
596
6
6
2576
26
06
4506
326
6
656
6
16
6166
1616
6
6
9146
26
6
116
5386
6
506
1076
456
2756
6
616
8416
726
1866
8406
66
726
8036
4636
956
56
46
986
86
046
36
336
7256
6
0476
06
736
06
16
36
806
186
76
9256
7096
6
4986
386
6676
6
336
676
56
6
36
6
7876
96
26
0196
6
96
7386
6
6
26
6
546
96
8546
36
36
6
16
876
86
9186
46
946
86
4916
666
166
376
76
6
6
16
166
9586
8946
6
1446
36
6
106
836
656
7716
6366
06
6
26
456
26
296
0536
6
196
36
96
206
6
396
9266
426
916
6
86
306
46
106
626
5196
6
6
6
96
26
1686
336
3406
6
96
5656
0606
6
486
066
6
6
6
6
6766
626
8196
6
986
66
096
1186
976
6
6
5056
6
16
6
6066
0066
236
16
6
0396
16
476
4326
6
516
7716
9286
826
0396
756
56
16
0046
2626
6
876
2756
106
6
6
8076
56
26
6
2256
326
6
06
6
6076
036
6
9876
076
6
6
8406
66
716
96
4056
6846
6
46
276
6
56
556
96
926
6
36
4566
616
726
9816
6
6
996
6
3256
3966
296
476
2616
6
6
86
6
7636
316
26
726
776
7776
676
16
986
6396
6
6
6
7916
8876
96
66
6
6466
9416
66
06
896
86
6
6
316
576
316
6
6
0576
66
5416
7476
6
6
6
6
7956
66
0556
06
856
6
4586
6
96
836
436
186
496
0166
96
6
6
1866
996
66
46
6
7216
426
306
336
6
56
326
8676
196
26
6
26
126
86
2446
046
546
6
6
176
6
8196
36
46
56
2296
36
3196
6
836
746
6936
16
716
06
1276
96
3206
6
96
6
916
6
6
6
96
7356
06
76
666
096
1366
66
816
2656
16
956
2506
9366
2956
6
8946
6736
6
196
666
666
346
6
66
516
126
46
116
76
6
6
7196
0336
746
5736
626
8286
4366
4616
66
76
4256
4246
5186
6
0946
7196
6
06
3176
66
46
6
476
46
5816
276
196
786
7116
96
06
816
116
66
5366
6
76
6
076
0786
86
536
896
496
6
86
2466
6
3456
6
116
0466
8536
66
1066
6
8666
76
8906
0486
16
276
76
886
4676
06
6706
96
8136
9896
6
06
156
306
066
6
026
646
6
56
26
6
76
7456
46
86
5066
8026
6
76
96
666
06
846
606
4876
386
96
846
6
5086
5626
4636
4086
6736
6
56
86
2356
6
1966
686
106
116
6
6
6
46
6
506
16
966
066
6
06
6
126
6
6
816
16
6
96
6
26
336
86
96
26
6
6
966
6
76
966
2276
886
6
16
886
3066
3196
76
86
896
66
586
706
9196
556
76
06
456
456
26
9076
946
436
6
16
506
36
6
6
56
4066
6
86
236
56
666
6616
8696
1696
6
16
6
7936
16
5656
756
1766
676
0656
7256
016
156
6366
416
8016
6
46
9116
5656
4626
46
7566
16
656
236
9456
6
2976
0916
466
6
6
46
66
1016
6
706
6
9236
6
46
6
66
76
6
06
996
1906
8346
0476
6
6
0956
096
56
6
9426
3026
5306
3286
1316
516
16
5046
9966
6
26
6
0276
6
396
1086
26
6
686
6996
46
6706
9286
6
6316
6
506
6
9356
46
4066
6
8796
8846
26
3766
8796
36
96
686
6
16
6
76
606
1646
76
6
6426
496
1336
56
2366
2396
6
6
8616
6
266
6
46
6
6
86
356
5936
576
6
6
1686
3126
786
0406
3546
336
1056
286
06
106
416
8576
96
16
926
36
76
9996
76
3836
6
96
3196
6496
26
506
36
6
6
8826
6
46
6
7046
076
1536
476
6
296
36
06
286
6
2626
06
4366
186
8196
26
6766
6
826
96
146
4786
106
456
6
56
66
596
56
6
516
06
26
896
6
16
6
16
36
6
76
66
476
46
7586
6
6
36
6
5606
4756
3236
1256
186
6
236
86
0046
696
46
06
0866
966
6626
06
26
6586
3696
3106
1636
3386
76
76
0996
0896
9176
6
16
6696
9186
5976
946
7776
7936
226
6
3916
1266
306
36
1776
936
2416
46
386
436
8736
6
6
276
26
206
6076
006
6
7916
766
6
6
26
6
76
86
8516
5366
406
06
6
6
4706
886
8866
516
6
7726
86
8916
86
6
6
6
896
746
6
816
416
6
4336
96
56
6
596
46
06
616
176
6
6
06
96
6
886
716
9396
66
256
9846
06
6
36
856
856
5696
8316
626
5146
56
6
46
0186
6
6
6
276
636
16
8686
66
86
26
56
7456
716
6
6
06
26
3926
6
3206
6
6
006
6
366
76
26
6
8516
56
4136
196
6
26
936
7856
76
46
6
6
96
316
6
06
076
6
8336
3346
756
6
496
6
226
4596
7756
16
96
76
6
6
46
676
6
6
3696
86
156
6896
4356
66
616
136
6
66
1556
6
76
8636
76
5296
6
26
6
0006
56
8706
6
7166
9246
6
26
6
66
1056
6
676
86
46
96
6
206
6
5136
6
6
306
26
4446
6126
6256
46
6
3036
56
6
806
0026
46
16
6
6
6
6
6
3476
3926
76
156
4126
786
46
066
136
5376
6
8106
516
16
6
6
706
6
3746
5406
596
6
5536
26
96
66
6
6
96
6
756
06
6336
3426
6
996
476
886
6
6
7876
6
9006
3186
26
56
0426
206
5736
796
6
6
6
886
2756
6
46
66
6
356
7766
6
66
26
6
6
6
7396
6
6
6
6
6
6
8656
476
076
146
06
0976
166
726
6
116
6
0486
2216
8356
6
6
886
656
026
376
56
26
896
96
6
86
376
46
126
3356
06
326
3706
676
236
426
8586
456
0226
7766
6
6
6
4236
06
0016
3476
426
06
016
1636
8206
86
606
336
36
6
816
56
526
6
9776
046
1466
226
16
56
6
476
6
26
86
006
6916
56
6
1236
7196
26
0726
8056
6
46
576
96
7186
376
076
8056
76
1426
6
1436
16
56
46
6
56
696
3206
716
66
316
416
06
196
06
36
286
2456
736
56
746
6
746
6
866
6
866
686
16
66
26
46
26
226
5026
96
6
36
46
8006
26
66
9686
6
6
6
506
6
6
86
2286
236
6
6
96
946
216
36
6
1356
056
26
6
706
6
8636
6
5436
116
76
6
66
396
6
946
76
96
3626
06
6
6506
2036
4796
6
66
6936
36
6
6
006
6
526
96
956
96
796
26
76
1466
9386
6
16
1546
06
056
6
0566
8176
6
946
6
96
886
5596
26
6
6
006
2306
66
26
6
566
4256
9396
66
96
86
16
6
6
1036
836
6
6116
56
6
946
06
16
986
6
16
566
2486
2156
6
8856
6
96
06
826
746
266
336
6
926
6
826
46
16
86
6
6
066
86
66
36
1896
0656
6
46
26
986
6
6
1006
16
76
5996
8576
7556
66
6
7136
6
56
6
76
56
1506
696
9326
7636
266
9426
86
56
126
7326
6
56
6
2366
436
436
1016
6
6
6
596
9676
6
76
8216
6
26
76
536
566
6
976
26
9426
6
6
2756
5256
86
4526
6
6
26
326
6
6
96
1976
6906
066
86
6
06
6
6
6
96
56
66
216
9396
06
06
7556
5796
2976
2306
16
7676
16
6
36
26
16
516
5076
6
6
736
266
76
1166
3356
76
1996
8256
8936
6
636
16
86
996
306
96
6
6
16
7066
6
6
6
0526
4036
8516
6
8396
3766
4956
8966
556
136
1576
7486
36
6796
0856
36
466
186
3406
986
46
6
4346
696
6
916
76
36
16
96
6
9356
756
46
26
6
6
8986
36
6716
236
6
7586
8556
8946
4266
3306
36
3006
506
426
6
3696
36
236
6
4406
16
46
656
6
96
5766
3886
806
46
76
6
6
6
416
596
6
6
746
886
606
0286
3956
36
496
46
6
6
796
9536
6
26
3366
6
296
7176
36
6
5396
5096
2406
6
76
236
1036
6
786
326
66
756
436
06
36
2516
106
6
26
6
2516
7956
276
496
5196
8576
4046
406
906
6
986
2526
6
6
2046
86
6
6
4556
46
4716
9566
4926
6
6
6
8976
3176
6
56
2676
726
6
06
0266
6
6
76
6
6
116
7136
2256
6
96
26
5286
16
366
4426
586
8626
56
46
46
616
166
16
56
0416
6
76
6
4366
6
56
6
106
9356
6
9986
196
106
466
6
896
6
86
96
86
46
9126
276
6576
46
16
826
7956
76
1916
1466
6
56
6
236
6
6
926
6096
6
6196
66
2166
6
16
1556
156
66
996
6
866
6
6
06
846
696
4136
856
6
506
06
06
8356
526
86
16
6
7256
6
176
666
896
6
6
376
06
3766
9396
1656
976
786
6
156
26
856
296
4566
6
2466
16
6
86
266
6
736
3946
16
66
96
866
576
56
56
826
6
6
2596
56
656
3446
6
7506
56
406
476
476
6
3006
6
076
2726
46
4496
566
6
36
66
6
1756
56
1446
8186
0086
086
6
3886
756
6
516
76
8726
6
6
2406
6
8326
76
36
9146
56
726
6
0816
96
306
176
306
46
9096
76
726
6
3366
6
2896
386
906
896
76
6
516
896
7696
86
526
6
16
696
3386
26
1246
2456
6
06
36
46
416
6
6
756
0666
5006
346
5416
6
6
5336
86
1236
46
6
36
16
96
16
4866
0766
56
6
6
6
36
966
9726
36
16
636
6116
5746
26
3566
6
866
1546
576
6
6
1316
6
876
2986
8446
6
8586
6
856
166
316
6
586
256
8056
6
6
3926
516
7476
6
6
906
8926
6
96
66
996
1646
606
1206
7036
826
16
226
8556
6
4806
406
576
1636
6
736
6976
26
4966
1586
3176
6646
56
46
46
666
6
016
106
596
6
26
5336
56
