10000
6047217484
7805
489358706
7092620
587
351581
0
2800
0223130
8
4531416747
3850
626688218
689330
68547
9403308680
9236
0104942306
1216
60245315
9574
61435025
95
9455972
77541
0631
995
201492986
54
93481328
665125
1871462
0
70646
56573164
8259714
662400287
22
4760234661
569
3201
3180
9259355916
478
9
756
8661651
60
07346256
5215
60394
65030242
85270894
00
107887458
855665787
3621
8
2369438998
4
534587
160905
2298
5595372180
883652
8
26508416
15282
083480045
7735
3239304
3595
313787896
332
778021
979804
111761812
17381112
47
8
52632018
6980
47254708
5534947557
23128284
1352
3490387
059
67661
5394848
9
219
804774
218921
4617
5
63730
18
0481423641
702872029
60494
20
7
34925
5248761
155
521
08
05527
7
5682275724
57312527
710466938
41
894976459
2
96
5190024
120
005912949
0611572855
824
599534189
870
312568
29987529
14819302
765
74
4834224590
422711
71269
2800174
8795
8
3658900486
2
39
88381
43256
679877196
9528107
2117
7300926900
48994
3618601878
2590316186
9160429
405
41
8
936205084
0368
40449
031
7095832
6437
4655415
61527387
413164
167297
4
09728027
08
9559
613349
493402
70
6703541909
508031
760891
01549
3961532068
29526410
9660714
01194462
5525
68577
7788554
7
856
6088171
811127
557
6667379
6987716364
40975528
8366675
997545576
9925169
30
6384303322
96
96665
0
8
4016977
2
14105306
573164086
7868737
57720368
781336087
1046
09562
021
8444
3944772
258045
6
972325711
8067040
975532316
089
94098785
1
11738
73819
1367377632
194434
0457
3404
56898
3459960
6
14
9120933557
3878
620
60218204
6
694
20296
648
0404449510
439189
594626
404
0288031134
350362
176014834
8816
1
11
076145575
79339
720
1
20
2865517
4315226228
35452809
64641639
636326
70
2
4469
00
8570
34
827509131
1
44080587
6
637417
7520279
7812
124529507
6295
082876
42750432
195661310
90
953846
024
1629
20744994
54634
473817741
1
5929060688
4469471219
9982
58356
2855404
1513026
740918
748
6
427591366
49
4698575322
751
04247718
25134
208747
2
51724
6
886
9625928800
24479
8438939
117604
594
7618
06081341
785
2636553549
2
356117
0722941566
0
28345037
22
35
1280128624
429
923914
3004
83294
2253974491
69
36779
2912705324
568
88678
4
3690684945
7398999
8806
5301
56127
7919014
39134
80257075
0514957
9
91174492
0
207725
9242002
26
89
806661
11
95735211
7713156244
160
4914
124108342
6949253236
8571784
724
35191
5
16
4813701152
0466759
18268
30720
7898674779
54528256
38934337
0
590526
3495090
824
027503502
109228676
2
8948
4339258
522277408
933553801
4568726
80010
6173255
76250
370496544
942591080
9793160746
05132
4063979
7789981
63151690
13721
0
30
810
3779
991095
4990240
66169072
716505
1273981325
35
3246009939
0100760249
224
182820
1
3325970
73859
45609800
834763682
9063920
9
2649
1
27516995
3317
1661656805
70525740
4440
676
9495763596
32
1494695
00846628
592
097
5394334258
335
5590048
22
64837128
7986698427
15386
14260455
545108
90
87
5839626
0535564
2215737
633567099
38152
5026
8
5429107354
4520850
92229146
9460451740
09567
0788218809
89254206
35902
356640
5332057762
141605
131
69022069
65
209
98
3754400
0
27442
206
949429937
6
5640
259132464
622
05867
54199
000430
785
591012
80
2416
54966
6087295
28119
686432
3181
84
572225405
947
7098
6990529
02817
52169
5348727
02
366221
409
06266340
3521058
19
20696
79991
5469433338
256647041
822314
98304434
4282
079951741
0372
3476
244
435
24838064
80
3638236
9664055
7243724006
8
116786
058
0
206685
148
850370
48414
5
8
982372
93227224
61
7275
9981239379
6
3375
266515
555
20
3261655
267515
7
86601
4046827
979
65
09309
82496
0123326
028
496142008
1524872
94594186
0374
667
505232
986
9076353386
81058
91356
07025534
59448
35996
87
33908
015555452
1259314089
60989338
961858
92288865
484489
09222884
78716
91882
9067966127
788
123864
5
162802
5675755652
709
0
032
87
2337649
2186226
15676
6717929837
9115
958023024
6032171
50910535
846
0
799170
17
96
218
977919407
49023451
0931174
8169165
7109028
6315
004433722
6890919
18
44598330
1680560039
286945
1
512142155
6629517606
816685
07782
141240
632428
0
965514
24875769
4230237050
553687
105013412
7246725
82465789
65429
9605
2174670
9717
708266188
15
170930
650515
661
704
93260950
524082100
321
8
8650
72237
68527
63744532
952
228229604
40016087
04
990
2700300364
15118837
36888384
6
609979859
3716
8820355
785
4
767020
4591028858
73381
012340421
93126037
869
958560858
0841862
61
7903379040
4979478452
5938
0024357
73048131
329
1925882
8
577
7609605
55
0623072017
59762169
1246206428
4763420976
0447282025
06759724
87
8720784
98386
303627292
586980629
88721620
63334818
198
026
55
380
69
87
26
6171
01841
9250084
548079381
0
5257706
229083078
0
29
40129
950635319
4585
921671320
74
36
2066562045
46
6901313592
29883260
8142417
72184022
7444902
3185170344
2580559577
974401384
055
2641418
116
610575
47
86128377
4630
65680
06721
747
45770279
963708812
3186453044
95312
1617168
27138
74
9161088702
87770
07
150
81507
3914
040
449581
39
42
3416782041
58308
122
7
5832176779
6744
7
6516
8483555
9
07166
115379
83096
895
882604995
5651885
5826
3886
154977932
8200
868283512
444798
3001852
23912289
28567
15
959
146
8070
835
134762682
5162
8081
9123756
077238
52357160
19246319
548951101
1696
132
769885169
650
5895
9027108
491612447
26
0791327
447320512
00039208
1
88913158
675596106
0667582
385491395
09
5
2
816
226041644
71
711269856
274474718
356035
4042788
21
28
8181467
0753404928
425104
821739078
846
987642
59656
783055466
98418968
2334
75979
65
418
3330564005
261
1098654197
28
89
400484
06852590
99749
9126142725
2
297
345
96605
1130113376
550
967295871
3684
31
708829491
7
404520368
3513725
684256881
51
86498180
87556
7757290361
289425
33318
96579726
556010698
813369
7006784
0
416049451
8149052395
72029
7575328
879
176611
9
4098
9155066
604079
890838382
41891
785
94585
5417015
8868
57735290
137
379115
6
76797961
82660737
027
80038
6624900505
5307844
7395536
3666905472
627
8176
1270447
095
58651
39
8316148000
963403550
18
0027478
7063541005
245977800
5625
8572201306
594
80
34
9840017229
620219
26615969
1922
091
057095092
39208409
65565
0345521371
0586392129
2171748
37585
43062369
550457
671395
1765552980
5622
6088370
75946
9906
1
2609548
8353521
89
4860311
5
386934591
2423008
1416215
783676721
0700
08
195221929
84965691
2104817377
9103107
1
9435260458
66
063109
63721
45
5
78
68
5468188
6
467358600
2983827
52686720
576
578389102
829
42030395
685
9952
522274916
639179
63393138
72921
05
591485840
99574
41183358
60551
7795578
95322
3805788
9514227
03951
39764292
093758658
745973212
97455840
541477946
86879
724282
035
98486
576
7782413245
54
1309992
0366910
66
65
42590656
094
45052577
2398999844
7536676184
266
069075
991
230246
01648
907
427
39329
8312308786
2
81109194
559
76847
9282846
9
88016442
5127622
98
0017
714100
74
7138549
3176
51
8728328
26
265847
17
819
20
5601094651
233002
5660
291
9961
28
543621
8
701634218
9671463148
1935176687
461307
58588544
36
8745404
9636212
2388
917133520
693308
2066393818
428
8
138571
40
793957
84110
5428358
8784964140
009739
535260
70214
819354
029840304
64427959
097634469
779
2378
0477
267970
182
52
8777847
2
80229
012
36
42910988
42445
04761007
34351551
041528
85
1414715
063364634
21595
14511881
5077
64089711
849640
15
5626720
276207335
60
097651
00188
8769
3959
02192895
324
688547760
981
0
6760131305
2252136205
6682659
4
17457
12585676
40
4
38
2869615
7052219170
2444234455
3683644084
03374
96
051695
223488602
095
274
587
511
0
014449
8222384326
796654924
90378024
4869338
36320976
13960
8035
895184602
5793108
59157301
85748
25371
3744139405
874
7
555794260
20786257
47
76182
6
01
636
816
2
629
3723841
212571248
0814769737
13230174
33031785
77139
838038481
86543375
3893097
7965022557
6147184
49707129
612
70731
48
7939621
7
53660192
9059089
2112824376
77190167
0290128
222197
2
60
5491851
96939
6014084389
0975454
3755371
9688798255
1
0036
07781
3308789897
12497
3057
410902
8531
01
34
90
5776
287
633469
598
34067
6
39687262
572100567
670126611
6270300944
38
3003438630
66910
2065
02823698
6
779
22044
70
024
316796
25111382
334152184
527
746245256
55
5781
228994
606
391428847
4
910696
823872
48
5520470
6
8
91045
84877
70040
0103487890
079546
48196
47993169
84390
337
97744554
718734442
1682
99829886
94818308
8646355504
05543929
187169
1400470911
807058
970659
9975463086
39659777
069746
0259
2987524028
55
75649309
583345
7167
3363928
134155
522
770825767
789429731
710462966
9
1885
5557677
00887731
9
130
4937
8014
1483488145
90915
5607
7002500
7130
6426234
2418
93846506
401684671
28
6897135098
392
757
05
75208788
34534
5969280
6732662
11
076275
6
389074
773933022
7
094
0240
735212018
46
3536929115
688587229
91967982
7745936206
909646514
009429
9059
95
287
94
293576
024014
37526484
498
3948301
19611224
78
86118
68
617192538
7
2972588
9856020688
2526925
47618
38
600895170
9452159888
39255
4176047
09
6
35356
7
53648
0601211
7290
3517
80248879
5328856081
848
79
7
49
83181
670635505
750278678
71752087
80
2
575847
5063956580
9612707239
4815558197
1
002729
09269920
8990968486
221
4418248
67120
54
370210009
0989890150
31
4899329
86578754
292175
57282
6397398
3939026488
037067576
215064176
31601811
14
96791
69376395
7376956
6357
8144431616
358864196
305753745
16826
02448341
716919
05276948
61166552
944781077
5324
89113837
46
09752881
429613324
45
0244030408
1423669205
5
8
3764600720
0546065
93894918
995640
8
463813386
9835844246
1337
386785
9
85844080
141076
1387
93145
755
9
1340546
85
6358646
51
776763651
40610
009
4470
14980
2
257
5279
8
312059
695642712
8369
125
46028492
25003040
8
1769525745
418281980
166312
1772015
31216
27726
899
48894086
401194892
2
4206978048
65
75641
3423025
8517319061
8
0
252
294639
5
6735175665
759909828
2551758861
6678476551
530
20157
79700
455447486
04031758
6050
741
885621379
37
29
989034
9818
90435036
827
8975347346
4
56912021
00186
565465475
829635
84684639
441562
184
60
983232664
8
5955044
889488
92241951
2
03170
626
644351
71864236
27481
24
1689
981280
97
8651858
5356
248
38105544
4335317855
5168924
68
878669287
88446119
74
29
4014378946
905671
152632807
68
095178
526
6
088386
3086
516
15
0048335319
3799130627
9
379
327
0228961
25
542992
029799859
850593117
020
44727131
42956492
75569
537
658
9200
9976
9245815
994262385
029564
490
044638138
02697
8097258465
88
141
618408348
6402
2699987
52982
54
2330339
666
600
921268820
2612109
0199
2794
895140025
00678
05
453434
4737582
05
670605646
97577
8091740447
95647141
987
312073397
457831254
8
9
234720
108
0
3650810632
107
70
1
14
691
137705
6
755683510
7164
7
1319345
6
1242055
8200668955
15373625
5929406144
98
43610
20
2
4801926
2
1777895
0088
4032948
24
07
98
31
915292
57
6197236107
1344
072553680
59728
184996
669344
02
4350107
3644
1501254364
0538
542547
0
533678
18
99936
1982497517
08592
2720160899
62507141
3055331931
1
09
36820
251
88590
888700146
2
4842376461
5922526166
0592
98
5838093279
40631786
07270805
83112815
77
8
938969022
5818440
327016472
31269
8431415
17
5801597845
1872348595
6
9727182255
588626
864769
868348101
3513735
8441332
1305847
901
379
694
16
1482
970831
4969492
03861
01121248
1964330
8447
29507212
64042
3000892
70
0048475392
02658707
02
0
23556529
7
7331104077
50032854
69416
7315760394
074890
0428175467
619018805
9791
6341837
631
895768089
1
777772
318288
502
002920785
5
00555
50
98589387
92
42187
8456513486
28325
941
67
608290
05
7650320828
11462278
96
785202557
704
7
764
1
39
507100000
822
96642
99
5
27407720
0074
8
335
46680089
0941540774
6523499492
999116
4844129
4
7807011754
506666
3827
4488843736
0
1510450675
209694
360763784
4
4
0
001
75
389789
768717
5746
98
37156
70822
58668855
1121143154
659921
600
6
3020
615
1
4066415190
47
75919284
558454
8692
862396932
066780
56
93044004
0534883361
927
58528
8
6939569365
9738125889
8101431
4087097
2648728634
4835299687
579459
2220468056
60182
3810728
821149
48
3792
144159
575
2605
8
4841562
603468441
24792057
8248563857
222
0864
5916
42
88225
5450891
9625
1
7250
9339
77
00542859
601116
2
125014962
037303994
513350955
97304377
71153426
84603796
16489
996354448
27
5
2710004887
1
396809
050704312
09911339
07234
007925
82
30864134
38532982
192305291
7854971139
799
3252346
7
77818
1100171141
183971
2527951761
064130
1917
978705220
870620
08256
6
10212415
516179
5
9361382624
0465684182
11378799
5
10347930
595322622
8082249330
7821
805797621
50635
76
585
191118
57
4764642372
1440
8
42
32030
809145815
2744
8
29448085
6718938
41292
9495280321
99
61985404
55
73520
197
909261892
6
5985
4464
247
586890
331
659
407
0782
787176
2407701
775217856
9341175339
927359
1610336221
2377762
0
2373773012
7016
6522
7844
5734469
888
6470254
365
79747995
9785446
80923431
9
853740560
37221
49
03599
7
91551
69968781
2044
50762915
18
5960360
4616
6785
584
37086
809040
048335187
341030098
46378
0466524
8
6865121770
874701
6141000285
5994941
8267330
0493584
239
33756631
2366098
76777
765657
6642998
57167
1745052
29436
0
511520
791
774
41965
831581177
8
1982925
1053440981
52639
644
53382697
011394706
627253202
81
16568948
2918115
32768228
5550236
9799016
207
579568510
67
036077
1
135
98841650
9596
4
005238
3217495651
32396037
4
4371680
57
786
061358
85837629
9189
24188
5642741428
1573229
0635821
252
6900880914
44496022
7283764231
59623058
679293149
1931
5498
9
874714021
748380
75702
1477
2813669
777955
4462193328
82
463460
35
6
3041
8449
56950520
989
19
390
8654942
7258909
7
3106316272
16
446991
6636301
1731
254789066
376170086
285966
827202
3216784528
49719831
0428887
1131301
242005
379142048
55089
94
15665654
856182
3860470
1557010
284971325
3146038
916618
1539543242
226224
202368890
5
1
6
81
1440706789
39846
1955856
18933605
283707
11
6222639792
729839
135
03999708
706195167
516
0
4858699181
198065810
011096
0480866210
97961
767550681
75493818
791887
431364648
3742408
931
27409
04885
242
9679
890794251
5152
70
27546
498
927
9
5270014250
29
63258244
211047
17
42099597
968344
788928486
8
89
4
0151
1151874540
7004
47501
98361579
657075
315
3145950
8
5714279267
1691513217
50522
2991
0
6671799
792831257
62919
1726
7575000079
9979
294825
32146
0777923508
556154487
249794640
9
9177341438
7447832
4329
667325255
5951
435
11529
21820
292
4219865
47174
42
3001
84760010
199852
24828949
37473527
4
0
4
0570
508534305
7060541446
4
285962
41
39950
3845033880
6617664147
38519269
3510161
1077
077139
85
6032132567
11276
0767056
07103839
71223045
80
9078
8563387
8
1403845814
11216256
61204070
1389701052
274109947
359414
252561014
382825004
8959
1925881
7
4
7
70319645
0380053660
096838764
5774
063862521
78316196
07640
759402
7290753722
273248654
215062
79254
770399
3961544
3885612286
4
374165
88479
66
2465
11876240
655733008
83582
016297
8117147
787592
50
88865
97630
650015
134033647
16562
5
145
546492
357535802
62
2063051522
282
02682
8142514
0405945
5
2
6248624938
780
5
6824
4287632
47
57
568985735
63472
4825412077
51542099
0232
447757788
325805
28608
22
40966824
35
0051
57
587260
989007186
8729163275
83812
19121402
7577887552
7950937
740639
121
4181920
1
9097
97
066374
6625
5055
81
5497279
2731
77391414
9
73091
4
7934967
6071037246
0653799
32525
231482
6498839
6267701511
1530
202
1
554734
2991
14920
402602165
9778526
31
3469824
46287
28
05
375718
26
78481
416
7443362
025495499
413934060
32386080
395
19081
6486
7557174
5617
84
1
0
53583819
1150900939
54
5134848
4375162
57
99
362
68
29194
91
693367
367184
4733734240
466308
308908
1557480
5646
42539
1921811021
13997204
549933836
029749868
402
03569405
1
71
17106854
92109
4244091332
04577
5
4777714138
072287196
89250
77
895975
0
5112973662
986980
435
34547489
5308878
4327
285982101
897181
996
4378
051
947743102
2
1676
985644
21
8202394122
0830887171
3166861
5542
554
63555146
567
769970
70
4
6
23547099
47752
1
3180441
975898115
7926971577
9966574
8
744
69234
177498364
40562
9744559
0964322027
739682
3363970
13547342
71
18856194
6851927
4313039816
8387
2
2156711990
23680
12
1
0936092
40
1151967
278168281
430
44
4455
30437749
2130
3184
624110696
2
10618
02653979
535
258958
768961
66456020
023300
159
9279744
49
93929
986994714
57074439
654404
745462
489488905
3136
07894
1143060188
25
8949226
7374
68
4101
5
3106678856
5205
99
5595502624
65565
717
932
4776249
1776912555
9888559547
9611180
189679
72846277
772835818
57
87413956
4493936630
123950489
30
33838
528
24275
479
32
48176287
15
296179
7996362958
235
3409570640
249754624
019665
5779
814049
984992851
654
7927168
332
42410275
1
3831
031429578
358583379
8
511534537
2370
56354664
0
99608
608
5765429
585934
94361
80654
557825131
046138018
21604
88
262924707
15629
679504052
84948
076660
390043360
0656675221
552
17031680
226431
874125857
939178
554
6161230
779
881538
1647
9424871666
589
0
956589218
361865292
58
76
717159417
189808556
48824307
8939
0449246
8
434
0287
9575873316
51231
34895
2967328
4070810990
7238
0410
5
12761
26493601
3707746985
94908
257
5
9132
1689697665
9183048894
9
420212
610880
07
59630367
4
8045
808909784
552507
954518028
70998
30
315351519
1541
4057606
9043660
4190407
4582773894
30714
0811
7360596188
20608440
842224
7
8127060070
9340
8005844179
333357650
38936
01175
92841911
926
6917
2856397
29308
4
450
831725617
058643347
7810139772
0
43884508
825
54721762
294
890412242
25935
219
30
97810306
9
615198
9146626
99
853894007
0715
637
2842689870
243026
626374604
387465
091684899
76537824
175666696
63943755
9205565
59209
89
17321
12
76338688
9
328
98
274464
982861487
1046082
6938865
70169747
47
899332
981326850
45571
041
5764
9
483750
036
18
06157
51
58361671
91
64147654
7953773869
955993022
360926180
300
94610612
2764
3936011
039779
646028916
616
1384
0
854
5094
60
3595821116
7
18066936
7
485631032
02
0
020504
5245034518
1028774174
0845818
0265834
6
791899
21
32
60866
40616780
84404
822671
35674
2
245
3240
376836857
9828843024
457062985
0104180
851076
9
645
3724
287
9800
7
5816
449131
845550390
56970
2791
14472
0976
34
9
40457
6814429
922051
69816
644
3827
395741
72860042
60607062
0677
8940002421
494338
7298158106
026231
382232600
8413094
1946990955
6074
0624335
9209593354
33552150
1
74147
25839740
3083988
56805269
532961879
54567716
5
0598075195
934905238
6194946084
522954
6
0497813717
539
849
89618
5065
73267726
25536129
76
333594
65401
7136744
1665081
767107375
561420
443187
426850789
162
9481
0349260721
169027
5
423600
0310
894
2021585
49251687
587
24539
749188
6
374875961
899
01411030
8114
89
94
419524735
797
261237199
33127766
145
232
009731
03947
369018251
52
8227078795
85
680
1
6
6
26545
06
1665025
936
5809600662
258
566530
576840
67
4987
45225049
599039662
1
91857397
41311
1
49
92
571
169837
4162936
5430
502716
7021
7
5117732
0596727
002
057749025
117111
883899404
2872418
48327
692
1987907
71
8796597219
134
7644192251
59
569060
8138447
9741606386
1374746
5815
9905274800
54851254
20443725
71739
17212
65077
96160278
2
3351157
294
8184066881
831419781
07759578
72333726
58539
024626269
3684459
106
2544985
599335
476
5660428
266592804
68684
568800422
966418
0527291
78747531
045005
78
407515
1856626721
6080082
055
4811
53156782
7
7737410
886
11
849838
930
39745
4919779
81838799
27499
6530452
90
6833364
3278
86520
00824684
668083178
850561
6440051704
90
564088151
323059
302990
329
09
9270176
020
440188395
568
9629
6078405
3874643888
3888865
266922017
12788
18
569099
484670
66147
6279641
1
241046
362084501
15
8
77
406877596
2867
7231
94365
31
9
88
17440
90
4674
685681724
237
4922
0283883821
7352591
7047172885
3635306
0151863645
3469
4
016
118084
7302443964
9675732968
0
09848422
3296509
928
188721934
66592244
24978790
6813419711
26136
27347
4484771296
178197
2104792
9
357663155
6139
599705
85
458
9830
482179179
460312
211
9261780
6
7682695691
904765351
94
217272
6352654745
567
74
18885
39
88839766
3910
3066145
184699
68
5455324
1038420
0684227
65
494
72179988
757352
4779070
33891140
3392301992
5359061201
2
3474092
71558742
47876551
1122
0584
40515494
0003516
4
671912
81650242
012
4
5
1414
38093261
286
58727038
98978215
729131
095
014134589
653327722
54
4302685
80345
79
36166566
526089
1577531
79900
31966
2
4009
5
17789738
621380
6152273840
831649
75
6817239
46760
77
82691
7183038417
2047801766
42237
4197
9
3750485950
5502102
5051212521
12306884
572034
13385
3186281
458895
9
61122834
45
6433516002
1530819761
06648878
547286
720327
950126539
35010952
1882932798
559
721
081167
6738
880471830
528
4380874131
90654
4858676916
083710
4338655856
2969516
60188
5955329
754041
92
2
02824670
196
8000
678
7400630044
982
21838834
30
34
430788559
9
2217563255
261958
1762
329074
32
777636664
1997264806
6190748018
86328
2242
8481031
298
6
5537075067
2575815
220
894730830
5
229864725
56
8144
18565
564200467
376240827
47
2046857
0
56312
23285
3478
1887527
6738775
1495
932944
379439
50875
06
12462
41335198
127788
272967
66417
6890
6289784
03763778
954615
904
20012
851029
865
9999
9433168750
56
665188768
7143470
3654037362
6084
36400
03454466
3699392
6152
3628395998
602
9454
013735
7
804161
852935
9255542091
26967
4995455
1873214801
186098
8247873240
70150
2260
875424
8431415190
067
897697706
52417
262367
0844022787
1915471
54330002
3703250
7
1779329470
90969
446
8053831010
749718930
447368
229
3249
27425
397770014
253861
2156
5804
04
5931
09623030
3565
895
8
700378
540745064
46406
617165938
426177185
41325448
5628
279256
2
57
9381
11793335
9465067
143330
8
2149235
8
77
2363596145
81326791
85
96363295
620830504
09057127
2131395
0
48450
9834052936
52418614
677194
6551
61327351
35
704
7744
0443294
1
9793997
407327
9
6143502
71778
462
9236547
6
497265198
60747728
2
607339
7514
98
460
32242065
91213588
57538
0542
844705
20
4604864
557636979
180
493311
174661
18478690
58
350
294376067
4
9290163551
53071672
3070057
39616858
1835240
647511
380
129113600
2791
3606408629
9
75404
2523438891
04853941
5251602
7027371
16434
246641659
758937
8574012472
99054926
57
124256
237499
588728
05
3370505518
8674
222
528756280
84325510
5616468
952
710244339
02101416
300
135607826
50700041
88460191
22907
29841
1
936199782
30
70217525
6
4497585365
64919300
64
2
09715808
99848
2106359
962698
0073507
915865028
87988384
56757518
38078
60
2024102846
013560507
8470052
6
67119904
170597
099
57113229
949060986
8042
82600
5136791
44557
612751064
732
87184370
7288
41
4703031932
97900
17
6
27751
01735
20568
890818664
7
85542
753491496
2705407
726430768
55
1017370270
46035
87474320
47128
377
601
11795255
42
07186754
195
041
33210
9145629
32
819265
736
01504
5106311
11
41845
0366
41437628
1040982242
5330591
26743639
42
61909321
7641283380
006563011
44757
6161744354
634225
29
1
31788
228085
151
65218
8285814
6
2781205234
86095
70
9
9099484
2194
46579094
013290844
65285821
5128531
35
0440882
7653436
66
4809029
52426875
336
43838
0758917135
84
11337
6
05
3459
20085464
0751
662032
076
39
74094364
09
3625149151
395020485
3458
7232634
441383551
15
1503645
033068161
115
7059600
0425842
27524850
79
36333701
8538030
1968302
2479812
0400032825
15662
8510
37552005
1581990954
86725407
98
29259184
72724877
76182
51728628
7936186344
0
3106887
3841656
61315852
00515
653770
314778080
81463054
4432309344
0724777442
699
3106419
1940167252
77
9646446
441
603955
5
2401
115
896358
31
0810217575
30
8739
4
4452
72384
862420606
32
4213924
67120347
4224971919
98935598
7008
803137
9598553536
8235
6
49752
011
19290
956
920241666
306142799
610236
798456730
4
4267
75240399
2604072868
95833299
0940306
119832569
1576785882
058974
979
6
82120
29969116
493547849
89291
0957284
063307030
1306
91
2221227534
664325
35023177
358774
046952920
827574404
6435
76
75
634191264
9752971
5087722
2525720
79
7349565
298
034224
86331
2170
7665
33336
38116542
586343171
900681946
27721
9807774
0
126146
6100008772
159191480
791
757
5
259
534
8405300
199392
140
696174114
19887
27455
8
5163918
309889
2156199
8611
575831
39094
1286
778
866
1915001
1
7011918317
0
4571438125
742
5568
234074441
9689
49956894
739
201126502
79584572
62636676
379
22044
5635
864
4067
6193982248
8416
8168750
3038
0
1555993455
7
76968819
1824207
902
7192
43868389
8786416295
0630952
6
836206801
0326354
589
16442
7
962831587
556246
32815375
5963343866
52
33972488
3801
094699
441
7983900
06
75
88
29656
6
4411960
251087
09785857
490186669
04912268
5217435
333326
5702669666
876437167
55
1142
476778
355
326588895
7143121958
93718
73628442
7386
0
6
3973738
25090680
1551
104812
402583048
22074408
974683162
71
93268765
919
2813367
76
004
98772196
00422
96844
339
03624498
06097
96874475
81
06235991
53521259
89
494
5111975
4230445
8
782
4305686805
37
7271217774
701
37129789
88900660
5777359488
88453212
140
4276
7
8
20
40313371
61880698
7856
8867118009
2
5804507
5
6923008
26719
7191117
4669128120
947
8858
382550412
0
877065
8900
6203210050
5780626426
93952
01
61
187
30
716511489
489752662
88
933880178
256
423213838
5
995280
88749
68
067965
94
34
5
312
7205426
100608
37290486
978
4
0773921
9551
8966
3811106178
89305
144
12041
126949
37572
0301
66
1
1624897
366001607
581
25
869
97
92137
631071
7305507
1
8922
71
895465100
6777919355
4
9082898518
53981
19671
9751529605
95
2696
48
83126930
73215
539043166
6324576472
325767107
036037
322
4
9
5106515961
127033752
48550798
82
52
157466502
821241
6731230
8
62
5409419
31235922
552025546
95655
886581
0
7
9
7920164
3032
2342
511021
0
1836
77805
2
354
0267806269
549
6039797972
0191428
33418364
7552585841
2
7
786
98
75
57013732
7720600
54789982
2024
417529
29046457
232687009
448671911
633358
30436
911
6101
069
2071691079
4
08
61
305036817
6
6410
00517025
57085
243240
442
8051128318
398987587
230656
82656
816
0
2245402
5
919
4886752
941
7140
30250
43715
0562471
1635112
28
2
46
19499812
502351405
3510781
1
56056
41969126
61
81298391
95762
672
9177226692
914
7950572
4046
14
38
8948669441
10
9
37
81
877
258090
9054645
36592
441
032358407
100485077
1646
1
29914
76992794
67718
0016240787
288658
199
0896
9
8546
8734467
4272
846413052
551000697
9939799007
028595141
367550501
800
76492
8067765224
4
60158
4421267
4059715
56161748
4
054177
036638746
232
125
199631
481
719
8750
592221196
9791
481554441
7658032
344381368
072199968
435111
9772179
01811041
5307683431
257329975
4638231782
934078
2
387208534
3116699
21
510
18372338
2075134
8858641
9
17
5764002214
457
53448347
7247
9
8449093226
795
008457
416451981
0896430820
8022587
5869040720
122
73810
9212251
925132
4348824322
758
76073845
01430
7282889
089744224
948829836
316271200
7891302
0981
200156
589426977
8599267438
40
7531898
34
5
6468996
57
51
146
0511
96530
7936203460
601157772
0180
095
27402
94536
910430
55586
592972
86
6278
041712454
02
8477
1189644
78
896
7320455251
2572691840
5849778
0791505760
7524319002
4053408257
1731
689686
132
963727
387
5096424
70
1
88120
422128000
69456
7959877051
0
44272
4676662
0
0
75034
791428
2923060
2
37784
6
993721160
6885
290485
7
210057626
7016137156
651825244
605
018014360
8
8307029
7
8937
875773317
6402537
268285298
327077
5813469565
68151242
02967
7879711816
1890720749
14680
32
4
97729331
877482
94567714
74607
220
4319964757
9874214
263452
564971
070635
89478359
869
27683667
408888575
0442
7295473314
310
891
8936587
7953847452
93691
60471418
280825135
2464
8424691168
31615
49710
7
85490
39060
1131
6487344380
67
6079743748
7190808
61457
06
954225
783907799
708148
577105446
72760
1
1130074
4658192
181
16
7864149
951545705
231
7
242728
115
24462
5402741088
31
5947
50481
369175834
18085
73206
2636
728
06
118
67
981
6139268317
2261
9
5
32403061
5
342
4
5294107
630874
79007
58296
425
47
5022318629
4
557
831029985
5
6988
608708
6500026419
71239766
5734
32742
49
930796626
15148
2583752
9109930
2
9415399059
397
809478
792531
54018578
19
345886532
69516
80
16
35026891
746286
150714631
8
918650155
417983112
7
031339026
438
243407461
37
9523781207
7441836697
7
515
501950
4677
58482201
26750
28
9909880
4
95
54251295
190
720
04020
6025916
0
6191562250
7
769
264685249
40
756989
865
75
235
7426956
7117
0677
569
0089951
60854
1364224
371026
6665237497
410
752517
848
752
49
0889189
5
5188858785
52
7803217560
3604295
896264
55749270
7693600
01
899917
2
1402
23568
7196642388
2
1456004656
6897204
02889
8676
79609026
87
620
1311653438
5177338
511212
5822
919878
30210802
7791069459
99
754499786
49
507338882
1814280
042037346
71428
44825827
21
353407
62220
502619
5530917
875688767
6240931809
51972532
2
716
5
8844900182
9
903427
7417157
18866
599400885
2095549971
4093615568
189
332
5367691
9738446
0425
120
5
389859
639456797
28298076
3093034810
7615938878
1
3175
9768015
4094887067
3522
9982467204
222
1925867402
0424673240
4431347030
4668147
2442256385
4
6445987
08
0945
4666
413555960
920048217
4
943684
29078
783364
8460740204
761945
6
9037496
209
603635
329
678
58513508
678745257
0651
68
6
4167
710538
1229630
3447420
261
49270178
836
0
018998
00164467
061942581
1558075
06346
77855
340232
9617259
089610
436
3696037871
962682
35140
978227
2934
93478174
349
37
2
245264
6526
608
6968293262
50800
71
614326918
4728
1746
63529
9
8205
5556
27701
47808419
48
6
83178
38310651
56356
315010130
7
0308235
4063404635
82
08
696
17168
513014
85
327066281
41156
9191
9998221
46978
223605
016150
3997984675
4417
8909405040
6028979
72721
2
786952
1852120
4879148
113651549
034
6789
84210494
4880
522607
63344
9
304
4
19211860
854
946807
71519239
051150
39457380
13378
29
992840738
8
572865105
0363414
869380460
6347
184654
6174
764
08624779
62065739
3682855
2959860319
2
6231
2399377796
16446
434428
09255365
201227
430670
3348804
458228056
46
856227
37
605837
239
69
16035
518388677
956
25
359562
6482368
642827
9650215132
968854
65425709
85416
6
4876856857
6
9413379
036066
1
6458352077
82610622
034
17821
1530
56037
543527341
753119
418625
223266
800886031
00588
94140511
1441
9
0146742
4739365671
416
9
5
5
94
797
45568004
550385296
4748134
1437
2592925
07083976
72452
0
972636
04
911533450
9696146205
451488
693027
265828
72388
105
89
69
061234736
27
79
7
781
576369
1471
9606
92
681
17
1811
92
8
6112635388
47
8918
77567
2314
2458117474
720857
23587
45036
0450
8338711078
005
352
67
907
40808
410410260
48015345
2
30
1319474
15742
8255098
1
44
499095
281
02999
064462
173604
92036222
9
4478958
2606970268
6
370
759496831
0298122865
66818
26
21074
96
3346585941
2374134805
182096
7777865477
2
345
4
600
2059
4666914866
72925886
441009
156384
26048082
0971850815
4
58777364
03924275
5063030
284263621
0658412
2179084380
6
998207580
3799186
356867
284111
35949966
5057675
4953232
0
326689268
2990185405
291548782
531848
720522
7274
9025545
4063253428
5
178231489
2517
0904740538
090985921
05875078
914048941
9492275827
9
390584
7670816
9465
4118190358
26852737
4217952
71541504
251
65360
11172801
4152
300
3125
0324074
6539
325671588
984014
55260988
43568004
3847797
830407091
6
2509993679
9321675
5
533713670
46385427
24346
0715151165
2
320
00
5
5
192342
6892
0662
5
8
68765
4507
86085
5
7077
9586113167
2536615785
8
06
66710
1151
59471
6
04561646
5461352337
9173586
6453309280
28266768
8807807606
78139
5455343426
810
809
682156
34257
3310
292542122
6
9
9160052167
3490
6409867737
59
4453271
0
9564029
6548
440799
40214860
63098
335342751
6135
582980775
9673859
2684917
55778
12068
3669
642486277
38380
662
8996820
323753094
904
34
3994187065
53247
7733109
238390657
94786
92862
019
5357563908
271
63367
537501
3170
931348637
9662494615
79755409
41868336
552
498
2846453651
0027312
4858348
300
2
926211
88044
21
4620784978
09
24350
45860346
530501
8714399
96
724
4588615209
959
2573530
7387254294
37542
6047
3014762
9263806057
7121
0867569558
5565
37
4
20536
209418
497
051088
176
87
376961
0612831788
384388
299600695
3564795952
6
29
99761212
2
31
3383501
124489
91045275
8
52148215
9629663531
1917429
6510526376
0030331122
8072998
72186
0617
776080650
4586
6920113222
7579810
232908646
483363262
579
2776927
9678825
1
88187
365
6079891
9050425
437491847
05
36117
53681
5285807407
77692
2020831568
7879738
09090
858551997
1405116747
48940
41200651
772
901308
30
74649089
647
661394827
09
94798
0617
704593038
646
7
25172962
2
753081576
2030424704
4920958
8291
24327748
76
0014234338
2124
5081
48
197
4715
468
88
08787872
66
81
8514169
6370880
54729068
712741
4658
735
82
17408767
74992
625822
83355
698526
3752194444
2891
702626
24
814609
4126527359
2218472
3441562364
9908061877
4920326
155616071
3670372232
5360
0
168219
079315
78
1739903294
3614
26866826
839867851
046
919975
07118
9478
87286
11
88168
4740959
43122
39246649
470480
843082
784093962
0906670
57349227
6
853988632
3804
5297198274
6591941125
6151482069
83163816
654538
07148
2176
12813496
724246809
68698
5577
2690723406
338875
0
74
42
626279434
7
758007
41423849
4
1037
130871
4
2792
7436430
2376526
3061921334
940882
0477022611
6801
12
22561429
4
496
580
7
061938672
531
45
37900606
0
72
1631
2
37
7824
9700
8914447944
6645
37
77242486
65506962
3005183937
7
4402236996
2
1042436870
995
9095
248
4882
7305867167
94014232
367655376
219
2
9158314275
72711010
1606237
793716988
77
055
4547479006
7529954
6081
58458
599464
67752
0
0340043556
3841078005
98
2
6633409
5
0722882
899299
609
9
98
1846965348
23082
4445830157
39515
78
88259
81
81515862
35142
2176
2149981
513037
4118
0299742358
78
9110
802196
6444598
71139618
852
10503340
171465
89929
96
7337437642
2287
56385542
89
09
772039
82
5551127320
4343606
52135
4769593107
171707
6664969871
4724307
18932
9312987588
17263885
474257821
385
0934601426
714
15
690797
117
3995970061
3394692
7752311
9
44376090
42342009
187396147
23357
887668112
06
73644
64
771
90
8378
2786985
4
0355
550
0283903550
9515
4
55822846
75297
4
98
36
3496058460
979
42871
204
60053614
827
656649847
704510035
99
97931
438
700411
477
414146
09393809
3998
400
0155325
29479
351257
28
5740104042
980667688
217
98
7464
287968
21949341
4
838922
5317948
739376825
028015
209
7
96701741
1787
4
9631771
68
254171071
1402
2061241309
4427397
987
9658
39
0077070
17784
5435
11
770037
19
06
62
114701647
6969806
71734035
164
732832
7823712
7968531
0569645171
351537597
8546030
70796485
15
8367
4473477469
9994
26
038
6818676
30910
91488218
3569854
81011558
95059066
310927104
0041205685
46
28
6071
19000745
929867
977966734
3354
9831396196
40466
606577249
48
0467052
998022
481
065264
697
59161
7
8547477
3024986746
28445290
444
296182
3995
1301118
22
9661891
3319
3818646
6432176017
64450
219
610618
36056
229988
415411042
92321
655
7824459877
4
220192406
392199278
75227
60403351
1315316696
658914
2
55810176
44
8312
4649074684
4612590706
0572331
98
9
87
991634004
305
11646171
5131606509
831
1532481869
320
5
1829
51060350
12525154
310
73841515
94396
59854817
65182
71255459
486145566
239
6
5615551657
689633097
711549606
291605
6
500744
00
7521
5958
8174440
942215
35085
9881986
0
034
31619
93886626
526
678482
558398
75147922
60262
7165627
6272
85924899
156558377
5853356
0
949
88
881
261806
63778419
326262
034007
048098
54
49
192440
646
2029336
57
9497
6
2615575
23203216
9005
2581803267
1259665841
3618
754
3198091141
82497816
39657
8213087160
417506111
99
375244676
64576
3909419
051622
436
2925
059704
002216988
4019577
8562185
718
1
195666
795407386
91
2787
25
44424566
0116898
228832906
04
494182
398
144
2482000
89
946
210
135110548
16
50084020
0512580094
31953562
66645
2
247851942
7838922
8052830
26737
01
6366451
905561
124714
69134275
633629512
400
1
48762
71987
28
02593372
011
40586
666925705
70760
8906
624797216
0076
88
49
8603612054
99
187979
77995
107907
8419079
781
918
63151139
3887854606
61788491
989841
5
248
9082404807
181
068
40
5
9
23985
9868339
9
2562389
3560751942
617353474
9
832
4737481
56922290
1557302644
7347755337
22826
6809054
64025
06996
4539117928
77529
8315566
368
5
27
4834
971419277
64
9020210065
5722356
1362
920367697
53050665
38221346
5437585822
395390774
9080
4854824
9588841140
08937129
07
318776294
524835
640930
0905
90089
56997496
6522412128
12272560
902
6809564569
04
5147
9413271958
592047
754503006
8
44799
8
22146
98
020377380
63434477
93511742
31
84518
8105914995
327
068565956
0586608
358869
468
80782
135
2107
1655952786
61
0174208
184626762
7928607077
8745
2768915
614
7418796914
64413499
30774542
592042594
111622735
29026
42322
5
421
906729
479277
05992372
6
91039434
5191801
005780
375984
3031366
797597
46111636
185
15412821
78348
8975215861
8400497
581303770
69
6256679
95494
3216935
7250357
7339
6
959432
356
88698567
964068
17411
2405
802
534
5767786
80650
00456
919
56
966405905
5601
04
815011
167
041
9
1936242725
46893216
0108075069
912184275
2055610
0
110225
261
849
6148225
006840
2658901
37173974
1652798579
59194
07023325
0686187377
403909208
0669934
2683615781
86180304
970494
93648
12664375
17168
7306729
7824235
80508
52822288
46
77984
2591077
2189
9955472101
907018
1868825
4736840795
836
0148
7692159
993409
94228
383084771
3700218
93630706
682852707
30212644
607211181
327
9831197114
921
5825
560119871
0431
362
99838
8099554060
26902
91176
5626838854
9632237509
289
18
3196
41
86673118
5094
72427
8379266
10
2829
26701206
892
42496
1982
35678
85
918
713488
16204970
996
5801745
26
437401
5761767
0846390
4742135062
6065104290
7
1149556
05221
2440918711
6192516000
8
9134094
36
480669429
0992525
6
94752991
989628
8944690735
9
579031332
521606682
95411
2302164
999
460396524
8126560
5703825
790961
0
307676790
575
2823903126
0972
13384
309721
2182574439
18
5899928
1370351
472
3552044
84
377149369
2109627800
10575024
88463881
07388
6668976541
4221
87170795
84556222
144143927
4387
254
256
5925211
56
44908
6602850161
5388
740
4517021570
9
567969
71506281
7287
98
383139138
39
8248862
2
0767
9
62930
21
74509148
820
864
76135424
72114
346816152
14459
6561861748
830795
99288690
8148
2082658
9800570
16
1
8260
04650
223856976
88234
762
0
5
3197392
6259
89688
604536864
960227
7600104305
2466
02314082
5399225
3738958
6079
47
0533531
690
77944
6
299166
20811
334
6952568
1976600
78230
29
4
0855142524
4573165
816793482
125
2070
504
72727626
05089
69867908
85000491
5559536322
4657
1859
61
1111
07
1
571858221
497510
5
84
3783130
2681
53908
087619078
3878166
581
6728
93606
41
6167647
6
44
4830
3467211834
8888628
5
165
2143250
138
9172443115
48
8
40492878
8
5
6816409785
20567
8
82407
7640302
908638
760
93681127
46544764
961
8
0466288
90834
2498178380
337109
0877235
56144546
16724686
62320
965
879
558390
84100
444
2250
25717
894422
48920
1101
172035996
50619
841
160
6231678182
2
8513948596
360336498
47
134056357
1887499
05
74280
66
12722421
53217177
72
6749792
8139
43851
832735
937210200
0706025
18
26980
31
02015625
713280586
67
064
797
243808
850651
77644
9579599
700198
398681552
44
380808
41836674
67365
25444
6712636
0182444778
35329209
2788
955105
932
9
118087
85840878
539893630
443499
4961942837
8159346761
0935
0348468
1400176
541255998
49207
35611
75409
029
34038032
87524
29807100
9516
02367314
07850
9839245
27458
888957
73856
2722292350
4021384972
1832895140
52987
67
5796351
421045972
9822
3790588876
109082339
93917040
014575160
7
0142468460
16323304
0
02
21
62000442
892625
2197236300
555
77232
70254
906679
441701877
3833542
78425
537
56
75871
3670
766
20
66259
44497587
28387207
96227
7486137
4
9662
856269109
758
5754386980
24779377
71375320
64957509
15
9
62304432
10
56950
77394
4835
38734572
3923640686
3480
0136780086
983764304
248136
75386
6
37101138
40
904706582
34839
7
840
581084931
38
8482550
3717511
170
0294
09410
52
66958
957409665
1407387
4919833940
75439452
314
33431
6
05
854225562
578833522
8534
75965
12336279
357
75
5
35397
32856741
27479458
907209
892445486
7
917182
7
9
94043227
718852319
987
1
223777
34817
299387697
9126
5125331
91269
0071
818381039
361
3200319205
3041
2
07
0695151
60161291
868668
28817052
6834342635
4012
898
7002622
7147
254349
787
68935127
02213846
5
0
82319134
5987786590
148
34425034
484671
11547955
7141
73920
949
9
74611791
12
077017
407
803570621
49
34732946
4850285874
01
58
276
106
6
86216905
627006
4540
8034221120
876
87547
608
12389896
8170958
4330921726
38910
269581
5419921360
6611769
2
739152219
806
97
12911
04
28432779
32
737430
0
0341
8457964810
228
29457
6021
1571
9983984934
48405424
738
3777
112755
396074
97915922
40
1
758417
5425773875
8121046920
398998165
00291770
37
3864105
80321197
58471
60
98298
6239
1898
4
98546715
04162
0845
7854091
9
84917
4134721
0209
778368958
781784815
090022
30628
95
234
2016245
6
18976
9
60
318952
1921
9
0
9706
16256
77182618
8
57
18220
0727770
2
354490365
35
72759190
3793002
4574850056
3847
0452756
396100
2
012
100845
31625
182829998
48240364
49206
457517
2
7580
2384
045392037
944207756
7079845
891
5
1
615
47
881686
3534840330
105408
401724
9194
82
3593642
987238
124211254
218
000
67
785
134908
630555
4
629441
048385
82
4
741942251
555
55841102
04076514
414478
052414
772
3252408086
25807
3508162
0681924942
3193487207
174
7968965
1
05214
0805324
326
557
688
8850325
5625
0645162634
64047
1920471808
117
5
4801979527
8
49
84712084
676396
36370599
2
89215282
9325262
530014
9
444
6094755809
2380839519
5
7015024
787433040
66
859221
397405698
66
6850
4669
5
90646697
0819
69915
3456076
860902451
441484639
7
43331380
578802
971937362
3548702
78
8424258
1892325
1132632376
0287
7254661
992760
300246
0266864406
3717
45055388
223957
2803122418
74
42272769
277402
92320
889
551
405266
5984
702
64351892
1
4261406
6575562
4825
4005
57
25877461
83325
6
64005
54724
0828
06029
88326
225
4285
38
904974892
93903704
671508
078
613401715
178099
1111110
24
8978
18495
7876995
8
1924
5325926
502835960
1265534980
131
0160822174
27
2919
8
5
55722
70
0
34074
3249700346
7731922380
4743500
88297617
20861
0029
11317
38847
04175837
439255
1190
80
95
6
66965290
00
244
00358
389938314
328998
238
18
43502
00803452
35
6
96411
2
00787022
07435566
1294099606
893324479
0241824788
1519192
824
5
851761930
0
442
72
0896
55066
62
803421621
0803022102
0367787275
075
851147971
4738000145
3839717
0872414195
88
271941839
582
80823390
9967906731
54181751
4
837311464
3638642971
31
1075545331
8836062
49
15746
207929332
634628
156719
77
3808098522
01
9750
6141459
557449464
79490267
9
80700
73110
26671032
1165
3615218772
40687
3826568
36
65
4923205744
868873855
89030
877258
5943667
809549252
94956
0957
1580
1
58960
52381
2730757140
9984305
60240
8345061
6
448169
3365676995
72215207
87
1333939
69
1071672310
8066
706
541997
64435206
69631229
8219631
192184826
472
6183736
36
1356
0715386
6906
77
49526
95
7285445817
782
783299
01057
760
7086005
8892920775
2776348
672998521
939731796
4794031027
47524
8875063318
83578
597
2677013375
698
69938
60612
350196
9589
888839230
180433877
104716109
85615
461350
29
9741845
72
9646
369
696719567
5214802
3497361154
6655371
2
2077278
1826242
763443658
918
32178
15241
99728581
29
84
61403511
27379889
07775577
7598764
78342
5560655435
84069
094
00422908
0050
3950335352
990540
5548137
173041
9615
274
412
700
5166230691
377247
309120
82015
720
12249
46220500
7685
1271485926
41647219
51484972
61111
29858352
6201908011
13812
18
119446820
4
62802005
198487
9
806229
37918
119435997
339651
199343028
80
440842
59
41951
333008941
8
78
2716773656
4392539666
08774
33216
87422
5
7250
86964
324
410
332808
9
057565450
06851077
89067
837
97044135
1903937011
1995
92988
330
218
20
1487877227
28018
5558379181
761541
1128782826
16482455
7
576
8687
1206467
66
4
856811
304
108
99449615
497
8516
2830655225
39719331
36
541165
0142642
884246605
06
407
16
2
81535990
10735
7307026762
21540472
54453054
23781
468527319
8325720
16524
608
629
9
0563179
826784
5
4
55252
091123670
30908
7
9508014361
5394270
6219158726
681536207
44
5609875
593790498
55367727
6750016
5076171426
8028
89259
1329876
69740
9026
42718
3620687
60
94570622
2
4055035
16011766
1
49289925
95350106
87
251
120925705
1039302
3868609841
72204596
8559474982
601816808
965
056444
69512
66090281
535155787
973500949
2
945
1
53751
8369
16332
396225185
094443515
2471232621
080
6009267
4712540802
25
0861
6032178837
37
25
5
631250076
6
824557420
67409
00
45
29660189
99231851
390757725
2141
0285
2120585275
946164141
48
3510
416
082214
7413894
117398
54
141
8135810806
26
446629
9079437
111
9071673979
32782
827827
698448
468
1644871
575888
669511
2938370676
1
4624638165
023994
73744
62
0005225
598
2376
2523085
2389092975
4120609
9962897142
0
69714749
542035958
276864
6926113887
476025
398
7809839300
94309965
3730640
95370
035
90755762
57467
71097
4336490938
66
7141316
6409
165
24753706
51997972
88160
7
7315
20237272
93664125
84420280
156
08
7
65
298
53688400
8
080576
380
52476
185140
007062
42277626
877
6388105
4876265727
311632514
2
686493474
44329
8842901
3464535419
1454
480
69
1355
3667204520
147205
6
6745537
8404
174
62557
326
804241957
54682704
12
600
4789723429
5
02
8706351
5889765557
643171139
8293490765
706348
69055
8281434
1576949
045
61
3042209041
662
60
7071581799
21
9248351
260448
217
7399
337788
980
938980480
081974508
5
509
860145277
149616164
96675139
46696116
3018448
3625217
190
000
7334
19763640
813121
49
59
63880
8
64
84
355
3119772
90149
53569
149537702
17
86206
3385137
9514269
847
6015692375
95681695
788
75858
1
30596841
175048087
65416859
8359
872408000
905
888543386
61506800
975718
6769722
285612178
8281654937
2920
88
33861154
6931
5322104501
18944
317689635
398563130
5126745858
94756602
1036901
2891994
629
403536807
850
2615
9493622776
5880729866
623034012
372
76900117
4
277
940
706998
18
6239242390
842487677
16182106
7509764
4598
6
5410
66
0558282
2547342
27788445
9554090125
65281141
08
887693966
85
859961217
7628
20
79076804
271522
0921669431
197
0
7997
58
32238
32832
143806006
6549
082
96984
920422196
896229
5
75711445
26796
485626
6484
4033758609
592
1619
29682745
230713416
310
8687
71877
3670724
21163172
241045
3405
85
049806581
882
39878098
4992401
92
2545348204
6439
9086636
9941614395
4391780624
7770
756948
5787042210
0671
64777
5
077798
587
293771055
1112731615
4487
4548806
72
248748
3513098701
7557346931
3979762661
084035
79122801
77770
690283579
405640
8312273907
74
40
238
68427
81
368
0
4749233868
2681455
37
6662
243509
9437800
89
1
8260346
8197
96430
072811825
5212
07
6724628235
9
7989
430045
761715962
528367118
97795964
6491
72
6288835
549
225516164
2
709288640
5569
34102467
70582546
1
55957
7395
8
36
0050
0
9
9694383842
8213565
0858
4007822745
4699479655
736615
024742
0
48408435
075
77279
632790251
0
538
9846
5370
161
60376
53467
15
7
962
781901
606015
44622916
47903935
2034837377
9
8699101080
991943292
1
42916
37392122
7798319029
427350
5271
7
2143807941
616494111
72544
2
452745030
31621
2
8751672305
102941922
12666
9676929
2961952592
966081
953876
4874321059
179076
0
746849
9
9
2096405481
87218
909884
66146
2
576
9299422272
394
220
9
78
57
81525445
512
993811
38708320
0
16275307
22597
4841863362
0459
5404523299
3896359
6780687566
6008
75
2275228947
4516334
417309
29099582
35
00246121
84989
5
29557
051628
3964098014
4736
7382455825
50775
8
399209432
9
8312827407
62
7
213101888
4
785414639
752119
9939640
2089365
449154
252243128
279269167
16926
04
54627
0594432
2062436947
762963279
890559
38951
4
608009
0040
5893737
12290170
71002
4
626020120
697800
66
39
58
4494558
615
309558212
0526
28
0476
255359095
7175308
4652650502
914254
6715108
456614
70
7
77
2
9393772394
5
0502572294
0723770
99
79
10680608
944032
88626
04879
6829621
59455
0760
6919911
55484
411839502
82002555
62655340
30
758
1913456737
825654
6646
22687
9669
335
967455461
478084
3065912471
2769694
330461
4959584707
7481944
54
914
656704
49616
15489902
291
1
8
967367869
7182808476
332
25719
8778
8270
66599
02
349608
72741
592746
3129
4339883556
28925024
3120
045
477967111
1365
8592176142
448802
83911
088
12
16
18475
178219418
34
50
64484237
0361
5
5318
1505
6373469380
098412
2627988
35
0
649
970087
2
47991831
398
139653661
4
122640309
725
6
75863754
72
681962998
142284
73011762
05439548
645614582
64
88369
506924
408
9
5910727696
899
9
724
6651477429
2
898619
9
1180969
2678900476
2652000015
96
1831740
81
6130154866
205503406
9789395
51765
1284
9675632527
99
9146118757
01579
420161004
04912
90338030
579778702
5
9962790089
999985979
40081950
23421910
221
0314
4310
620627
6867
2
3786039
246750077
3999
9866776
2977328
099
5235494
83376366
9899
695488
9
7867
9435
262
729288
27100
0458428665
5980014957
999
54655
37
79819784
7194117414
824
3734245
7606
0
39776566
6
30
559582
8154638
4
809800
700927
0862084
48
277562885
0475265836
717340
66202568
014
4292047
479019
674514
5282
91
73881
741067011
810
31152841
11115468
5
5559828772
33001964
62
124
662745510
2412598
387494841
55
31529721
52319240
95979
76235
90441
4476431631
690153905
25
08463534
7299
8292862
888657
566036636
806
969302042
928871578
473961
55302
9602357008
7
1
7
531199
1303202862
60571
4597
709189877
14008
68616414
629
31214
1259289
456332158
021009
6271
271534
57
93374411
60
225832
159
0
5882
1165
14931722
8042802
771
45467
3779
784783587
5238564071
317396405
55660018
77361219
35
786876885
634552806
8841526279
50307234
26802
2
784070
90433846
01
78
5786468
51550314
6886609357
2688
928352
4
1779581
1
8
7045
055
196
587
8142
62981218
556762
671801
44047
467339787
459
162
005
67520265
479124129
446
49571475
00359508
31
446
308
6334
225909
86594885
4
443128
335895832
14976482
22766
935859
8
668
1107
6465428287
5697856320
7581992
679302
5474
172
04
8238977172
7241
73689
58759769
0949851351
5497360332
3149291
421237
1457522
804
32650
1
4911
4927336012
8574508
9556521
47347744
49
06
9442651
8021164
467514
6901
45
25325
94053770
11583182
44
670
703688498
0
740
2128178650
5471
73428
6364329
5406
40
1672
6045496028
182917
5010
379076584
02575
5
6
938707
58494
093265
55830051
508651
234
45
0976319
9039243031
518630
961
4
0386915
92
057
47
4059124528
890270
458061192
0734
028316191
4
4341987
5691650339
66943668
279840
72818557
68084859
7
1
187
9493426902
407234
124
94906
5369570804
129
893796702
85606
940158
3974
1
592495679
0997338181
1369406589
91314774
3408615
91811439
830671961
13758
5
615001
429787
85716081
8719858
6
6622918
93555331
62338
06162
7795
66347
04766
530630750
511430814
839
96343006
04898905
757428731
1039815981
6752057809
6983456338
76902
6110861766
69
485430754
187
7525
948360032
531
7300669
5549
4
398
3675167
00540
933627
367267079
21574
525521478
09575
331199
9405485586
9580804784
52
4716071557
3890296
05301357
16
3724756
60
9306846
7807
8986
7
78247250
956068695
13235
671554
0
95126479
6405389
0657
306
05
424436
129671100
047901541
106
27257497
876251
863439
391245
664
319217620
96092889
3441879
18251
24309
3195344316
70834
87441359
0832989746
2596
688704
4
9408809
2128677082
12086257
2164835
217748602
85914638
1896370
0679
0792
99
549
3921802747
1262880104
946626
1143929
884322135
00768
37374
9811
2764676768
9828926950
86660
51
29169
67
18937135
909694
8391076822
902066344
4347745
308180
4130
853792
2444
6102346506
9168325
860532166
710820859
138696
54
7389947632
180366
7100
226
8375038649
26938
329845
336
2683459939
1239
6015062841
28
076863184
1342377420
86
826831430
776
14
08406634
217802
5164
852
80720
8930035555
070351432
07
000
18
00685
74
717
0314000397
46
211534625
1
6876388
26744557
3598
51
0366
97141801
3731906587
1113277
5391
17226
122722
6105025857
152758
59
1234
181
309944
00
852
923259
852153882
133594
21
321190
775357
962210
29386
455337062
608129
9892
033800618
97
74519
086872
37175
348609
798916
05
80
01647
11
5194879127
0698
19
58
11874
03786061
664
972256
1621837
0
8033979105
0
28
844
0
1476108337
0
0534231
965326
9542
784740274
641
1586175
89240147
5295775907
310
5474
60915315
527
07
37010
81560
275
1
0
30300
06
7948719686
458
7429973728
3071016664
385711
578
6
1
398
769579059
97047
3233216711
372522198
2
2495
32
883775620
3747377028
777930
08
27580
8304208
275015
3705323096
87864546
77791099
82207646
2510935
2194511
316411
9
46258134
16
9488160507
903814
4284226090
53970930
00
232
937
92
81608589
5218
2295
23981532
7
4305954
13947270
548180
92
3301850
8
531906429
08905
7261950
355
004839802
684
159969
384445
21899154
33522149
100467970
677195145
6
0386047961
4880711057
415
2
35182
926781
2580568717
96
524041
84
10891384
5315086964
5
539976
1305769455
67365
494162
07
373864225
325318
4650539
832110
8704939669
968440407
004
608
13000
135050512
934
6037797
450349
45
2162355
86696339
9517892
50672
429956
725
013942059
996
659
16
2152537
71397
2125
5708892064
7098878
51313358
5659784
4
7878
112056
2874104
3481244612
3700720844
20
119792
5
2376485356
69
5
152
3268371629
30309
47944
226419991
27299404
121
9621542
52580
7295368376
3071
909768309
0
94493710
67991259
5
294
8585735482
0
096601665
464097
7
8082748989
1858347967
1771438176
2120776416
38
0134
47228
3474811
17922706
729171
790
0885421
97
982240768
858
429
029813465
66
69740
083947907
9769611
99379559
427
4
45
96204334
358322447
72
754170
32108
9139785004
2766
15
36236792
981540351
4298
45931
3995390
8466166470
516
9040810
0780695716
7568
800824007
64
6
63429179
8679194669
0
94814627
12
96058
6138
192
5
46450
24
57
0342683595
14384
219714
5601
00209
86
6068438
6
3119272438
7817
534489
533947
74757688
162
861657
201005046
5718087806
4776
2
91892
48759
109170956
9108
386
2
90290199
9320253668
139307
47
711565331
7
590
586465127
478
52
7784117812
424
5770080
7
2553869
8223754
09864946
12705
15
530064478
7748
7728
30
1376137
4
69289270
630907280
11995
483978
53413179
889
0632784
2424
4
40
7123391
66
9
2274459
9695311
364
0295854
6234889
0434
37808382
6
8
6092498607
280
971805319
00
00
3124
824940
3501746
2660045667
1
8021749
7146
4484426
2321802437
574
166
69
3509225136
9175
4
2177
696443141
5712408
889
70
6349674
348
414513614
7518361
2281746585
72287
48675
15572610
869515081
5539
65636
0872579178
1887
3044043404
8
499
19096340
12944991
5870
87
259
257086
485480130
9574496
462
4484150
6885286
257681
852320288
32
7
1049398507
59747
9681584649
2328729090
45299652
5596544885
5507284
40
39
381702810
43214435
44000
558
5482668
031556199
113988
77406911
696651
251575126
1
6966
915672
7731579496
50889
85559
929
4409136
982798422
30553025
57
4548
81848311
8503530312
356
752077
7
946
91339
5
649
69
89591577
43304
989
578979
4895766471
01242136
4522
62461808
609
8379
75
41586740
039965
00589930
89
1
9872
551922
18477
29846800
76
6
5601
202
776637640
401575475
75
092
459771
6569301
60
7735395
4245678
78354279
58
96272891
991035249
496
9509804
94628
604959
933321
0969
17
9050107734
326090
5481156338
3832993772
4728200
5
20
7673590152
937531824
7071768
4446303550
6642151032
39
424392
59040092
0766
975920127
640513382
367811431
132
1070
215
39550310
3950921189
61713424
65487
64
6086892
1709694
66021
289998464
30415348
0744
0
780124
49
2833627592
64215726
762
92211528
69
618686902
88287
36067642
0
6078
125011631
97
4915864665
6777872130
686698
49866221
7054921
31880455
35616
05
91137307
586
52
50935152
20
9
058
4493265879
9537181048
3034848884
5
02525991
1063112
4
9612248
4843635266
072742
8748
66857890
2501628234
229
074
132961
04622428
453177
47805987
417747076
778
23975797
8
858849966
496
09531
300
29666521
18
88604
75312806
1559957755
153756
623728
688212
4071
107
67
91578
6147983154
947944
7406
53997618
57
2
801994
13547232
375
5197701
2544729758
9402
42454869
5091424
7666
90
72478
2
749264427
13721538
68287
9028148
2129992
25417716
75801118
341
84786
9689
640
1638
670596
451835535
9
6010
9413091
37
001
2764
2181635378
0
9157901694
271
610
2827034
560055
946
58321
1896
064
625
57
32304
7721609
5896
3202
57040754
423370420
0974335098
317742350
9686
9948637
2792992405
86096
590302
535
967
6
49391
072922
34700354
63891198
8419554
08905
002362
426618
1
77546
0263284
9
66815
4
3569
49
344
674
9980874308
944938312
0146067
02231
8527255
97
682995588
90
966529536
362138364
4749
42206990
9141766
2854288
5136
0
9031
6650176
8
054896576
5027906
47888
853427
045
459531
67038
00454716
14693612
557580622
64
9964691
772
891125
37290
36514
81754812
940
9986938466
845
0
13251474
563379
15069635
592863590
7
9555690
269034602
1
168425081
636610860
98206381
5121917
5196145382
5556
71832
121071265
067125387
90352875
5655737
37260
1
01143271
22
8505
954667
09441799
04
9
87
1
4684211
536756791
0
7407232
24295606
4826837
30560767
6282
2127
64716191
41614
41446
4141
2
85970789
7440352794
7674392
7454
46654
6
79
868967785
09120494
72679
2146480921
43131
2441
3793618809
115884
6892295
12
96044815
3900
9549
8775
979121
5004280
6855
197369
30
67238810
908991
3766476
348598
277
14724
467326
43599
651378
902
39
59407
5102245
588579
73631860
9
401
79425
820953715
34555
10637244
203955247
19225658
090770102
222104118
8657849
2197752
014
926647721
2572849665
1069000
3057
5015891841
714436910
700
07175
1196
4346535
361
7
90905
0675642
04900
38702101
22
491897
61229
776017
43323617
625111
137304250
763005
1536
8714673448
2
9795
4092786504
296979
09689
22918840
2600077
31436
8479804
9247556172
7327783508
730
9
7343126
202412
099384
908
82325681
75
899506269
2165137
100457
412091
10
4
331
0805462
31857290
430
20349
8689937
1480389
4284679538
8221675
27
6
9
300
1474526892
9
42
87729
99
2442
0936928
804044
7104
60539
8153830892
672947
209902347
271
3302734
10
2
6106
907198
09246
7602352
0402
0540428397
1
6510
89287
3801777076
265
3023152
58537462
4290840892
505
5595
77572871
50
3225482134
549
9604254
12783059
96072
722466
291571121
00618139
4716
5791504
6
888002084
60337
391575
2864106112
7
78
7986677
798389
48
766014
420917
30
7
1669598
1486789
5654817172
280517456
8056487
01
88219972
680552559
3061068
738503346
41625
862
3519
5
51291
0
6
31668
3152
757
923289
00355
2248714
02028632
13709
76
3714419
524210947
1275
791605
8620118
48964161
2031529
6
36842979
46531
9943282005
924
006645
57418
3017651
4056
9340647712
54611
3925
657919586
4671144
5
54049
619
6380
528
9571
97375
8485691
894
642102
2589377
349
5597
9344952
1894472400
374410
5787
80
212674
658732510
1
611243291
25751526
760674708
56654967
9253014808
98956614
872996649
1783421
281
831930615
69815
84269651
201367
0582380
62675
90931
5719
4194
1858031
71
6492
75
16449572
6236358
75556
0
316737
8910942571
45182
90550
1
5326308460
551
5088009
4189151418
290
2
6237617974
2604910426
762
623571
4057224
334026471
318
01
707501452
0
441
54599
2396
416
65
6
7
8135467312
700127597
96
67
183562362
687372342
91038636
5279
4444184
6545497042
160
917837412
7286
92719576
5300626085
90
7725913256
671
5748359106
8719290
892746
792731
76
6728845742
10021974
80
3259649
71714
3481558926
652152
0379831328
528
960
19018
9912966
550182
75770
6899901282
662584067
4190
84641
76299
6587467775
29228739
8129084
836015086
609
6493869
7391
82765520
336889
4540186641
0203177555
07
0430985981
722
0
362
8770
825069625
41
92298461
868001222
0437989532
785
0596397741
3563632614
81112666
14
0061694
1765200
77932144
212
7
1409069
563878
9454
590781
613827049
74407
3161
2
92
641482
8
946524
3508
64
6367675
635752652
3114
6989606692
9248
5005
370
5764559
479
1744812
76195
648
4
449
4
58
426366817
54626755
6
19881445
79
4
36241
3181256995
8070302
61
62
71342
17808
9072480938
86
014567
5947359
8
8979080
79046
21
559
01391
8267
9198413590
4733435
7407
8096525
389731550
8196839
74
7
853211806
2041
165186212
4068579
445298
76472
281251
764687104
08618
8
56607
2
42676824
25
669613376
93950
9952662
7752389
7815644459
834
9907392965
290816
3885
48
480
58814
5674391585
603396
167955
19293720
4
6132895636
3264042
3100
0540764
904436
807
9271
124726347
1875757
4
2102655
7
00
7365
608
8754
705995755
649875
676237908
234
8615
748025550
6180094
1
26271966
8406
006940
79847
3560
8624749191
51202
9119311
84790119
5
12
0417374965
88024306
489650102
0042762480
31833645
0085981052
668
9172426834
8181
1834
6949
52924
50
6210682
97
74036
175
04
2427755579
3319069
0905658637
569
42906
62
64
54378
93487
4544885
6545
1712264
2
869820325
8
46596
841159469
42254416
694840
75
9712730
32624018
9473752592
579
1002
5279
38
62
892
9315041
694
37917
052319
303064
606748
6269237811
02
55681
4346
251270
815706
697495034
7459031822
468
6918778
7
99
075112568
377
740858
96
985
35
1470
766
6
566710868
45
77
391466
5
0
4864
308
14
1772367320
0038645046
362
485668
9243842162
56251
8738269
1
3161955757
490954
878604275
91591121
0108677
91441374
513514
57
55288
555817
4847732222
1820
89
7
1184
881210
40355
53217
4466482352
123995226
6256986216
796328
0661388
7
49
54469
8972
048
5235823782
17
3940
0563271
902
8
65108496
19
049
279
4841
47779
75
264935
412653369
85
85
2317
8292046187
9034335
92402116
9
39
038016
5758
9550528282
18
5115748111
40288807
7741714268
9
74971
129
4
5
6
52834215
5099
584
08815
9182
12850
062442376
6
46849
890766342
678
8554804618
05000454
519276
0951
399
39095
132152
87120049
60862785
58791676
31492
0140500767
1380511
88761
1441
899087312
5
5455373768
27
94098549
217414
6804
8
5078037
02557898
6
758763172
64
52959
0179884
91108911
02360
8097347280
74026444
57
944
16344
0881965530
878855160
9462378
50579
777072635
61
1351
41
881323846
51410575
26212061
4
101
69
8712400459
3114058
08605049
5965579
62777947
9
552
100860356
8054462089
144
8429
9754621
06352
5
365374
4
84
9
1
0544
2517
63943151
2
588603349
5889389998
88739
41
44
5
1
397476156
51590985
2044378
459147
2
71838
40163820
547
9
5418456998
5185585
59318
80865874
9
16953128
3942618
72
12
458
835285586
35391396
1
0531942
65167
8862759
207665
961
106445
7
022
1320140524
5001857
99092
221
77556068
4713327
5817606
616203257
8290
8383502
49
35171176
8
5007
999858
18181
368614809
0092910063
92
0164
042
09
55040695
391
165
655406765
7750548730
8
44319
47488
452
9774
5
8435
2392
992172
66955
7601268
56
6580869
713840056
5724495072
92
771231368
525
7080
3341007427
19
882
907
2301609
3993867
06621712
3959420
35651052
8465354021
930
9156256
8407
048856995
032
840
98808
386701
556
36
67049245
43856382
3001986
9918165919
2785
8824279830
3724711041
34664
2084
4396747
44981
291896185
6625
114228518
3569041595
2
7576064547
118762386
67728778
4822465
834
59551850
5564849
899
35902947
644790
65
6164655089
01
407
7719
0857828
023962
3642066032
996231
292
6
8414360
267556
396
5
4
917
03691
8771
395155
7608525720
097951652
74
9069729217
379777
4136769924
268426
05076
53955
19532
89494455
964586
19
8679723002
123629736
43580
942062
4375885452
55989
04145227
6311
6558210672
7
68060
85
822
7154602
217895
7574651
6425858
9516
269214825
022038
86443395
7
279009026
176
270477108
87
545979751
071
6836088
6335304
018
7651993132
6755922617
86420
4114228
359738924
09081355
9629102
110
53256
1095
504433601
1108390
8557084808
062257231
764962401
0
8924417
2231782039
701979931
6
4258396
28990
09482
2122
13377
11
5662
269944314
44382368
316839
1
37881
92298
589859
1688
8
847
78
561599
0297218524
00969047
5925757267
74245698
996
9542820
0
95
89
0208457884
7859
06432
261583816
621537
586127310
29680318
3386
357199
8
2
496885917
399
1
5810
5697
6013743492
2222
7296
61400
600556064
906073080
222644
1586
62940
97226
1475202179
7
236
11
96272247
7260251455
779650382
2632616110
27848
29
775067
8898978
417582322
566153860
7
27
6
722487
79
809
19540
167097
812
711
06
8
9
944
51119
911280
6
17016
8856
1461359
31641
058021
3968627
606
20524529
98
794944660
696006121
8670
301299522
62
4007130
62
162960
534198
6523320662
2981361147
73901338
0268043278
9697208
81
5482762796
29
5274544
91
52513004
44373866
71387988
61900919
00
41
682
7761684
986991
66
50
3865636997
073301
557779
7264
277916
8508002
333576169
78
16159421
354
8
704302296
4136957480
9
70405
1
573798084
7952
6
9992600
507587
080940341
471602700
1987640739
24
699
1900600
5534837281
9287
927260
1
89002906
806797692
28
5828
5715276
83377464
2
911
57
85
610
145
20
382277
8299925
999
1512154487
96550761
80949397
289893277
49877
1
4645511
2
53317
4011011
5596
9
3993037
979
71114532
548371054
26048
138785
9
916516946
2
2171
38
719870867
276
62081256
704787759
81695
9242717
2546294167
8914018445
4691200
4539003816
14851650
497
8
988427
6640
60394859
51
7829
06
149622311
6455761046
4
73224
367241
8
5718850
67
6
276877966
0782916
674276744
7
7758980606
69
9
8721271334
3284
3970679
088128
04794970
487765
79569514
740382261
6273829
60262
319
43625
494568578
84230404
05058335
51
7178213912
85
498464
01
4938919
7046
2589
62
5024
5239218
85
704871
2
14
8356
15730
5900337
3348697
1714
3201958
767911585
9
08312
1693306324
46377
04
46156871
4052022
0889
9394948419
13952
777787
6318
35360126
049408244
421450
064635901
9
90606719
7
306684721
96340979
59115227
8775480556
12646908
394655908
5711
420625
738
5
78
7247
6096
0
0
6266934344
334418827
07182325
976
30255047
7162349084
9196465771
69424199
39347347
902966394
7549672007
91
586128
5302524
453980885
263571992
1379
439344
9804995780
6
45804
386472382
5974
20815932
167460
94
1389
100
56810
6160194889
066062
4318955
64175437
5243320365
27241160
55706
9
690
45
7703727777
47
39777282
9
99914847
339
05668588
3642649
6767
2344358277
852450
3737119509
0369220
2034002211
7295365
34850
9587
440
0504803174
891868880
250625216
81576131
6
0312926
0837
60189
1383883460
364
378942324
708971
068967960
18
512796
4482
4076218404
4
26320
3170467276
5
7332803159
19886366
220910221
1839287468
585719
026
96
96
1385834414
480
45609
598
12
11244
53170767
7324
8176
91842
7
6
0694
819
8608434479
8986586
7687
55
6555
75924
206687912
255699
2018
0541
8121651072
3033849
0
477520
11305
2048801552
3133779429
5959912
16
7
28235
0122
610
9
84088
421411834
9297
587380757
6
1291
62
9
595079
79799
34376
8046896
6312
1646789627
3308333878
208
1451
34936
62
911128305
721200
2425
99089
6687
39655481
7
6
96180
96991
9
962114
567736
8
5191572
471409
401912
4
3346416617
44494802
8378467
5
876635477
68148116
37634
56
5045800764
55
40
4889861
6334
094
744956
3916859778
366388369
3384985458
0862654
4
99615002
507110
23780
3972460918
4
580
76625539
5325557338
9350648
582234
237407
51276597
08907
43384
082605
9020
067
35832
019312
1774310011
38547
67491
88912
7944
515838
42
6360592
4472588238
9
3789354
928328746
7760315008
0741784
6
4647351061
44370
6
41349425
75849764
469
8128561
4340766
4939380816
0221
49
059
261377
33020436
22551991
315945
3126266530
508270886
575
938537
46
95
7500062
69
87100
7968717
248708
85394
966
52513390
053702929
050877596
90637
95973000
39576
0511013249
947646647
549404
41
160
4
3107236547
446
012055304
2333634
326
254
7615254422
19
59074
41
79210687
06585
517589128
493782
052271046
81203539
31046
7
020618
29132
59
94625139
6151821541
2918848
1032689094
034
4
0
9
1766974825
89849
7974112308
11
964
059
2172817322
094656032
6234912
0095
50408868
019236787
91045232
29895125
6550900
22434164
87
584933142
6884637
52694
898038859
038
8831
1
37
389
17
2
3708604588
9
9646605
576762
0405
053309
4
2779
8148
20
24814410
648489116
95
15832471
69
39467906
7950
5451295749
542904
287
81481
1932301
9758
47014
8265989654
7595
4014922
8292991
38345
730220708
4487
562312494
326
32
554867
69028408
50692565
04722855
6921
9
02721209
50
84969542
15033739
71
87757
4549616627
