25000
39
347
44
4
00
6835
3
63
1477
59
2843
93
0520
8
362
9
2
22
3
32
764
0
28
896
7
137
3
6
307
6
85
406
2342
43
8
98
98
64
7
562
43
73
344
9943
4
54
6
2458
8
9
543
55
0
23
60
525
797
510
767
3239
4
1182
5
6620
5
8017
85
53
8544
6
097
098
6389
767
446
14
98
346
242
023
524
0
023
6
96
3
0
7550
35
859
0
8
345
9
408
6826
24
6223
83
13
715
7
14
2
345
77
418
06
5
3
953
43
5982
73
1443
2637
5
2
534
20
7
292
9
7
5
64
4
00
2745
946
1202
83
007
73
37
38
637
920
35
400
692
447
2765
3
32
63
5
204
027
2
950
048
74
5
17
45
7
87
8
3
12
085
0275
8038
798
693
2
6
08
2522
933
642
329
54
7509
2
485
6423
9
4406
8
689
42
9552
43
02
428
040
945
564
6
9
76
0
513
2
3
472
2
4
908
5784
9
48
9
16
515
83
07
1252
887
64
992
3
5
92
2068
9
5
186
8964
4
532
88
5
572
920
9708
88
139
5408
19
0558
0
280
08
0
702
53
4
96
7
9
56
4
2723
817
815
68
0812
5
9
753
8043
1684
96
756
139
724
9
27
48
64
54
73
519
543
88
5682
9310
433
90
712
6150
90
8
025
33
49
0207
8
29
82
958
97
7
463
4
27
3
295
784
0609
6632
4864
0692
522
4016
22
36
346
724
0
977
5
42
7780
5793
46
02
65
4
50
9382
9382
573
030
37
5
0
949
8
32
1944
2
0259
7487
039
2614
6714
0945
750
9
37
334
2
9862
3
00
0034
904
55
56
213
7
9668
3410
547
7
264
72
985
4
2
3
3653
599
823
5558
3
974
9307
68
766
387
4
0
344
42
8
16
804
155
997
6
28
09
58
29
8924
8854
255
97
7008
4274
8
898
36
174
582
5
3
78
020
5406
10
158
9524
484
57
64
4318
9
485
0
4094
9128
12
15
7998
8373
658
8
4
2730
0048
5
430
563
6877
66
82
9
7
9398
49
670
966
00
5259
9
154
6590
0
340
125
7
38
6769
4149
5
75
3596
416
3
07
9197
5867
7496
1707
246
6413
1489
388
627
85
72
3450
980
9
802
4
352
7
64
2
9
64
03
96
7
995
0
62
64
4770
952
218
8364
0989
3
3368
18
75
533
7362
68
7920
6112
92
9887
6403
5
778
4137
6314
3563
342
724
9
3616
9
5482
8988
253
773
67
8
530
3
92
2
1289
3786
2
4353
006
67
0
0
1629
66
7
385
7178
29
7
5
438
57
046
57
6
138
542
298
7342
825
35
6435
3978
532
9885
824
3
7
170
9
738
3884
7492
6614
8870
75
7695
568
36
084
9
448
245
82
2507
8
7
55
0
2
9999
0700
3
34
29
98
2
14
07
99
35
6
770
75
5329
32
5
7143
479
8
1982
43
4557
9
3
93
80
5
60
9056
6
696
78
2
842
9874
7
003
6515
3248
9
7937
948
37
96
6
4
465
4809
3
6179
73
39
0
9
6107
755
878
84
879
4410
35
552
820
83
57
32
24
310
2
9
2827
1399
26
4
0
59
044
0180
7
77
8
6378
490
788
3
565
043
14
2408
8
6
09
162
5846
210
02
79
7248
4469
5
3
390
5
0678
977
4895
96
47
14
1964
1870
8619
7218
4162
7202
9
25
27
759
6915
05
807
97
4499
55
90
8863
966
594
6579
970
5
3668
3
109
4125
0
295
6
77
108
806
188
2
877
300
3
9
32
512
17
676
8
1106
7
522
6143
95
8
65
2
4248
169
28
2796
79
18
17
80
197
2
22
775
3390
5633
16
4
8389
5766
52
266
894
0089
26
812
3
6
898
376
0
526
54
6
5018
3973
3930
057
304
39
56
74
36
3792
3
3689
58
0
4722
4566
699
8
016
32
533
2
2
2972
6189
4827
5
8140
6
896
146
0
37
72
55
04
078
3162
8915
850
4
7795
59
6
2923
5
6326
2
68
74
5587
6646
8
09
38
0569
562
30
0
264
6
3399
618
08
406
6
35
8
616
08
5442
4683
62
23
205
4305
3114
929
84
1475
813
63
99
650
98
6
09
78
0
149
4145
3
5
53
34
4
2427
619
29
563
7
582
6923
2576
98
188
6
4509
9215
060
972
2465
37
78
54
04
314
1422
23
34
62
1436
2
5145
9
9
8
74
559
6
6070
3
59
8
1600
4
66
2865
14
617
16
472
7
1782
0
3042
907
388
902
4
6755
83
6908
18
804
40
0
40
77
6
6654
4203
479
9
2295
438
58
17
0
97
7
488
74
48
6737
2707
7
6
6
6736
7442
3
375
7
99
7
6706
688
30
43
528
793
8
5560
517
5680
1722
0032
849
653
14
68
2
8908
53
4323
5733
09
445
82
79
23
5
23
0018
837
2
6
7455
4
4278
15
16
5
2
00
4
90
6443
2194
9856
234
739
5
0905
33
6
12
5
35
5
5223
706
3
2
0
109
2925
88
0422
574
224
307
993
0
60
627
8
0
3174
502
00
88
8
36
208
809
85
2473
0470
649
16
092
2208
102
0443
123
3512
69
423
5
87
095
9632
06
85
2
44
9
3518
782
8800
6504
3
066
9480
543
814
85
4
2
5
3
908
7
600
74
98
716
059
16
2888
190
50
26
0
20
8094
3864
35
8874
5
7
3
1295
7
53
247
2
3879
8030
7459
06
405
7
622
1689
44
4
76
424
0618
03
707
0
84
2416
3
19
5033
870
32
6777
02
8
9
295
666
2442
5
0736
9
8634
0
6
2210
166
0
125
006
0788
14
149
4252
616
8
0
4
16
7769
264
587
434
9
368
1656
374
622
378
3
2
0
9
65
2057
49
92
7382
5047
925
5
94
5
40
4
6
5
925
454
8
463
66
082
6
42
2
8
0267
78
074
44
103
5483
08
6506
8062
323
2
2
6
503
25
7
16
9
36
73
739
5093
6139
9
3
596
2
7062
8604
2
253
46
0
57
27
48
746
710
914
9
305
33
39
85
75
5
2868
557
3142
498
2
312
087
03
3
113
990
802
6
985
6324
7317
379
987
8918
59
8
8042
4557
02
2815
096
3015
239
6
40
8
212
9247
20
2
078
22
1859
9
3430
0
809
4132
82
2945
95
726
9777
463
33
065
2682
518
0340
4373
9042
9564
16
10
628
99
303
73
46
8
3734
63
680
6
4
95
5035
1064
996
7
4
82
2
308
6
153
0072
5
792
472
78
0
96
4
6669
2
72
9160
8
120
720
486
7600
19
5
997
878
849
583
532
595
2
593
155
5535
9
226
142
8
6
8038
294
6105
267
8375
42
3
95
30
7252
209
610
7
533
403
0
0393
6
93
838
864
04
017
5
90
2
48
23
283
6
9
7
1980
4
290
0878
0
13
5
8582
43
3
77
70
0786
9344
07
6588
2
2
572
06
8
9
416
324
6517
69
4
1289
372
152
2
2
6
503
08
63
289
4330
75
8
8
37
0
767
32
1939
584
687
48
8
5
238
09
502
5
9942
39
4
167
7830
866
3715
98
4
63
4154
7
2
0180
57
8
80
44
30
25
3
693
7689
685
82
232
3115
3
25
0
8
746
89
008
6718
3
10
12
0
702
2
16
45
8
4
152
7
5063
147
9
0406
20
0827
7896
5
4104
5
132
07
0
910
950
345
18
7218
4713
284
612
25
135
7
100
46
2
2570
5899
419
005
1315
636
92
1333
93
14
7
4
39
9
455
0616
844
4326
5900
3627
8990
3509
665
8416
3275
913
492
29
0929
89
9943
4
748
7246
13
3
724
68
658
95
74
554
027
18
5
698
343
3
82
30
0
15
4850
518
2
46
2
986
5278
7343
82
0632
157
199
9
69
8514
18
10
0
4
5945
88
2406
195
34
3
2
68
198
0
80
2496
96
26
4
02
9485
5
7
5
714
9296
7
4
86
157
4
9
62
16
52
63
4
4
7
38
19
9
6317
577
98
3
93
75
1597
74
83
965
0648
90
8163
12
386
752
653
12
0
9
9
587
926
9
5
297
929
7274
1006
8
8350
143
5
8
4126
78
128
0
54
5870
3577
0159
58
384
3
35
4780
7
7
464
714
63
657
182
3
8374
983
6948
84
03
98
7
0
23
4422
7
7440
0
5940
464
97
96
97
506
479
4070
0843
6433
2502
16
695
613
916
6828
126
779
0858
87
889
792
3
2536
9
49
10
379
6
7547
9
182
6
948
74
9
766
3
4080
4
5956
7
6
6
236
720
4813
0
5555
33
8892
32
43
37
6
8637
2
944
7762
5499
7397
7676
063
600
0
5
810
0875
66
2
0
5337
44
5
3
827
2
3
7
9222
674
1479
4
105
7100
98
02
336
9
9
9216
269
2017
439
213
45
93
6459
3
97
333
45
949
5
3
7
4
3
413
7
42
3
7
4398
740
6964
3914
0
7522
87
146
5376
4
6
4
27
3
93
5158
128
92
8
843
233
0144
163
252
1170
297
7
4595
2
8
165
0960
6
40
4337
803
97
4
73
5
1034
765
367
5238
3
32
80
43
5
50
8
93
40
980
027
40
68
522
8
1113
78
78
0
29
2776
210
0
3
8
1256
0842
66
5
5009
36
8759
953
4304
6
6096
3689
8
5
982
438
0
5
7967
765
8665
1667
5
93
924
765
28
715
6
7
9610
0
7
69
4219
97
866
18
0785
325
58
5
7618
3
45
8
7
2647
9185
53
24
920
410
575
4745
20
325
9954
3
0
748
2963
7405
6
013
0
198
415
5
208
43
7
4724
559
5365
229
3
80
09
7649
5193
9
437
426
519
6
5176
3298
8436
6119
2
75
912
86
8456
3
159
70
3703
6
519
04
2
9060
5
24
3
73
2
527
418
042
2865
1475
249
5
60
85
842
252
2023
18
8
03
0574
4
387
0972
1488
98
84
7
5630
7223
78
464
4
768
0465
3
6
7
2
69
6
89
47
4196
969
4
260
8
77
95
84
6
6107
0
65
3
27
316
7108
25
434
22
718
48
4
1687
4154
2140
725
967
9103
89
3930
15
452
4
78
4
6
550
3
4
5
63
3238
8327
88
5
895
387
7
4
4824
5713
7164
550
804
3
2678
060
305
3
29
3109
84
36
5864
97
2
899
9885
713
9
592
0
7753
46
0
9912
3583
9
14
75
2
6
908
2
9466
06
8547
55
6275
8
0446
1087
648
2
9
94
62
36
046
68
240
274
45
108
7774
59
8182
1882
9
98
2
888
0877
97
6
15
3
0584
0
80
2
2
885
338
24
6
577
8
27
8
97
0
24
92
747
126
55
2557
45
3
06
59
0673
9378
596
2716
9
516
14
4
38
19
8929
4185
403
367
9
53
8
3132
4
0
95
4837
8707
354
545
3
3973
4
0
8067
4486
575
3529
0
040
9
084
8313
7345
572
632
75
642
7148
2
7280
487
42
6748
200
49
92
5409
4
7314
1579
2164
7
999
960
4
40
56
2739
589
9
8
137
0
53
745
55
83
7
68
848
08
189
68
869
8493
10
2458
0
628
0
0214
90
72
6
427
4
067
9
0
8
548
7347
9205
49
92
656
4605
90
5642
7
885
68
0
47
4
8
0640
0276
60
6395
1777
3104
9
768
3
68
443
9
845
00
0
56
713
76
4
42
0
6464
376
899
08
32
7669
239
45
14
9472
8
157
74
265
182
032
3
95
10
575
4
2753
545
1686
2073
9
577
565
65
977
390
84
3
13
4375
512
8857
532
2
6
52
6
0
39
732
05
75
45
9544
4
88
606
912
176
8904
307
3133
7
100
3040
902
204
3
149
645
4593
6
8
35
25
6
416
9
2
694
405
9558
2
3893
3016
329
0
66
3480
0
0102
13
9
965
1789
6
725
24
0658
764
826
902
876
468
2027
8635
2656
22
5
8460
196
5
73
2
4
6
6618
12
4
82
48
770
476
19
70
4
333
0
4330
8
5
0364
907
6
307
9
3
6179
012
8
30
15
4
8
62
9
0262
398
4
72
42
00
469
234
93
8
7
675
2
4
8
7
115
84
1158
5854
3862
5
6
1247
9778
82
440
2403
83
2
44
694
3614
25
5
7194
3637
0
2
625
208
0
8939
12
1545
0
63
330
534
12
9
08
857
7044
0
264
8
04
5
9739
856
7
5
760
70
688
9
9
6759
0434
9136
3
72
4
606
725
1988
880
09
89
52
7685
834
5
86
28
613
7
86
8
175
618
7138
9750
864
315
378
3
467
2
0117
59
592
9
044
637
49
8545
8
07
04
8
257
7
17
098
318
848
2
9807
246
24
97
5918
47
94
988
4
9204
6
22
9
70
927
16
3976
64
8
00
730
8
558
79
3
45
94
9
45
67
015
4
88
0749
9
3109
95
3
87
3172
5176
6003
5098
843
48
2
409
154
6296
788
12
8
965
6
556
7
06
504
0848
4556
504
1213
39
4137
7
4719
083
3028
9538
3445
04
866
08
170
6888
010
582
896
3630
5
0
402
3260
1199
6
63
835
93
263
00
54
910
89
3843
6377
862
172
33
6544
460
74
80
5
9740
8456
5608
625
307
132
556
2239
082
32
1004
8
0
722
092
2
08
029
72
473
02
686
2
25
63
79
0605
13
1635
405
06
0274
7
44
697
8689
6
605
22
8280
2
38
2542
377
33
7
447
8135
03
6
3834
94
64
6
4
79
130
02
0345
3319
2
35
93
3
09
53
8485
6380
74
5
6046
33
7
5
84
760
9
0406
4
775
96
83
902
6
9
34
47
4
34
3
9106
616
955
2
7
0
4
9162
8728
38
02
5414
1070
6869
17
2
72
255
3
055
4
8
6
00
428
623
059
32
9
45
019
68
7
837
484
08
2180
58
68
7473
6006
996
260
3
30
240
256
58
816
490
3
362
0343
7
46
4
3865
287
67
4
3
32
842
8
38
16
79
75
443
7
59
886
3
5
9809
8993
94
70
59
9442
077
22
026
42
9227
940
9
4156
7
53
4248
9
459
6
123
4908
4
8369
6
92
578
224
36
76
139
15
5588
0753
064
4924
35
879
0162
2
367
09
7
30
5738
807
0
16
462
9464
115
0
7227
940
23
68
276
7849
9
9
8969
9818
94
8545
9
239
0
10
6068
155
0
995
418
4316
1395
36
0900
9
17
7092
0
4446
84
940
8
9458
7
54
38
0
218
6873
48
9
0
146
794
617
9388
67
3
0113
3564
6
0
43
54
650
3
304
229
7862
49
473
6294
9554
3
6838
6566
10
095
2048
967
8374
14
66
0
935
4
2
49
5562
269
6585
534
5560
843
282
6743
5
97
28
4849
79
2195
79
210
9910
5639
7322
20
3598
943
22
7
8459
2838
9
6633
9162
8105
8
5913
689
262
6
5586
9497
5
950
6
7572
1622
573
04
9
38
12
7138
0
9004
5
5
9
8
372
912
367
65
7
10
5
942
558
56
786
266
9419
236
88
937
5
5
6247
4907
772
86
93
639
12
2317
2
7
23
406
800
86
4
9640
13
2445
14
83
285
5
2267
7
5066
8195
94
56
95
5149
852
02
24
9
1965
87
3454
22
0662
3235
0
222
022
688
373
02
70
6
24
0
96
566
02
385
925
5
8
5
4
3976
7910
24
7
9999
14
4232
2
2
0678
45
5
4
504
6
3345
9604
22
6245
0
860
92
910
5
6052
3
122
2293
502
9
1654
44
07
878
52
0
008
446
6
7
5
6
7
85
0
2775
756
7719
5
8
1345
268
68
8
2903
07
753
8792
980
48
7150
5919
35
756
66
883
9620
6426
606
570
133
196
710
498
709
9
7
85
79
2
2
3626
9
46
92
1222
679
9
67
3496
69
255
334
0
3
256
9562
5
086
7
6283
97
5
7
7
7
694
368
00
204
0
003
2
4
54
3246
36
2
72
0914
254
80
44
17
587
1898
4096
70
4224
6
6
7423
9
5
3
6
27
938
6043
33
3820
438
64
054
2
878
487
770
5916
600
87
9
1572
806
2
8
4564
283
3137
5
0726
04
6672
14
47
0284
8889
8164
538
485
90
93
66
3678
0155
45
923
029
44
7
59
005
9
120
3463
272
76
2782
9
7072
5655
3330
19
3493
79
0
8
4
0
8
86
2399
2335
127
7392
8854
184
78
066
4
445
3618
575
53
893
07
49
4
68
2
2
9835
616
9408
389
277
014
0
6
156
623
895
15
68
3
99
44
6
2197
33
636
43
875
4718
0066
7104
3807
385
34
597
495
439
7398
9
8
5
88
6
72
5
4752
993
8953
28
08
20
8123
2557
4
7983
8667
6356
742
12
5107
3023
1706
3
9400
9
7
13
1776
7877
33
22
44
59
84
6
7
38
8540
010
185
6
897
338
113
1238
7
4
717
205
9878
73
6812
38
6
8
9638
14
74
0050
2875
757
86
28
1169
916
6543
4954
8575
83
3570
686
78
3
8
63
8838
54
888
89
355
489
4654
4
443
8169
8304
4355
2676
2
643
2363
7
7545
78
3665
150
5
4
264
6222
63
7313
8
0
6859
269
6
972
060
8
105
737
84
8994
68
7820
2
6833
852
8
196
092
44
445
7579
806
946
8403
7292
8808
60
755
88
682
32
8818
7444
5232
55
77
39
05
503
03
18
1733
0837
192
35
247
0662
64
554
515
3053
6587
6326
690
49
7
63
1967
7
7
46
58
18
0
823
087
5
0725
517
7
39
26
399
7129
00
359
24
7325
843
194
663
10
2
714
3012
4
52
4453
33
5292
3
7
3273
07
997
6026
2560
335
0
1214
27
324
505
860
259
8152
07
03
797
39
85
3
7889
4
988
50
24
8
5254
06
77
507
14
020
3
8
06
7
0159
75
96
14
300
2940
7449
0
39
6872
5230
8810
26
056
815
538
819
0949
479
94
893
400
55
1320
69
93
162
5
2883
8
74
69
5509
78
6988
2945
72
36
94
928
6027
418
90
12
5
360
4545
8616
0329
942
5046
7
434
69
4
174
862
4
06
9
0
83
2
1156
1135
6
4103
9010
1078
7569
8
09
4969
6666
7475
85
6713
8428
813
3316
5
66
57
96
50
5
43
0
794
48
97
58
7930
4
8
9
3
15
3
2098
417
3
7870
0399
517
6
29
59
465
14
6858
3
0
140
8
4
3
0
696
89
828
9134
7572
25
05
9
770
7
4
756
4418
7
72
6873
882
872
572
3982
5
929
75
379
62
0534
74
84
6
4480
290
254
2
3234
3
8
7092
2
2883
3367
1157
2
95
923
8
6
4
94
34
5444
2
308
0
72
7
3
9350
14
609
23
554
8390
9
7
7314
52
5
096
9428
0
955
0898
99
02
9915
0
9270
532
7
0
19
5
639
224
6
5894
5
016
690
98
390
3
72
855
6
468
6803
4840
1082
4067
76
2088
06
6615
7849
04
98
964
89
073
4
69
7
8604
80
328
0694
933
4
07
404
3427
6
6536
67
5
9
0
152
594
9769
64
7
32
2
395
78
0
4993
92
67
4044
240
1000
78
9
57
837
2066
85
97
2
185
03
6
872
923
658
2
402
904
4
20
947
3
3
808
7054
3
07
2
0289
0659
0
6
8304
865
47
389
619
4867
22
6086
5975
77
3
8293
3
8
5329
36
7333
6
415
8
68
85
42
0945
95
8
754
37
1239
2
5
7543
68
22
8
42
7
0
863
8217
6
813
5275
0347
75
32
3
16
752
0066
6595
0
520
8728
088
9336
848
807
3024
9790
3470
50
662
5636
594
29
2
3
859
7
2809
678
9428
2344
2349
88
9478
49
7714
982
8570
9
9044
7
40
3
5
5
7
5
454
664
67
75
9
892
2858
3524
410
99
36
08
84
620
86
48
7345
519
52
613
6374
77
064
757
7523
0
9
62
7
87
415
4
208
74
8186
565
0225
538
5957
2407
356
599
4
7
4
30
1970
7
5
565
8
4429
2
6
79
53
0444
095
7853
6
513
2
7
76
0909
77
6
48
0373
13
57
784
275
7
73
4
685
66
00
8
3
1653
06
504
384
50
438
066
8797
512
035
286
0095
2010
9
6
02
8167
3570
367
884
4
42
664
910
3665
99
6
0
8
24
48
748
5
556
47
409
4930
5
64
06
27
587
5
07
2
7433
7
49
7110
9396
4552
1488
15
5
274
4
2695
9
4
639
759
69
543
0
485
78
3945
508
24
8
85
0807
550
2
90
9847
7
9928
7
8
2835
7509
8
6170
1496
060
548
2
094
99
84
913
5639
2
9189
87
3712
152
6135
379
5
3
22
9
535
95
3488
1254
50
445
115
54
3
7277
15
426
007
674
69
1035
7479
086
5817
7359
7634
6513
213
28
4680
80
589
3399
5
8846
140
0472
863
3
009
7
0085
0
887
8755
9345
3512
3973
409
307
5
04
392
627
49
863
96
179
623
668
0697
0
8
9692
59
764
654
9962
3898
394
702
912
8
498
8390
66
3929
2
697
55
063
79
4
64
252
53
1533
9750
6
9
0139
90
8
4
938
8798
28
2
5694
1469
9775
78
4
5
8
47
920
8
866
886
62
6
6
8833
134
72
693
5666
0
514
8
07
344
20
250
88
1582
4
2
2130
826
379
52
317
0138
7645
6
7720
6
0152
7
727
3
0
9
7685
0529
25
496
918
68
8655
3865
6
4416
24
9009
5
3
6
0
470
282
34
6
070
253
8
516
63
5
12
824
0
3688
900
8
4
30
2015
914
03
39
64
9
27
6
63
36
27
434
4754
1622
102
16
694
3
57
434
8959
23
54
08
0774
7
0
6178
812
7556
798
813
6
8087
32
352
39
3
077
7
224
630
84
5
097
3908
157
7933
9
562
266
883
808
5
3066
6
9
0
2380
77
240
642
6
32
19
504
54
4728
9954
60
58
785
39
7608
56
3349
104
858
09
7
0
615
6484
0323
0252
1872
37
358
84
466
46
13
3
043
8049
3897
104
639
0
4
2
199
5717
26
707
0455
62
9
8763
68
65
504
6
6483
8802
3
45
7
678
6
0
917
683
1666
3
914
167
6360
8282
9904
02
3576
5567
38
43
3363
9
3
57
852
502
9
1143
3
6
8
610
3
262
65
4070
542
60
744
05
4
14
296
74
6140
737
5
6
8
78
523
9
64
07
806
07
7468
519
3
8044
43
77
603
868
794
0
908
67
96
1768
299
8
92
9097
7
905
5959
9894
8575
5
77
174
9387
8337
62
6
3
9258
372
9334
60
2338
0032
6012
9
0864
876
814
9797
8092
632
0
949
877
63
3
843
0
9242
0
18
04
40
0318
9967
73
22
137
5
420
1783
9
5672
4662
0589
6
4890
389
9592
717
0
765
86
169
97
8186
95
9
59
38
40
49
5568
927
004
9
1383
30
7610
130
06
954
24
0522
917
20
58
38
9
645
64
3874
7
4
204
6540
418
4805
65
33
7
512
6356
7
249
208
33
729
56
0219
863
25
0
494
28
09
5
06
75
9429
4
512
627
0
68
116
7860
2
80
744
8283
10
49
189
5553
625
6
76
153
472
3872
12
2925
9734
030
2
610
57
1529
54
945
67
2714
075
37
415
6
6
2
9
900
9859
3282
4476
2775
0148
312
13
09
532
3919
3578
03
0
8
79
7
419
3995
0649
74
5985
4689
6865
9163
672
584
762
567
518
604
4
83
1136
5
9
950
8678
45
8
99
2
89
74
762
753
068
1810
8324
5
88
106
945
3317
9809
6
515
587
8
295
8
0
8049
704
1204
886
23
15
37
710
0663
9973
528
290
3139
68
6254
28
36
8
0
066
8
4062
63
3434
306
4
0508
50
19
076
10
30
383
3212
60
2788
556
23
100
4
5276
65
0
6053
4246
502
93
12
82
84
48
30
506
6
2
447
9
0154
3
42
5
2
82
34
44
6
3692
5838
34
123
98
9
667
167
8
9
244
468
7675
797
1866
732
09
5996
6
740
438
4228
3
85
077
716
6
64
27
25
3
3048
04
3900
949
188
4116
6
207
10
22
84
28
8
1474
8
507
70
59
350
7490
39
2448
2190
2564
060
84
63
3674
9
9
5
139
2
53
2
617
2
8254
2
92
67
647
9
4
3545
1442
3810
126
2
049
9172
197
700
079
9013
20
39
28
7772
4546
3
9
6
19
0
9
20
7
5
127
2252
5345
184
2610
39
85
6
7685
1936
7694
6
374
9
1699
0563
314
2359
297
892
6
555
33
2
953
54
5017
180
8089
9213
9125
8099
085
615
76
209
8
87
7
65
0119
922
524
5609
5523
32
7443
1397
8146
3
239
2867
093
4
488
6
533
5077
4
726
7162
6496
2
8
4242
07
9217
340
4065
913
246
30
270
90
8
444
19
3239
8123
4
3755
4
2716
6
9
0
3
75
445
3324
8027
780
65
8836
0134
048
2713
607
609
68
15
278
1428
76
7
87
3204
15
49
62
1939
016
0894
618
8
94
979
168
5096
5334
5
0889
0
3
98
9
833
5
7
22
38
8332
525
60
715
17
2972
0
48
59
563
19
6499
7552
9584
15
8496
9
1428
2887
69
547
8
25
0769
730
267
3
5616
6
928
4419
1974
1829
422
6956
0
2
637
9472
268
47
9
18
27
0273
150
9
7959
07
7934
6
99
769
0977
326
59
25
3
5
9735
7
496
05
06
7596
6254
5
8
4
024
439
009
3
665
943
9493
276
3
7
576
0
416
610
4
4
615
4416
247
034
9
4
8109
0
527
32
63
2
42
9690
466
03
939
5804
4045
15
7
13
6
2
9764
27
613
3
15
3684
3889
133
2306
879
2
3030
1843
83
9490
2
4
105
6
95
6085
274
770
4
4
104
5948
94
310
345
23
1740
055
5277
366
953
437
586
66
6
564
6709
4267
319
902
9
9
2500
5392
325
8606
178
6742
5555
058
89
7
2
09
2
6
0054
2
6
89
82
96
245
2
8376
8656
386
449
5707
543
4
958
20
5
6409
0840
4345
008
9
5229
49
0
177
0
02
6
78
8
1402
9212
5054
4
5
6
38
6
3
606
3
8863
5012
05
85
00
33
554
2
530
343
15
3
79
7279
03
927
86
43
9
5749
05
6924
14
4
66
159
4246
29
2
4
4
5
97
98
4
17
13
4
59
7
13
90
72
9
308
16
5
9
25
548
316
057
34
35
4
5384
6
355
753
89
6098
665
3
6237
20
4004
62
6
496
45
7540
4
93
2
988
5
925
39
47
3056
408
4
864
6
5268
87
5789
6
76
7
252
638
10
7
518
1554
6934
4
9
944
5
45
75
3
240
49
6
50
5
597
0
0893
59
982
064
1058
7289
40
3238
744
017
4
716
636
4
603
2
7
8
76
7
78
2035
6318
67
6
48
6
404
313
0993
290
2254
5338
196
9
7330
63
8277
180
6
8
92
5
72
4
0
564
5422
0
5
78
4378
783
5
62
5698
4270
659
4666
4
5
6
137
217
58
437
6
92
67
1156
00
323
1697
3918
7
7695
86
0802
3
5
09
5
3955
649
3992
09
9
7
6668
429
7169
078
8
100
245
9
5
049
0
003
33
05
6
9
7
922
89
70
745
7
6
9
7
8
94
4923
0254
49
284
8
6797
0627
218
8220
9497
02
2758
0
1405
3
8774
75
550
997
7730
88
224
2
235
550
495
4599
5
4263
3
62
075
4565
265
852
3492
54
7236
349
7454
2309
0777
395
50
5137
66
7
1058
1323
3740
0
6897
949
5553
3
6795
1519
95
086
8860
7
8
4
2
24
10
3792
12
04
0
8630
2
687
0512
005
65
90
19
090
428
1850
5
2
04
919
405
9104
6883
057
6
0
66
2752
46
8
0445
0758
57
552
6
599
4
20
4
559
56
4709
177
6282
5
28
6654
2
10
106
02
0629
9512
1605
10
7
9
98
678
0
9
4
359
02
886
16
9
6413
27
6
4056
6830
5960
622
874
80
8769
545
435
08
0540
82
4
7107
23
914
00
889
872
736
7970
406
86
455
4410
426
9692
3430
72
5
7025
609
16
9747
564
2
0
6735
419
0
1867
130
6667
4455
5
1837
9387
067
4
38
2
84
4
923
5808
5
4257
0
25
20
6007
00
4435
9027
2
00
348
8
4
5
566
6806
4102
3
28
95
72
388
502
7
6
4
64
5652
0653
9
0633
4
9
6245
4
899
5
2146
3
2
694
0
4
76
3659
499
7
30
94
9143
8
1590
0893
6358
50
7
7
463
8
6335
6616
237
103
148
3927
13
3
5
935
565
8
45
07
3
7442
2
6
40
98
0
196
84
23
6
3
49
527
4476
8
89
9973
063
9988
3
4774
29
5752
83
719
868
828
6
63
712
9
6
7979
49
2
4
5
70
27
3714
799
15
7
47
504
3554
70
6544
18
786
30
64
869
415
93
233
676
9
967
9130
320
947
156
9
7049
5
292
3
604
1398
486
17
9783
897
0
46
04
560
785
5596
6306
1128
6276
6027
3
913
534
9
295
657
2502
24
43
4
7032
353
8288
238
1427
657
12
6632
98
317
27
562
8
6
09
22
2
2
3925
8576
56
0
7386
0
647
862
0747
16
0346
30
6229
795
68
86
89
040
6357
6729
73
2
6477
70
52
060
772
7
213
3
27
852
88
9
8234
3
473
5309
00
8
555
110
669
9966
39
9088
870
7472
6
82
108
6
7
7532
9126
835
00
4787
8
6
7934
0
54
204
33
27
67
5889
3
97
286
2
45
7
05
0159
604
2460
26
0
76
7
017
4565
98
2285
5
248
3
065
9533
5
7
844
30
865
05
2863
12
742
305
1074
132
2
82
18
867
95
52
3
05
6
79
906
20
39
522
89
138
8296
245
8
2
00
758
0
8
4
8
453
38
8130
545
35
165
5054
6850
33
3
18
6
944
5
4048
493
70
889
9478
7
937
036
18
85
769
0
99
380
95
478
859
30
4783
1007
5
76
3244
883
413
509
9
25
0
868
230
3926
4
2899
8769
9015
4236
134
9062
7905
17
56
8
694
5
4588
6
0954
7
3
2556
040
97
50
8735
6
5673
0896
36
93
4
845
5
9857
0282
7172
5047
3
3
662
0194
2
5
6
9
470
340
40
6
239
2
94
75
64
2342
13
942
65
4
90
5403
17
69
3055
6672
2495
25
9
6
079
7
0
7
455
85
76
7320
28
03
7253
856
4893
8824
12
6737
744
104
699
4178
33
6
5837
56
5249
252
408
9
296
96
17
6
5320
7435
970
2439
4185
244
503
515
5
552
743
92
2232
18
17
9
786
13
7
8280
5
8
732
7
9
5583
086
086
8
5
32
330
84
0488
2984
9
10
8
96
87
8265
3709
345
4188
2589
127
4103
42
8
612
672
58
0
62
0844
88
47
58
0985
2
1595
960
742
4696
229
925
103
4
0
7995
97
1933
097
45
5
6
46
253
064
189
49
733
99
1918
2
4
922
7
0
4
60
983
86
72
02
2616
7379
5164
779
6
0180
159
902
77
400
148
8729
38
216
736
3
9
7689
4
014
8563
5
5
05
6
03
5
19
3582
2940
67
8
568
032
57
704
5796
226
5548
3628
5
288
2990
943
46
6587
546
063
0
95
803
0
44
2538
9152
6
4152
2
46
20
16
26
7954
2
5
48
5512
2
0
8665
473
7
9674
6392
422
39
5940
5
227
277
4649
25
2966
68
83
570
887
6
1329
45
283
723
5455
2485
5897
1127
0120
3
84
9
4
9687
4
720
4889
8350
75
262
6
1919
064
718
8010
0
7144
9
29
3115
3
52
3
4
313
5
703
70
7
2
7
5
8886
58
6
55
212
78
0
142
55
12
29
74
25
04
0
2
9
3
63
240
63
9
833
7
8
0
4275
437
6579
353
59
4
4024
713
5
752
616
389
48
4
25
7
5912
6
2840
442
6
73
3822
4
13
25
2659
7
6764
39
976
42
13
68
913
862
8
6296
45
7
4480
46
454
1854
527
676
406
32
17
670
106
920
100
256
6
7302
7525
75
12
89
980
4
0
44
8367
3610
7956
85
73
0168
57
815
87
22
173
9892
334
7
86
4
3
0685
18
90
33
40
0
6
742
4
0377
98
5
8
0
0
7994
0
0
79
0950
940
5
178
3
1128
324
9548
49
23
3
8882
3182
9
76
734
5
95
46
9270
583
22
62
0196
3
88
73
5666
0
6369
843
4446
4
5108
00
94
006
333
6
292
20
9
98
224
7740
67
2628
14
2150
194
2
88
655
3
980
5
9293
7
7
4708
6
89
06
0348
6777
92
33
290
857
58
53
86
6935
05
39
89
0818
7458
2234
14
580
0
5
850
7
1069
298
4792
2
1037
04
9710
4
94
27
38
86
7
46
87
8305
3405
6157
47
4349
0184
878
88
0
3
49
74
28
75
269
2
4
3
789
9258
4
7152
3
225
7079
4857
3109
6
13
325
4418
4
8
6
5
2884
34
5545
34
6
6
8
89
0
3
815
9
212
4
78
5
94
922
3367
5639
913
373
59
04
2
5366
3787
23
9
30
9
09
912
3183
7949
062
9
990
006
9
300
0310
33
4
6
89
6
8
0879
357
7613
640
8
80
818
4
9332
2
7
6
19
7590
6
6
976
3
89
8489
2770
83
694
473
22
43
7
408
8758
3
5
4672
7
35
3107
9117
6665
5
6
3
96
3
8756
09
9695
297
714
6378
0073
26
8457
4
4815
15
314
498
7
52
67
82
98
5
903
78
4560
4078
0657
93
475
97
937
0586
27
52
799
3
999
866
2812
128
3
9
9
5776
3
97
9647
9
57
427
67
973
4
3
0
44
23
156
9268
2
9620
64
0895
8
1187
0374
368
107
36
9794
6638
844
436
086
97
3
35
9
26
95
4
7807
17
9048
0
5
0168
2880
9935
49
3873
89
04
355
9
7133
5720
4002
094
588
0338
919
7
223
768
74
046
32
687
69
73
8
917
4
5
39
5099
60
49
87
17
0
23
67
718
42
4
9589
90
253
338
7358
095
187
4
73
2
9
930
5
448
68
50
9752
37
589
847
784
262
98
15
154
5614
4220
4035
62
8326
2410
875
700
9
6
2534
2
7
0
4
030
99
7
605
392
6005
35
0156
5
02
15
7
8277
230
10
454
64
3
33
16
0
427
17
2
3
15
115
5
48
642
6989
27
115
79
355
280
87
86
198
627
3
08
254
73
8124
9996
6
6
159
0827
02
55
16
78
3
0
0778
30
005
768
2
70
9
3640
2792
6445
734
975
27
5672
597
75
0817
13
7
0
4
707
970
4147
867
5
53
037
83
8
022
610
9
65
67
2133
65
008
9323
8420
3
2
6
8
30
189
7
74
7549
9
8717
988
56
9817
7718
942
8
52
84
9154
737
1352
656
95
8
692
166
4
2
3
78
0
8
852
5100
88
142
947
1415
54
35
30
894
96
368
414
75
8
762
8
6
412
9
0
6873
9704
0998
57
2980
3063
9
4
7675
119
2702
8
7
76
377
753
24
7049
2606
69
006
2140
2408
898
9
20
9809
7
13
0
6
6
4
54
0
5
420
22
0959
586
9300
4
7
19
3
9
3958
9
84
5
909
340
6330
4873
98
8
250
27
027
690
056
6
0333
0890
028
018
13
75
20
2
2682
75
5
5603
0
7709
34
4
8284
4514
663
9652
87
746
9
0306
0
5595
026
1964
12
022
7
059
6
36
202
7
348
7
26
0
615
99
2545
1437
503
2090
6297
7
6
25
10
5414
8
5
344
8
0
9
390
6
14
347
73
9
806
6
2559
7023
004
32
3
10
0
6965
4564
7
65
45
126
3955
6
0893
3565
88
3316
5
29
93
5796
045
7
16
12
56
62
9
8505
447
28
2394
1027
2
945
68
39
815
38
4
58
283
06
7796
03
243
300
84
8602
55
0726
0946
133
3680
786
804
65
78
255
886
3575
7809
9
6
7015
766
80
6
09
8
6
92
3
360
8124
8477
5666
8525
6509
894
336
785
5
5599
7313
505
618
4
3
20
90
4
4904
8
473
456
6977
29
435
9
607
34
8
789
148
389
963
2279
9517
53
0
2
932
475
4
4
04
990
57
5
75
92
7037
2
67
313
18
3792
69
759
9323
2
46
330
900
4563
579
5169
18
4544
778
9
4059
9
96
4407
8538
20
68
95
372
2698
9
16
6
90
3860
3
6597
3
336
55
3
4
57
257
052
929
40
4
5356
16
6
3
69
1242
695
60
8398
6
560
7
4688
0
114
5359
6327
44
367
8
544
275
9
895
519
6
5
1158
27
10
79
685
6963
29
06
95
8244
9812
07
7
4
58
93
9
50
243
6
72
8
8
7
2507
0
2
5
8822
2
0438
2393
5
27
3
180
3109
0638
47
7218
549
2629
04
630
7
5
750
774
004
0
28
6363
3802
7
78
344
22
6
0604
50
637
3
58
1594
863
2019
635
9
6074
614
9610
49
0966
3086
665
10
338
73
2770
596
936
97
39
4
6
07
0
5
4376
840
4353
038
5
4753
12
1608
8307
585
0
010
007
134
6
9230
6
30
85
599
3
153
6
175
4
9
4
79
048
9922
305
0
108
007
24
2
997
294
9
2
528
32
458
407
15
68
53
09
08
444
6
086
2
4835
7
363
63
34
15
6
09
8
8
889
7
844
23
606
523
5814
2
608
2
4410
5056
56
549
3480
4
8293
584
1310
8107
02
6
1764
2389
226
19
682
46
5452
4134
7
428
5922
9
084
8
5
28
86
0
8229
07
72
9565
1593
8924
4799
0
6
1435
4126
28
86
35
2533
635
7713
2233
3165
2
686
3345
477
546
94
215
2665
762
67
7516
4
392
52
8392
8970
29
9
14
90
144
8259
8122
5
153
62
3
5
175
2
8
7458
306
2463
4574
04
5
4497
7000
48
6493
868
3399
759
5
917
3
2737
7
5
70
127
0
87
9824
3
219
698
6885
5
3
7
4
6884
520
6
37
2364
53
64
5
4822
563
618
9
350
42
4
84
4
9109
9844
2
24
8
8
1713
938
88
2
5
78
6
9908
745
916
5626
5
5828
7583
7669
4737
33
03
69
3649
9
3817
153
099
518
676
3
6
3
502
4814
877
16
9425
777
4884
9
48
00
737
594
5
4042
0940
762
20
528
8817
948
3108
7
5
0
94
0
14
4597
96
823
3
9412
0536
7
0
09
88
355
276
67
358
040
4
467
5478
2
810
3
1246
64
13
0570
1013
9
82
248
990
072
45
5
24
7
9
54
480
86
672
0946
985
1852
3
48
4
7
2
3
7382
687
14
3355
98
970
3568
793
9589
528
8169
1617
47
32
5
165
1479
56
454
4
7
577
320
05
5
28
09
2
88
39
3552
592
1485
9
3255
9
07
490
7
3
6262
4924
39
009
17
0964
373
1960
58
8609
469
8
70
5815
873
2
1662
6734
63
78
93
55
94
5
8220
90
8
10
389
93
048
5
8223
596
4168
2552
458
4614
555
9193
4
006
4
17
95
1056
7
914
150
2
26
14
3278
208
4
7
9512
52
0693
6122
7
5
80
5
5
84
6
3
1469
5
2027
376
090
70
5
63
9598
987
2145
93
84
8
6108
013
303
9
187
27
7
3
832
5047
5552
943
367
8654
2367
2
0644
0
12
084
0
80
35
3
4
58
16
68
0
6
0657
1240
9159
65
6
50
3
5
73
224
023
34
945
6
2
54
326
5449
4
89
9
8508
152
3819
742
4
63
6758
05
4
892
0
1223
67
33
42
878
4
692
7
7965
79
8
2063
310
2187
9
39
1877
3104
589
06
839
20
96
9912
5
39
250
0
92
659
0
7
3163
6
37
818
32
9
939
2
406
46
18
54
03
29
13
0325
59
72
2219
2527
849
28
1412
4897
8084
327
96
423
3523
49
8
092
590
5257
898
830
795
559
8
088
5655
603
10
514
8625
53
9
583
56
318
175
7
64
355
6793
74
2004
95
888
57
9692
25
553
8
6974
118
4662
7962
3
455
27
9
317
8004
05
07
367
2216
0517
7205
409
14
9548
23
5
493
0
396
57
0
3
2
0
8750
2523
4235
702
8
46
15
84
9
6689
5650
67
4
48
749
4286
146
7
6
4
976
3410
515
0488
938
2
662
5
4
9046
30
6257
1729
173
386
6
42
8
4
978
364
2
52
9365
90
05
45
16
396
8384
382
2929
9
4708
690
0
279
57
9
4
27
465
0989
326
47
9
834
05
6800
555
2240
282
6
2727
86
6
433
8410
9
2
4712
7936
28
4
7246
45
2294
56
602
266
3
08
2
4
597
2903
7
6727
9919
6798
43
2
86
53
698
45
0274
98
3
02
5
5208
87
858
5
4
163
0409
63
4
90
4958
805
9
75
06
6312
337
10
4
568
85
74
5
6527
16
06
8042
9
4866
2174
4
0
9
3072
225
4468
894
102
572
812
230
4
95
36
8
1684
3178
30
844
8177
2144
9580
57
170
70
0
47
92
6
098
113
5988
34
60
8669
46
9
99
4
77
824
393
8759
08
2
5
40
255
453
2348
870
66
5
673
2816
12
9
7
45
4
8470
0
3
998
4
88
3436
2
525
310
13
7275
948
39
8
2489
2153
8699
3
1266
4
79
036
318
98
00
673
56
5188
9
3
3654
4
0790
952
072
550
030
8599
8
6
8
4
4677
136
9395
0560
6
34
1163
399
7679
9466
5945
8568
095
56
9
214
704
4
54
69
1608
690
89
76
245
3835
39
15
279
55
39
3295
50
2
3
0042
685
625
74
32
8345
535
8
4175
5465
862
4322
7
2
0
450
1978
2595
8
9968
63
7338
07
8
2179
537
5
214
43
1348
68
0
775
47
56
7
7
2316
1523
340
8
96
310
597
48
7437
5989
9899
8609
0
612
5
3
7
2
2180
199
8
746
8384
7
3123
789
99
40
7
974
62
4
3
0432
1728
185
613
58
5
412
2524
008
979
55
1442
783
9
798
27
424
98
7
4359
3666
69
733
755
629
39
2924
8
022
20
7
36
6670
5559
3
4
8113
1458
54
3
322
5
7125
243
2645
799
10
0
6
8569
479
6
016
7413
7
052
134
4222
8
2
840
102
7
15
543
7
2
32
2
597
3259
24
620
26
7
6
044
5
4
397
833
6348
565
10
33
88
9
3644
13
7
485
44
50
7309
5
7224
8
889
3
6802
1098
8
5
8
682
8
27
780
3
8
93
4223
583
7
5732
7558
5
5
938
9004
390
54
2
205
85
2985
82
53
40
5
860
5
720
7
70
418
146
4
55
313
738
63
89
36
867
597
29
7
4213
42
14
809
07
666
9
2098
4
7
94
4
857
8
155
9
08
2289
50
8
156
27
5
8
8
493
9
2
74
182
403
4204
793
6623
818
103
7
3
5097
24
27
7
7
7
3243
060
0759
880
92
80
4
7
438
6
4
0248
9159
4
8094
506
570
38
112
2
277
4600
2776
6923
7187
3
89
545
82
5150
3
235
7654
5
48
3
5164
262
042
1704
459
7
7
8
852
62
227
212
664
93
4732
7
764
76
8
5767
0
115
5989
6839
53
4
9
49
086
7
06
0067
856
949
7450
80
083
002
69
4
45
885
4540
0234
49
7
85
7
87
6
7
3793
0
42
5
3557
02
26
76
30
629
6
209
4744
74
62
502
6772
145
43
4
20
0513
614
285
7
09
078
9453
50
95
65
973
4
55
500
38
360
435
5
99
94
3
4572
814
6
36
3950
9895
98
873
83
0438
33
6
2398
0
4347
3190
2
67
7915
4496
47
180
778
4847
4
0438
3222
952
18
24
682
9847
3868
017
839
88
0
1890
795
24
3
23
9
85
8
333
3595
86
577
8
5597
5913
9
9
00
66
0486
577
6
0484
2
57
5
44
572
3609
639
656
72
26
35
9343
29
20
7
12
6480
4
6770
4144
16
8745
96
8
634
89
3473
113
3
37
88
377
4602
0730
365
9
2827
70
94
274
492
237
9
3
108
7
210
7208
8603
829
572
3577
00
34
977
9107
2
96
7318
16
16
8
73
3
0024
99
3
3997
19
79
396
799
422
8
04
9
494
49
4
6249
64
695
4
54
7
302
9
52
2
235
6
0
8
513
9
517
47
8
0078
7
7885
63
1674
05
460
5
6
45
9748
965
23
9
7418
66
7453
5
6835
60
6968
477
6007
94
872
4687
7910
4
9
12
43
0
8739
28
16
9950
2
175
662
118
7
10
736
3
1998
39
2
569
0
0
67
830
972
233
2557
4078
6374
333
10
174
808
7602
2546
5602
5
3
68
9
013
20
09
3
6744
589
39
9
359
024
9
9093
0626
544
4
039
5239
9555
722
4
75
3706
0
706
3
986
794
7
3
5632
970
278
6503
05
762
3
0
894
0
5
8646
336
0844
4840
057
3
49
56
90
797
1660
357
5453
7705
9
7
6205
5
4
47
058
07
63
620
4
9
307
8
9
45
1852
890
7
7
63
506
0
80
40
5315
6
4
4
69
15
32
6715
3
7870
437
5566
532
3377
6414
2
42
407
83
114
27
10
113
4
7
24
00
522
2029
7782
47
76
6
33
3
309
0758
773
576
74
102
530
5
6
98
5607
638
2
737
036
93
38
13
37
83
5
538
0116
06
267
19
9836
0
60
7797
60
5054
7522
72
64
592
0643
949
155
1348
2
7
7095
553
155
9
0000
652
6169
8184
530
88
8150
6
0
7
957
5426
0
4996
568
37
3199
66
5
2958
703
3
8
85
75
2384
42
9
3534
20
30
6338
8338
376
77
7
6036
73
5102
4056
8362
0388
6
8912
65
965
16
7406
4923
1950
0
00
946
670
9
6
5
23
7
6053
3580
06
56
888
5
39
3332
936
26
814
3
022
9
2
5016
74
0
6
3
7590
736
55
8
048
2238
6523
35
6003
3
858
8
94
6934
042
8
326
957
9
95
647
092
500
852
7488
18
093
840
08
9362
618
08
3
826
48
14
864
195
06
09
39
6
6
2003
085
8722
13
6
17
03
569
003
1785
355
0990
1337
9
6596
632
8
190
6
16
187
8022
83
9
0244
72
065
4
7
840
27
923
4
7
5
2744
3
0
5
2
489
49
905
0482
2
6
4
8
727
0
4
03
4809
8
576
04
4077
0907
3
698
5
6
32
4919
6
546
924
357
475
9717
6
8334
6538
800
5
3
59
269
35
2118
80
1338
276
9
73
47
1968
519
5
40
035
3
0625
477
3
6489
07
6928
0
065
17
968
6
74
3779
87
044
8
7
36
6549
168
2046
9
387
07
799
96
685
34
8122
772
089
3897
202
2
3
2
34
25
5033
0932
9993
93
65
54
50
1454
0704
4610
684
869
6885
4934
94
8
824
60
2
28
666
5746
35
522
68
246
833
042
887
5
8
7656
754
866
33
3214
797
9
6
84
43
113
78
3943
5
730
29
77
0407
26
2
8
8632
4
8
3257
5
1542
994
79
7909
7
4538
4574
86
2
524
6838
0
400
6
53
9226
1185
7
8
0535
84
5689
962
1140
3418
52
304
3
4022
6
2892
9
23
2
1800
312
57
2109
92
10
09
96
086
2700
2008
1743
1772
4838
7518
834
8733
716
7
6
22
9
43
075
8453
165
8634
966
6
47
3
532
0
0
25
8
7564
5
340
874
7295
975
4734
344
5
533
37
2
7028
5372
3
4
0
3
55
06
177
417
294
4230
3
6224
5933
4
92
59
49
0
817
169
98
3238
44
85
6813
865
13
9
74
3438
7
3213
515
956
57
4
6
5
4750
7123
6
0886
668
192
5218
5486
0650
3
033
3
2
9
6
9
4
706
5340
1939
035
77
3187
2893
89
0
664
654
55
6
28
18
6173
47
9537
2
0
747
7
502
37
2
737
5760
43
5
6
106
2264
47
7
94
2229
9992
453
4182
6
7916
848
00
95
354
0
6
485
6
62
67
798
8377
265
296
096
786
74
89
4
5417
4
953
393
515
7385
3
288
64
859
256
349
04
3168
6
0
42
56
22
5972
486
7320
0739
3000
297
0
8038
568
6
5945
000
586
478
4660
4700
0332
6
360
96
7
2
6
4292
60
812
9910
906
0520
836
9
8655
44
4
1252
2653
68
59
6
266
82
5
5358
4
1142
0654
2448
8230
894
73
8
6929
2193
7
318
50
7
7
4
84
5
150
5
69
29
9
18
8304
0
094
9614
319
7878
446
66
8895
4057
74
66
5
8
270
9164
8523
0
0148
1156
707
5
58
223
83
0715
7
029
34
4415
9
7
73
40
88
0899
73
62
737
8442
45
64
146
4
64
0
5
659
44
4
5
463
347
49
7
3178
6424
0
5478
1232
6786
93
580
16
032
075
875
294
19
633
9493
0
4816
4
7
96
9423
002
3998
15
715
0
593
9
289
1775
84
5728
76
077
64
5854
4427
3716
953
725
609
252
06
7828
70
5
3146
953
664
749
674
2140
43
8
62
1808
92
07
139
288
54
6
56
59
6896
259
8
37
74
659
4
3
9829
864
34
782
9
7853
0
3169
97
1028
8279
95
0
469
2189
6690
06
180
09
5
792
4
05
3864
16
7733
193
8728
36
17
430
0
017
3079
6882
33
6
598
9
3826
69
943
239
7183
2
88
6
0
165
6
572
4423
109
372
0
0
877
515
36
2870
95
14
0
4
50
32
96
5
6
7906
29
2
9
8940
1764
9
2096
4
416
8713
9045
73
72
19
7
40
3
17
505
270
089
6
34
45
27
03
44
855
4
968
5428
898
3384
5
764
77
4
794
28
53
54
950
774
6
3948
8539
567
088
47
6
54
1837
969
3103
3664
84
7
80
783
517
9685
0092
4150
176
36
0368
8
890
5704
1980
126
5
10
5519
7
16
9480
537
0
35
2
2
9
05
3255
2
972
74
8
4559
33
82
3
76
85
0649
845
2
2
7
4
2155
9482
895
53
8448
7407
063
8032
36
716
132
47
6
4
07
8
49
85
5
6
575
33
8
283
4
0
5898
345
6
3
49
130
6659
6525
75
8
202
357
35
366
04
86
6
184
12
79
8438
8208
53
43
749
0690
5925
922
455
4752
427
4
3574
17
90
8
340
9
370
94
718
88
9
598
927
8
77
3894
2332
9878
59
74
2
5205
95
2307
893
10
282
647
56
7027
066
9
243
8583
324
48
8086
9382
2636
4
90
5
4
565
66
6440
818
763
624
8
0
9807
3
60
239
693
1224
95
0
54
89
984
20
4
2479
575
5
340
05
0698
9473
9
9
1455
892
23
832
7523
8
6872
6
106
66
93
02
4
036
04
64
383
1876
1793
8
6
60
0517
1820
5
0163
48
4
5483
50
86
175
9957
82
14
62
3
8
56
6
0
6
734
3962
8
89
50
10
928
1898
7
6
1152
5
6
6
099
7
0
522
832
2378
5
2550
1962
26
647
2
382
79
90
33
3
538
5
3
62
19
740
3474
9
0
888
6
7
87
9
2232
8
776
3
7
7
2
460
0317
95
24
4
07
848
69
0
36
35
0588
7
304
3343
7594
730
649
503
45
322
5
66
519
82
5
02
58
2722
3
8858
9
20
20
5
0547
0
5
700
43
4349
832
1206
96
4792
9
30
65
3
64
27
6582
9
5189
823
76
0418
142
8
562
6510
09
47
4613
927
896
924
0
9
52
74
878
90
9586
2578
7
03
4
082
26
854
25
72
890
318
2
2733
5815
7
4
25
945
4516
4
47
40
6000
6
53
9013
523
7
802
3
7377
29
584
8708
6315
6863
22
93
13
009
10
0917
5
4316
4195
8
8
515
338
620
3668
4
54
79
0429
28
12
6
26
268
0
140
8
8
95
0184
6900
919
4157
7
7833
2749
176
496
812
866
5007
0015
3813
43
9
3
33
7
3
87
4173
7
8
3943
3447
989
0014
060
04
7
4108
708
3
5
887
4
59
87
689
4
9227
3833
4802
1567
067
8
13
14
7852
2353
280
3455
39
5
1394
936
8780
7653
9
6962
666
6619
70
6
27
43
1857
92
86
387
954
334
73
297
19
1388
4344
7943
8608
904
7
74
4
27
5
255
35
62
74
37
66
638
4
38
00
35
24
5812
0
768
5740
8970
85
710
73
5
8336
87
09
627
429
6
3492
629
83
03
0
6
434
33
4903
8272
125
5899
00
75
0
255
116
4
7090
29
90
4
74
0
90
902
9
4652
158
9503
695
264
397
0
906
866
8
5
6195
7345
77
58
013
54
8
230
42
4
8
438
50
69
89
74
6078
1648
180
152
15
3868
8480
90
40
23
9
033
98
9510
52
295
1245
16
255
48
848
46
6
205
9
9
36
8498
547
7867
63
2
14
519
9
4
7
244
62
704
3560
035
6
9298
8060
7608
9329
38
29
3989
1310
6699
7268
962
7
487
8013
2
0
8425
59
27
2
69
064
1026
78
697
252
3
7
8185
48
2726
6492
76
82
7897
4
18
09
415
5
3948
2
787
277
9832
879
9
656
468
8
7930
5
68
0
8
9
952
8115
52
9503
906
474
30
5
892
2874
4
716
382
380
694
54
6916
5
4
9250
65
34
00
663
062
0
3626
553
39
7787
8
4277
19
8960
5
82
618
652
8342
842
49
6
694
050
3867
2
35
0677
776
4462
988
254
6
37
0444
6
02
2
76
500
663
3
106
8690
7229
8
22
33
8
5003
3
8618
6
10
0
895
45
40
8969
4343
8
18
969
5539
2683
6
9087
52
4
9
299
54
4
386
084
04
14
2
327
2580
3
6838
0040
82
0159
8463
17
72
8433
85
97
3
8476
9
1697
6
853
7
0705
9242
7
5
77
28
9840
6
15
550
544
5446
099
255
93
69
6
75
648
307
7
93
67
760
68
0
8315
633
6
0536
038
8
2
257
6
8898
7170
894
1442
065
5647
1629
4057
3769
214
9547
3
709
2
5820
970
1158
314
07
68
27
7
43
2
18
8679
0613
88
24
7916
666
29
178
8
044
6
3
34
24
50
8753
9
94
78
44
75
00
8487
88
2
67
5
69
6
3
944
0796
3
8
7028
4
74
988
6
5657
0
34
965
60
4167
8544
6
4
338
6
927
6645
15
8
9
9082
345
8
0
2384
6473
39
659
673
4235
878
739
8
8
2313
7
2393
595
9276
7229
56
7220
10
69
5287
504
394
2793
040
14
8
595
5
2
0419
0
3
30
9803
419
8045
932
872
32
56
6147
337
82
5
5
7
37
7
5497
8
100
3
4
937
7
82
1497
869
486
8
23
68
19
753
693
4677
2
90
4
72
614
6178
42
28
9464
7909
7
833
68
4203
538
134
84
0
4
212
2
0
37
554
7939
549
3
40
905
2
9825
0
8180
0969
68
166
356
0179
914
6
970
066
615
30
02
34
9865
23
54
895
03
4
3427
3
400
6
2
110
89
9976
38
7355
667
8
9
24
0394
3
2998
542
20
73
0
63
8
514
4945
00
3318
863
3
2
92
4
796
5
635
9
7497
649
2
8
3496
5
6019
004
20
165
88
3
4
6
2579
9680
66
549
5
6
2
9996
23
4
8969
27
803
03
9
18
446
90
43
06
92
13
9
8
254
7983
42
4
463
034
468
472
4
59
74
7
390
5212
1613
027
14
0790
6
29
576
92
19
6853
50
119
60
65
875
8239
8
02
380
9
75
85
0
67
6378
6
2093
163
4
50
4797
3
5
7832
59
55
8873
6255
258
735
0509
4
89
804
45
7
0344
4
5346
9
222
0
9660
937
7554
63
53
7224
0023
622
9
6888
2004
586
12
6367
4034
355
46
6
2
279
3444
294
4604
8255
425
3
7
6
834
00
5
9
84
8
432
772
564
4
304
1838
2233
16
9323
89
973
1326
20
495
047
184
0
5
3
33
4
3
5
9752
06
70
3117
437
292
505
9
4
7900
8
585
2147
5
8
24
3804
200
93
2
95
5103
5
0
6440
2015
8130
54
420
19
9
03
855
105
49
590
6
94
3
13
8
10
444
2
4658
8625
3
1409
376
7
5
518
2220
5
23
2
985
94
972
2220
6993
6
407
9335
433
2353
753
87
9
243
87
35
8363
698
04
8519
6
4
5657
5
7
982
423
2
334
6786
343
506
4
6956
7313
80
9003
1486
96
440
3480
3
03
64
02
7145
3
6
75
876
9873
35
938
348
5
722
28
4
6
304
5794
2802
4
188
9
38
8339
24
42
4838
5968
436
3428
9
8954
3
878
9282
579
84
514
9848
284
8
5
97
10
85
2114
3
88
617
32
6633
274
48
93
7930
3
824
303
12
9852
327
19
5
757
4
3
05
2308
05
980
86
093
59
8
5573
988
2
018
4054
486
59
15
6
4410
9920
38
62
7
25
448
2270
204
1774
655
97
4
4
984
6947
4
36
8
18
93
934
6020
8
99
44
42
7267
417
748
24
1699
629
48
3
95
213
572
7
595
3
30
8177
5040
0952
7299
636
457
9
65
07
86
8353
9734
33
46
7
73
736
4
68
2
635
4159
63
5534
6
304
8
1878
5
6
134
762
0
12
737
89
2
584
8975
257
29
0029
78
474
775
4
545
8999
16
832
8
5
459
268
8699
8353
594
96
453
335
6648
6
445
5305
0
0
8686
1878
5
04
0860
7307
7669
553
5
72
4
7
498
50
5
6180
8
400
3576
9937
46
4894
7
86
73
5633
89
9
852
949
9955
7
90
3
290
0
43
29
80
8
029
483
03
8962
3
0
5
493
4
0
2
2160
65
0395
6
7
76
15
4
46
4
014
74
88
885
5108
48
979
5
6223
85
7
4555
9
9
44
2039
6937
107
3540
5
648
89
0
9143
019
8
837
127
0
9
9
535
5
185
38
247
462
5538
255
6368
9
9410
898
275
8
9
1209
52
1743
600
2858
2486
395
2277
2136
7
07
200
047
76
3
5583
9846
3
483
6724
0455
7
4829
509
0614
599
069
7222
6153
73
8
8
96
3716
6
37
99
3
8356
400
785
837
17
827
97
95
37
8
80
675
5
899
0104
7
16
6
9
3840
1376
9557
63
3294
452
4236
982
5834
282
14
38
2472
995
2
85
27
14
0279
264
10
64
72
652
954
1773
046
422
570
406
0545
760
0114
009
2
14
784
5
584
653
058
7
6862
314
6519
12
9619
693
127
8403
8
9347
5126
7
5
866
403
7157
8
6
2
72
3
54
18
6382
24
66
8
5852
5404
30
4365
719
13
4596
905
648
757
304
6
282
952
764
89
8185
9165
04
6330
865
654
2676
6
662
56
160
4
814
173
7806
903
4
8493
4706
0730
5944
253
6
2
4979
6
409
53
27
1293
8624
75
695
43
6
93
2
205
6062
369
8758
934
4
374
6
8063
597
42
10
48
894
8972
8
3
56
6
16
0
68
99
7
4
5883
2
67
3733
725
1099
25
47
112
3440
4
1504
012
05
2069
094
04
38
3
2
0677
14
7
29
3308
50
6
46
30
3763
93
568
3
8426
6
000
3678
0
500
07
492
942
8
1654
8
2
9018
98
2792
3
87
319
7
43
156
76
127
4
169
665
297
9712
59
69
88
4996
7017
98
47
7218
75
312
49
44
99
805
4
0403
2
194
73
800
962
172
270
0
3
2919
1715
690
342
5966
0
5452
86
98
0
945
65
8
183
0327
24
47
9705
045
26
78
5329
9522
89
3
8
67
78
76
293
156
090
0
7
105
4249
3
20
732
94
75
7
803
68
8
3335
8
87
0
4
2
55
56
08
0
8803
77
7
994
3
6094
7490
9402
6
65
6304
753
4
27
362
4909
0692
4065
36
60
489
50
9618
76
536
1734
2837
8
436
40
6623
2
4
4
7
7993
7
057
5
13
98
3
8553
09
54
693
396
5
96
2
06
3300
484
66
56
68
39
6
9754
5784
20
1884
3
7249
17
316
4
713
269
123
67
1890
027
72
9
1645
8449
2690
289
7
3337
9
519
32
363
4
7
8433
4
295
2
836
798
6
17
9
5188
207
3
7943
7
2
984
394
7718
3895
85
2
569
8
418
2
2
7
5
3
489
683
6324
6
753
4
4
4385
94
593
3
2
557
366
9897
0826
949
3
3097
7170
8
89
8
393
015
358
97
92
8245
6418
46
3
498
07
5
6390
65
0
0
6
83
9546
3
68
5
87
894
463
8504
4
8
2595
72
944
95
4
3
837
5
7
2
110
0130
66
1257
4622
7
7
7
18
0317
372
3750
16
316
129
743
28
9
229
0566
68
7843
9
246
940
8955
576
9
05
7
13
5
45
53
1219
068
8149
6
0
455
683
965
6
24
2500
2100
7472
7
0082
199
637
984
697
7
087
9902
0812
84
6
648
0
29
9
3
4232
8
705
3
390
479
1445
0492
4
6
6672
4169
918
7954
97
0
33
5
6
7
9
318
88
379
54
93
92
8
759
6874
27
5807
634
490
4445
273
2
159
744
7220
3
7737
7
244
29
4519
2
043
9134
7044
08
748
484
5473
8
75
44
0
2
234
89
156
720
9
3207
6330
932
39
5974
010
9
5090
6954
902
645
904
7677
7
878
70
88
4
8123
22
4
6
8
569
7673
23
798
942
50
667
6
562
2
826
6
60
0
88
329
17
349
6796
10
255
8
2458
0209
3
65
778
4
756
6
88
055
2
5872
1407
63
0508
7
45
3432
8135
8423
923
394
2046
209
18
2867
14
325
584
824
3229
82
27
09
1622
7449
7860
6
2
7474
13
59
4
8114
2
169
0
705
1597
808
269
2
8404
48
1103
10
2
8118
43
5120
2
6588
3470
8940
6
617
5
683
602
904
5
75
78
0037
7416
66
25
29
655
77
7
1406
376
24
2
2
8
092
23
2
9
92
00
1938
56
5
48
452
1580
5
05
7353
1830
7948
6893
4
4549
7
4949
6806
56
888
23
08
438
7607
4
8126
920
359
2440
3239
430
54
7357
78
68
8262
04
92
1182
849
7
9873
73
293
88
584
914
56
7879
9
45
644
8
0987
36
7
7
5
3
649
53
4593
4006
5347
5780
108
8
0099
5972
05
379
72
185
9
53
5087
3722
320
6
2993
0
4
0
627
4445
5330
0
3
08
8
47
3
3969
4
756
70
120
07
7593
8566
02
92
325
6314
522
6
2742
62
2
4710
8
94
60
8905
8328
09
12
7
0
75
6
84
4
3
5089
59
0
0074
4
519
8
74
6
2754
6
2239
2
703
95
9
2
48
24
9
52
12
9
22
68
86
4
44
948
040
87
1913
029
438
948
379
25
13
2176
53
7
9744
67
726
9
1953
28
819
8
32
33
2462
73
1025
7845
7
7814
6
95
9863
074
8
862
9
375
2614
52
8553
260
758
4666
66
8546
0080
2
8964
62
2
3
0
66
4
84
66
66
48
435
8663
0
4533
6
3844
74
28
180
6
5
356
99
210
8263
9
78
70
356
4
129
0904
2
5626
132
9049
45
28
6937
5752
77
8473
832
9
5
9
97
739
0
94
546
642
1283
98
2558
5
0835
508
13
08
336
3594
28
9355
9610
35
1226
18
2
2
7862
5
1144
0148
6993
208
797
614
1509
7700
9
195
898
8
79
300
67
2992
96
450
4
5
3
29
45
13
6
7
409
69
9669
90
9814
1929
8056
7
6
70
776
543
76
7343
72
720
745
9524
2955
15
8
7
175
364
348
538
96
79
17
3189
6408
8599
0
3
47
72
15
8683
6
4685
05
7
8333
30
139
6189
57
3
16
788
4
9092
9658
2
748
53
69
82
6773
70
1307
9
3
3294
9
9980
78
7
624
98
8
9419
4
700
93
24
87
286
25
56
746
4
65
3
69
95
2
6613
9
32
3600
6968
39
23
7954
39
4810
6
593
2
25
287
8
987
82
219
4524
1135
670
0
463
290
3866
632
842
259
030
5
6
98
5129
42
9588
9
8956
4488
2212
527
1840
7097
059
6
38
7036
854
3294
454
6
6
23
6
4852
987
4604
980
4
7496
5
844
35
7
09
585
9
87
910
35
187
4
0366
7
8
870
07
65
88
7557
7
728
3998
00
06
025
623
43
62
404
04
9673
49
565
567
223
5
648
00
320
3
564
896
8
8389
8
5039
2
8188
82
9
5897
104
55
76
58
460
87
997
2
58
06
54
5800
0
4357
42
4
617
4248
49
232
9
4
8930
3
55
7682
4709
9
35
6169
5966
7
3578
6607
0
570
68
82
02
4
367
7154
433
86
60
82
0
5306
28
270
59
18
773
3
7226
0
00
76
0895
70
08
963
6370
459
096
8292
37
5262
6768
409
27
86
4379
6
3897
4020
4792
63
7
0
7
30
7605
7
5
0
13
714
6752
8775
819
1954
993
7
0574
78
8986
14
9
5314
4
0
954
69
134
0
3
2
2
7
826
358
738
45
176
243
2
9
763
139
559
0519
452
792
2245
6
63
3592
98
688
78
8
5
22
182
513
450
68
03
3
4787
145
862
9958
33
3676
418
52
080
8246
0226
3
8
0
0
40
63
7
3602
8
2
9
8289
843
6
5
24
20
0529
5
755
706
132
9005
417
2
730
3775
644
823
9
1108
80
005
4238
260
0016
3728
703
79
1828
688
8050
60
9
5
37
32
087
57
0
3309
2556
00
242
6
7
278
78
0329
7490
2215
720
99
68
3028
2510
89
18
898
9339
9
0338
313
0472
9
9
5
2606
4
7888
416
4
3
8999
1273
608
63
314
9
12
504
24
8
35
56
115
780
89
6193
589
69
208
5
4724
6484
7117
3
99
8689
9
9
5744
594
623
10
13
60
1632
782
92
5
2610
190
3304
6
724
6
3
77
658
2839
0992
74
63
77
13
6987
99
760
245
9099
8026
795
17
24
240
24
184
76
793
23
47
9
3574
619
7694
5863
4
4
73
84
233
5343
429
27
65
5
506
86
74
57
6
7844
45
8887
0
70
0
176
34
6345
503
1165
383
0808
9
8744
579
790
435
3
00
155
8260
069
589
180
5255
3
573
96
7460
9
69
7
44
8
176
3188
2
0582
29
0
0
5
736
6285
2994
3028
4
516
16
512
1046
7
47
05
25
6
99
69
9607
39
67
7
913
6678
618
3692
0
399
0806
8
66
8
975
6
39
4
0
7298
75
0
0433
8
252
13
340
1352
5
0552
559
4
0
8
6
3
373
456
80
10
3
63
4225
177
8
83
97
44
496
3850
9142
215
0
9030
9
5
5648
49
4315
2
8
1022
83
8
85
2310
10
3496
396
9
4543
7602
7
3
0
8728
2
63
127
362
34
362
0
84
073
19
790
3947
2
9
8047
983
0362
2
65
8937
7
24
8
50
14
804
450
318
907
496
05
2
06
9
9
8584
410
9
2158
0
852
483
04
2
955
507
5193
59
569
2359
0172
08
50
4568
09
93
626
0265
3
84
9
4
4574
74
5450
3508
9
2
8
18
9
563
9
945
2422
4
60
9
06
4680
120
67
173
9
097
8
19
2
263
190
7
2732
1665
7320
59
6650
6766
23
2107
169
0267
919
4
6686
6
12
0
7694
012
40
7
44
2
4
7162
05
0
2
596
00
2204
2
23
9560
74
4
3
53
550
10
8
74
638
676
50
6775
508
0688
84
59
74
9172
37
462
5970
3099
5518
084
6
0305
840
8
5
3
040
37
2959
5942
129
0760
384
15
308
5048
1242
995
476
8
3190
30
86
749
62
8442
8832
7
38
2
84
6526
915
6
3123
2
67
02
26
16
03
928
1765
75
3
45
956
88
2342
584
35
8066
34
6038
2
489
5
6793
0763
944
8
3607
5852
6
407
4533
9
5316
17
47
0687
94
8603
5256
34
7
2
49
500
326
3
77
4974
0
480
67
9870
5999
6
412
890
35
22
299
905
573
3848
00
657
8
87
2890
25
1457
7
2295
016
70
3
099
9
9906
187
32
8729
2
57
008
05
63
9
595
090
42
9
724
72
4226
12
3
4
96
509
3196
0
6
6
8
503
4979
63
2392
5666
1436
0857
49
683
98
04
5
9352
73
788
2296
8
824
79
958
0
27
737
8537
968
745
3
4079
460
79
8
8050
303
8
42
9153
033
8
8
99
4
0898
029
9
73
52
436
74
98
1060
784
8
0
9
877
17
797
7
0
2
2179
04
90
950
76
2665
3107
97
3026
6
8
0
00
074
883
8363
510
50
739
86
3345
19
92
9650
34
14
4
2572
69
8684
4076
958
882
15
114
3466
5
723
9378
8685
434
17
5112
23
8917
72
7277
4566
2015
6433
3
94
06
7850
6224
4355
448
3194
439
0564
43
694
8
4
6
5806
175
7216
2
107
55
6
0
727
87
26
5972
7
387
7
559
5
04
4264
569
38
8466
206
19
604
14
7
20
3195
522
2
554
6635
02
26
693
6
094
34
6
9
509
7
3968
112
164
509
88
5
435
4536
016
556
542
3545
7
385
2
7
6
4278
494
106
814
89
96
32
9
1252
243
23
13
1820
344
7122
550
2
2593
514
4416
06
7
564
83
444
3028
6123
8980
1849
375
62
322
10
54
1209
8635
14
69
0703
87
06
6565
642
59
4
4018
4
690
372
4
0028
25
8
165
0766
5376
283
04
595
95
439
9287
7
3
74
65
64
8
714
670
2
65
87
2
6528
65
4
85
3
133
68
310
8
34
6
6
13
6
5357
24
3717
17
16
5565
23
436
80
4
033
22
0619
3
269
5
1516
9
96
34
4
5080
8015
86
7260
0419
7
93
149
7719
9432
406
278
5889
96
2
97
23
1828
4
105
2
6210
08
3748
75
8236
4
874
6479
8
767
517
3
29
2
6096
3046
4687
6
310
38
418
857
7
9
52
7687
475
7
7079
0
32
4324
4
879
8
6
79
825
7
3117
22
73
12
099
539
84
413
0878
6
0
59
6937
460
3193
89
197
134
2
9493
9
604
33
935
894
6
776
2
4
2459
7
86
8062
4
9
45
8
3
6
67
6
414
68
4
83
7582
9
469
4
087
792
66
0
404
4
632
553
32
35
757
045
6269
6
239
6
2
4108
3
343
7
33
107
7384
6419
68
8
9186
69
6143
127
79
9
66
605
0132
1200
949
8324
3
070
326
162
30
29
66
008
5674
874
4825
02
608
2
8
33
9962
05
14
9
8
0
139
7605
20
1767
72
014
08
1330
298
6
3696
0
2
89
610
8
95
97
3
6
27
7
9
6
8357
43
3880
36
307
57
30
672
152
4
3
799
35
750
9
0
8122
7984
0
399
013
76
0203
2
852
800
028
8
5
2685
608
75
54
2
5657
00
297
40
09
77
2592
47
63
09
9
6
8
856
076
2075
3
766
6
7213
803
8
90
909
44
3
2919
86
34
1998
3
5
67
6792
38
76
3778
65
0
742
4
20
00
4674
3212
4760
589
4969
255
859
568
0258
8592
113
6
99
6
5679
4
6
8
32
4
42
4236
4
959
2885
2107
6629
4130
7717
3
062
500
38
08
7032
7589
15
5014
973
9163
153
520
9
9
4
366
7623
29
33
67
3
909
5
0
4
918
0063
9
2
7
19
0698
7
408
1897
0
9
9
2965
0359
28
75
0007
3292
6373
4423
57
5263
0
428
40
9
96
4
178
8
502
3
944
640
3943
86
4
2098
2
0
3746
82
84
476
7
7
586
7044
1164
0590
92
1348
1216
877
752
580
6723
1135
6
6902
72
0302
9
040
5
4
497
6420
6
9
6
2
588
070
36
74
90
12
294
3396
15
3775
723
246
432
292
6
0
3818
85
569
3767
59
73
8238
969
053
2
2
4
1212
1303
8524
4
240
537
0848
9327
9
750
582
0744
7110
560
65
464
879
89
86
62
5554
9
6922
9475
28
6
23
2232
3550
0
762
642
87
7
3722
7
33
8223
573
42
33
2
4
0716
52
0
2589
4
513
79
18
614
15
4
0
6
6
3638
14
1146
543
1268
89
152
770
757
86
68
7
2300
04
2
60
1620
9979
450
9
5309
4344
73
17
994
6
379
15
3
40
70
5482
398
555
5
357
3938
448
4764
992
6
9
42
74
873
7290
799
2743
16
6
2348
4
547
74
074
2746
8996
22
0
6
3337
28
67
5813
7
30
520
8
2720
6799
8378
058
72
2
570
0
34
2
84
905
2
2
8
8005
70
0384
879
7
883
297
66
028
08
0
5
470
2
69
8537
7
07
748
9148
9498
2800
7
516
4
968
18
436
76
6
99
269
6577
907
2412
17
433
7329
44
430
9
8
172
3900
9
7263
3752
7
929
223
719
25
6730
06
0
5
4755
16
7
6
0
7
72
2
645
84
2
9466
0
520
5
37
913
48
9770
74
5
59
7
22
302
312
0755
2
0860
7
20
68
5
9135
9286
42
5
776
2722
5
40
257
6156
6625
934
0
6814
268
48
93
00
3
4148
2568
93
70
779
90
8
0
793
48
70
370
767
53
62
0
714
8303
620
5
9800
8203
1049
58
93
813
6612
97
9
9400
98
6
562
255
687
069
629
9829
5866
4
0436
65
7
687
6
03
4
6
0
2
3
00
240
669
22
5
90
795
66
072
543
6416
3
58
22
2338
57
3
0104
9
4748
3536
2
4
5
68
7928
74
00
25
1186
27
0
40
66
069
3405
8203
28
916
9807
8
34
57
546
389
6
62
348
1004
08
67
42
235
978
5
860
586
8910
90
2
140
8407
14
72
586
8618
447
06
1555
89
157
1609
3839
187
898
8
02
322
2
7715
12
1600
6
980
952
833
6317
028
470
75
8
427
433
723
0
594
043
05
4400
98
3
40
9817
1545
45
4
335
6817
35
946
285
3
29
0872
40
9829
9618
2143
86
2782
458
0
45
2
0
0
1664
443
240
5
413
0
5
6
9918
49
69
73
725
28
25
2578
358
30
1250
4
10
2103
24
1588
649
49
9
0
2652
512
036
923
77
0
80
724
338
74
6
9632
15
305
2
5
8398
5117
165
57
276
2269
32
554
0
525
547
9
8326
9640
860
9
582
683
0
7583
042
6046
07
3
5
8168
888
84
18
5
4
9
5
87
3763
543
47
83
36
0455
845
0620
523
63
366
9478
714
990
3569
460
6916
1218
457
138
90
2
410
3059
4
60
2
5
630
02
23
226
0
86
328
9
4
2
0489
475
958
4473
695
7
4
70
278
020
8
63
8328
8228
136
2
6
10
364
49
99
7
40
4
6
0
74
23
87
5
6075
7105
6
33
3
0177
570
494
6
7
57
065
3790
380
188
84
10
304
316
156
4174
024
6385
689
059
007
2
1890
63
479
630
9
6
7970
8
7
9428
3
777
093
27
60
00
5815
535
9
720
258
5
2169
8434
300
1409
28
32
593
6883
209
13
8418
3
503
820
7640
0
50
5
2
2
05
687
7659
087
72
2302
8282
80
3
5719
6908
6
4017
5
0
403
22
7
8990
2189
5
074
7
7
788
4909
78
8
1634
146
8730
5965
3339
2
6962
5
74
660
59
46
8844
97
1107
5197
3
08
87
170
5288
402
2
1715
07
528
134
5
33
6
5658
7
0983
0007
6536
2
3977
5
9714
80
146
07
853
2
78
7
6
3
232
3
9539
2
3
8
633
6
6
3
4
6
93
2432
4
818
42
8
97
63
945
57
39
53
0
254
07
4549
42
7
8826
9
2418
4
64
2
43
2
297
095
2502
80
5636
68
75
342
57
8016
16
9915
7
73
8
6628
2
8964
0
4190
743
108
5683
17
78
53
3
4
138
1558
32
55
6
3
927
90
895
4
6139
0735
079
897
38
185
4813
3
90
9547
86
862
918
06
237
24
7233
15
5193
5719
8274
3
66
74
458
9143
13
490
95
278
1657
2
0
945
47
3
2818
7218
9
058
5893
7
389
6
995
6
14
1998
50
3119
09
05
955
39
664
7
9
7
269
8
72
6
1283
55
788
93
8
2
602
8354
5690
6083
123
05
9109
7409
92
744
5
2989
16
85
7808
54
8433
36
4
4
5
862
8
6389
1110
5
5
725
08
6280
584
6
5855
644
80
00
47
2
4
13
2
58
115
96
55
9
8348
256
856
3526
2
5719
514
6
146
6
46
23
3
020
0105
25
1579
0234
8057
594
23
1743
19
216
5015
972
483
2
890
232
590
63
7
83
600
2
8383
5247
687
8
4
6202
247
6839
2
45
3
398
20
95
09
092
982
3
184
0
9
44
97
2
0
356
504
7
1939
2958
0159
2
566
0
088
4
2
7323
0053
497
5159
1154
97
4672
3746
59
868
865
93
475
95
16
7314
0579
6
65
1290
14
8177
7
3547
8778
936
0
3123
795
227
5
143
66
00
450
0
526
6
13
5860
508
4283
1587
4466
5314
83
08
3633
6
2
3609
5612
2
465
2400
390
4975
8
9
306
254
9
6
995
1197
43
299
7323
0648
682
0044
8320
0546
295
113
7825
42
638
704
525
085
4
48
7044
564
5
3726
73
969
8
970
2672
2530
7
2934
33
72
5
224
42
5488
5583
7
52
9
5725
4052
5766
130
45
97
276
86
12
72
896
3484
6688
3353
327
70
98
1314
09
86
5
3934
36
542
743
1420
015
99
7193
5
6347
19
85
24
6385
4712
2696
3
4
5344
0148
385
4507
044
078
678
923
545
3496
66
2723
44
1264
8
226
798
106
06
973
506
9
1920
4
377
78
6
4
86
0746
9
185
338
1479
207
1757
12
6908
1357
2157
4
052
9
3745
368
169
572
950
0180
65
7667
2
3578
0
49
0
8290
9563
12
7
2359
1259
1286
836
8
90
4
72
9
214
9
698
2
818
04
040
65
857
5
4
6
5
0
666
5
0
794
6683
8
3
322
0037
44
9
3902
67
0
7572
508
6265
556
24
8973
33
465
587
5
5
82
6
820
1432
5
264
6
3
6
689
406
903
327
46
175
0
2
5048
089
758
464
5912
2217
2
37
0
12
35
7165
175
56
48
6780
4112
809
067
33
4
9808
25
8
4709
2588
2540
4
794
8
9168
8216
3468
8
5964
3692
6218
3
905
7
373
4
4
800
9959
38
44
354
2198
986
917
040
594
64
7202
630
744
8
5
146
698
49
538
687
018
414
15
6098
89
3
64
5168
138
334
8
0862
77
8
354
0256
964
436
77
4
190
9
87
7
9969
3
629
335
222
29
99
73
2
454
8
353
808
82
744
0
86
3
7
9505
78
5359
79
4385
3560
88
7
486
49
79
40
3130
8770
174
2
872
85
3
899
249
7809
1254
33
90
3780
17
0
84
04
5
085
94
2642
869
3727
750
543
524
0
3366
24
0
8584
167
9684
2
26
3706
3757
0
7
16
769
816
804
198
7
675
2
9
275
08
4168
62
4
6
362
04
1920
46
0422
444
87
8
5
25
43
58
0254
6190
276
638
8154
0826
5
5142
3036
9
4124
8872
6
1678
9237
9015
1010
4097
2
570
98
7
50
83
72
4
84
0
5
0
8134
20
4
9
25
8
7213
0
17
4
9565
1650
237
6800
8940
7
7
705
2070
3415
63
97
3365
8462
9066
90
2708
6
7753
67
5038
9906
990
163
5
9
299
6
9798
0404
056
0520
2555
9357
7118
403
3709
4027
6
83
9507
4086
5
6
6
236
1682
517
720
5030
544
6
937
0384
5
9457
082
2
8055
0
52
628
1085
9072
94
4330
29
096
9
8548
5519
0
927
7396
048
24
5378
02
9306
2129
9503
693
919
3
83
5
2
92
7018
7730
0586
665
8
597
0735
12
17
360
2563
5
3823
17
02
000
94
2
0
9252
65
7658
158
396
270
980
8383
2
616
5
70
2447
1106
7190
8
518
1608
146
320
9
39
613
69
7
07
0946
9
866
9
2
717
3453
0974
258
13
9
3
30
10
38
723
9
2733
0
68
967
4
885
4070
6399
44
7
48
6793
7
917
4
8
85
422
160
8
34
5
175
823
336
2369
79
93
05
390
7536
7223
2055
03
8739
6495
0
5
4029
7
120
36
82
54
534
5
139
8334
775
3323
847
1433
8
2592
9325
747
383
4016
1076
853
70
0
7575
59
0
5
640
72
9
9910
38
06
970
258
160
48
86
3
44
829
7513
8799
43
7730
5342
108
7563
9186
940
5
475
6
8
78
4286
334
96
50
1570
102
5
4157
473
062
0439
6855
5
6
83
7
3
56
394
7404
5
7245
5890
36
055
7356
30
8714
3073
4
0860
9127
7
8058
8159
90
534
193
199
7
448
732
898
995
8
92
8
939
2966
0922
9
7945
05
0
6
615
80
628
67
8810
4
4248
0239
17
0480
8017
3
817
5736
9
46
936
5
97
8292
8
1498
17
6094
2270
7877
6
62
738
93
28
4
400
93
7392
6832
17
7
04
85
62
4
3
7
4055
83
5
590
4047
9
9
9729
389
46
92
7
6
5
7
775
1209
6615
46
66
6752
99
72
7
3176
76
4
4
80
0
0073
508
06
402
8
24
690
6
160
6
778
18
0
54
8
59
224
98
83
6850
96
3
2
887
8
9
4726
066
686
9203
0686
332
342
43
482
9389
89
9539
609
620
9
9
22
2
8
15
7704
538
427
44
305
916
06
855
7
65
299
83
57
024
2792
285
82
079
70
30
8
4
425
4
4
7106
150
19
98
0068
389
9
4
692
02
550
12
814
853
292
6
5
0
2
8
248
87
868
3144
48
6
9
87
8560
8
53
8405
15
236
5250
1310
914
7467
7
2
03
240
4765
4
1556
22
888
128
73
949
22
979
96
369
227
8324
357
546
16
5815
4
6969
75
126
529
95
9598
684
22
8074
86
2252
4106
327
0
073
830
137
10
9
40
838
17
76
5
9972
2044
4
2
557
8594
3
5
75
00
4
600
812
5640
48
600
0572
8310
3
9249
72
0827
7446
55
159
929
65
810
43
76
287
018
309
316
8
7
83
9540
23
4707
2
833
338
4
806
7614
019
5585
033
734
8370
0
9
96
34
7
092
972
55
175
4367
29
0979
65
9
45
237
6798
4906
798
4
5215
919
82
9
6
37
4475
6890
330
534
548
8409
8
7900
5810
9
93
93
7083
8957
5326
09
7
3625
323
50
54
0733
6
9
53
9
9235
6
722
9
1688
285
9830
2
6155
010
0309
44
0057
196
687
6
2468
2
93
66
7
352
3009
6502
75
725
1043
8402
25
069
6898
25
415
0209
7545
437
364
0947
79
16
67
9897
6648
042
19
8803
4
2
0765
6348
638
83
4534
9
63
5
5
6028
35
6
5
625
9
6
5
2699
6
8
02
5
589
0
724
43
6
4
0848
50
57
836
7
0287
4904
167
30
9427
6750
489
5950
3
5
8
87
570
8
73
35
7
9
522
2
492
386
80
1309
132
445
7
6176
05
8
154
16
099
22
033
54
36
30
228
198
512
8
18
995
237
0
4788
8
59
96
15
2633
2208
46
88
9820
67
387
765
32
364
19
63
953
5497
1297
344
903
803
599
62
350
9
047
74
04
7637
8493
0358
8
299
3
169
4570
82
85
2337
5872
34
07
1095
634
947
95
4137
40
617
69
8
636
3587
8
8
153
0
477
10
43
3
0076
072
98
9190
089
224
743
3
14
1103
0
44
78
0986
3
86
4180
83
06
3938
47
96
9347
69
818
76
192
0829
9025
9
9
24
46
9
47
8
50
78
8
810
768
589
1940
85
2
58
7419
2
97
77
678
7
3
7010
359
250
607
6
5612
602
82
573
56
9
9
7263
47
908
4654
72
259
5
454
34
385
8694
1518
3
4729
0
58
944
5570
270
7802
38
00
7
673
4
7
8
784
22
5642
7
423
73
8
99
216
88
255
7980
0070
99
962
4019
0700
250
5
85
7
3
567
72
8274
0115
02
2279
77
72
3
6
5
95
000
40
668
5
3
5199
996
49
0
7668
9
23
23
06
607
2016
47
827
72
2762
6086
009
878
17
53
667
1808
54
1224
683
618
36
2
087
2
3627
27
7
38
413
09
732
9952
98
30
0073
2
8
149
92
6164
9
49
816
0758
249
387
6
9266
95
4906
8502
5126
603
0
045
4717
3
837
215
37
93
318
3979
0
9
162
25
5
57
9265
9099
0339
884
9170
8798
73
704
442
8539
4
72
2874
24
7
5267
0584
79
8
4250
393
64
580
4
5276
879
468
354
5
132
2156
439
97
0252
7649
3
839
7848
556
76
495
13
3043
734
35
66
30
55
6137
1569
6186
0527
09
6652
5680
553
3
85
8953
0152
4775
2730
7723
78
63
16
4447
475
30
28
46
1210
27
4479
993
8400
2
323
12
4
0
7
9170
04
39
27
58
895
054
58
69
8753
779
33
4344
5
9843
454
1358
5119
516
314
67
859
696
2
7857
5
2006
045
5
229
242
93
858
09
0065
3
1749
14
2469
64
5
86
77
670
297
9
837
9
174
84
6510
3305
8
462
1286
367
3532
25
2
3
90
4713
92
59
9708
2003
80
8
4
28
2
7024
1
89
4
32
8
932
0660
4609
7
955
78
2
2
4
290
6928
49
53
790
890
493
18
6490
2440
5
56
3
1410
49
2
9952
2027
993
27
3226
5788
243
1526
3873
168
6
163
946
133
00
24
295
55
57
0
56
9
03
4158
7980
9
2426
8
23
4023
9
065
7666
90
7960
2660
2
9
269
04
9
664
108
606
800
5460
03
93
006
5
2
298
3068
05
49
150
72
154
7
5
5825
752
2
97
50
02
8
3468
862
1508
1163
0
8712
94
906
25
1122
369
95
1678
8344
38
197
8704
4576
0
0
3
2
39
80
9515
692
9
2563
6
22
14
365
8
5
4777
426
035
9
655
8087
386
1102
9652
19
104
62
3
172
2
554
946
8
4
909
992
7293
956
820
13
78
4480
164
8705
842
1847
374
02
689
2
33
465
2070
2
67
3804
30
2458
316
874
5589
0
686
4568
4472
3767
26
4969
212
1619
8755
720
9
73
0925
908
382
90
3392
65
9743
846
1456
8
7
9778
419
66
3
4532
183
13
47
85
9
084
45
0
6008
88
2
566
2664
1564
52
5
02
900
2
4682
30
709
16
619
8
869
5
2745
6889
5
7267
74
799
2
2
69
8894
203
457
6936
53
218
808
244
127
75
8945
7235
48
8687
83
14
9
4005
78
138
067
007
85
149
5924
24
4
05
5106
9439
6328
20
83
7
5352
3
489
6866
89
496
38
335
8523
12
8
05
8
124
82
77
738
934
9935
9
16
3
8
44
4
118
270
519
36
72
6
10
9566
0132
84
3087
4
2093
6
0
0242
5
95
6406
4394
7539
08
47
348
9
66
4
5
4
6
1343
2037
5788
07
30
6286
34
39
8239
6
138
67
2
846
463
6617
0
2
0
23
446
64
1409
2500
085
008
77
0
12
043
65
6
172
8
2
09
9
6
1093
566
88
13
6
2198
43
0
664
8
083
69
170
17
6
6
832
39
9238
502
5
262
38
3585
9397
93
4284
95
013
1879
30
978
284
22
5
444
57
0643
590
910
93
994
0
4348
6344
92
3
20
6
57
04
9
1684
112
772
8096
0
96
0
999
146
478
45
85
7
9
192
7056
5
214
4449
44
15
915
58
30
26
14
4
574
4
370
2
8847
7
2729
273
4
8
49
817
6
5
93
3
500
905
42
56
3
705
94
898
370
08
3
2
065
0980
265
874
50
260
990
9
6026
0
2208
1559
85
68
5
6
8167
674
52
56
33
899
6
12
8848
2322
3975
4216
97
07
6306
27
09
307
3236
715
25
295
4208
268
956
6
0350
3215
8495
329
00
0067
4
7866
4577
82
06
0
3
555
67
120
36
0487
19
698
0730
2213
6
5326
4607
9166
7
84
63
5828
8346
2893
4750
4
9
2203
690
95
26
394
90
3873
47
5830
428
4
35
6
9485
635
064
55
28
5085
2
55
1557
3210
046
39
3876
9662
52
38
0814
2386
37
5180
96
60
6434
86
2
6464
24
23
590
4
63
38
1878
99
5410
3055
442
34
72
6954
097
50
602
7
42
4
1619
84
8
43
3
5
9
605
340
209
5
465
5
25
05
8
7
914
6
004
9
2594
0603
276
208
538
370
9722
848
720
57
929
3
4120
00
40
69
9055
959
8
2964
4
2
5377
6524
7557
3
5874
36
06
7417
6
310
87
419
2209
5
52
60
6
9968
6802
083
356
10
8
339
735
4
952
98
3065
2
722
08
4
6692
79
6763
4
469
3
90
90
3
7966
623
2
2
1496
8947
64
0
1699
7772
3148
783
39
234
42
0
5865
83
94
46
403
6652
8407
3826
5
614
885
462
7
4847
4
77
5
85
275
70
862
878
255
4
9929
503
708
42
848
3
67
5824
8825
5
5
0464
0
48
7
68
2966
7
4547
5702
7829
518
75
417
065
5675
9614
80
0216
6368
22
24
418
6
9
3060
377
2939
5888
0715
08
5
65
548
05
4
5
516
70
83
05
3206
17
2732
5106
6286
3
124
10
3995
084
150
5563
4318
9
09
9
3328
50
2306
7667
780
22
335
334
8192
2
4
232
16
0
9458
4
879
67
83
2
0009
64
022
638
78
5279
95
4618
56
6726
8
6
03
129
013
80
10
9773
3
27
86
192
5062
8
5
8377
5844
76
3035
4667
895
54
6
4152
7814
6
5329
957
09
0867
307
900
690
665
604
7
919
2
5
22
90
8
89
86
9
89
777
7399
6279
56
696
5897
833
9
4453
6
083
0
634
735
510
662
2946
52
180
482
9
55
4
940
54
2
86
9
714
4866
6
3
5
938
2072
8
419
734
293
5
7506
7
6019
7455
924
624
08
879
544
7
0
2
79
94
829
993
247
927
76
0887
580
0
40
9218
0400
19
880
6754
4
126
55
89
96
99
00
7666
4
50
026
30
32
505
5733
84
5
24
42
36
7
30
8
4914
0
424
3
5
365
7525
8
2
9969
8247
20
3874
1980
15
26
7
4
7
414
73
5223
9
86
70
6347
5
5143
28
5
6523
0547
9
547
32
032
430
429
20
364
2
9
7
6845
0237
07
004
489
8
2090
0
9030
052
5779
9678
44
32
97
4512
5512
5415
92
073
10
20
5219
326
4
9608
579
9
0137
3494
396
35
5925
09
7
195
80
864
122
0
8345
99
4089
29
9
985
56
99
89
513
3
0144
330
848
243
37
687
8
3
706
3
09
13
3038
415
005
766
733
3426
0197
9
540
960
5785
0925
29
0
653
40
4
74
0873
3
5679
28
363
628
5
896
292
833
9502
0782
5
7
6620
79
8
5
3732
712
5
743
586
9139
66
316
1503
7060
2038
1089
0
900
6
27
40
5
93
449
9544
8434
1538
94
80
3992
2
6563
05
24
156
2984
3708
9078
0
713
387
068
1624
25
7010
3210
490
6
92
449
25
5083
96
2692
7
86
397
2
6414
2
29
1453
9
26
02
412
4
0602
5
46
82
25
6857
45
3
4
0
166
7419
6728
2725
4
186
0
1554
82
88
030
64
24
2
8399
508
905
294
43
1410
124
624
575
7
530
6094
113
330
62
22
1226
9354
6870
5
4714
2783
53
0858
8942
8
3985
4323
039
9459
204
3798
8
8
54
4
2333
412
8
15
7
07
8
8233
2190
9
3605
5
00
72
58
8159
24
3919
856
7
8232
1067
465
86
6666
3
268
2
0
9
1554
8479
608
64
33
5
8822
55
63
4
279
9216
5559
5
86
6
128
495
008
195
0
2134
993
0
5
3234
6698
2
64
4164
09
313
2
766
650
6
5952
9107
32
33
080
17
5
57
90
19
4
5024
99
2
0
40
4
4
520
3115
4440
6
32
1169
20
374
84
3395
840
038
4613
6
98
9
27
94
5646
8
813
74
9
6
5
4
6
5
513
6969
4134
03
6
0
03
48
9
78
1690
8737
8873
0
763
5
9
06
15
2
568
39
497
4
54
202
9
43
6913
0
0
7
548
7252
698
332
284
4244
563
94
9272
444
8
7517
4365
593
7313
83
587
59
69
10
04
34
8505
72
0
57
1602
283
942
8144
65
860
0122
96
7768
089
2227
865
45
405
7055
9303
619
047
3714
48
60
73
060
737
2
0166
2
15
26
9354
876
994
5375
40
63
6
30
9
6436
634
5218
2
7
25
32
633
73
2798
8
7
70
3150
0784
05
13
3
5476
38
383
90
589
0267
345
3497
12
9
160
6
093
3
8453
45
9
59
8282
1653
27
898
383
39
23
6100
2489
54
12
67
72
7610
899
8
987
943
6
053
713
6372
354
9
72
444
1097
156
3
83
8764
3406
4
5222
1888
8926
08
8
9182
4
726
25
832
6
4
4
60
79
99
6058
3
53
3
1338
62
545
26
194
745
5
0239
68
7506
14
0978
6522
7
9685
2880
53
342
7556
67
8469
1935
50
79
2
0195
7
604
05
7
8
457
40
4555
3
620
3
7873
2237
7078
89
44
5297
75
442
519
553
6
7843
2
329
9518
7516
654
088
497
8
6893
7739
4466
1140
55
9
32
7
46
592
6005
20
3
4
705
1873
6
902
7
813
367
830
47
924
8527
709
0217
0364
046
3
3192
053
7
436
160
85
625
3
37
95
9
439
5935
7172
53
528
30
42
80
8
57
8
779
7896
12
4712
9895
9
9414
46
77
188
495
2
327
035
5
06
2
89
714
97
3
8
7
27
3855
00
3
98
149
5
5899
6
080
69
2
83
25
17
863
97
873
3
5
5
6510
59
0
6392
8813
986
065
73
1128
565
748
435
2
5318
6
485
64
6
69
5
198
7228
16
24
36
3
5
8050
97
7
3
8938
78
46
558
7
4
10
7585
75
7359
0889
2
50
8142
948
683
3758
050
03
3893
9
43
260
67
69
95
3
927
174
1914
06
3
798
984
480
84
6
377
3
8
48
914
18
5662
8
5
370
48
4
150
64
69
0
266
1477
178
4
855
48
33
795
77
0
3
8760
06
4729
5413
865
8847
6188
508
585
290
4
166
0
1474
3616
7767
94
967
3779
22
28
68
528
0673
6
35
6
85
2665
53
5
47
70
18
9264
44
12
7163
657
770
5
9870
852
517
5
702
4162
7
75
037
9663
472
4
66
7
99
8
7
7065
4
895
5659
64
177
12
1109
150
4
3320
854
5116
1926
04
385
2
5
672
5330
5200
2620
2010
4804
8652
96
947
6994
5720
9
89
4
2
4587
23
8020
7
5
033
785
2829
7
5
4
24
7926
0
252
23
12
896
48
1155
2725
5
9568
587
4495
372
3
619
8888
1992
08
3052
0829
5
6
5
997
4569
119
9525
46
188
685
2
6010
8225
8142
0
0
4722
833
793
2
558
5917
33
9
4584
28
358
23
220
0
89
986
464
3
55
624
0903
7
485
1899
613
1904
04
5
44
73
8
7
2215
3585
20
9
319
1406
295
9643
9
7066
299
5358
0
6
6762
5
95
49
7
177
30
4027
15
92
8
3950
07
6
369
8
3
3344
7580
775
3
2
4
4700
2249
7285
72
543
009
2
588
4
2785
6594
506
22
9469
35
7
835
9
6
3510
987
822
0099
86
17
50
8
36
058
323
1622
0396
5
530
90
0658
299
414
5
34
4
765
0489
330
546
2
67
8954
2160
3350
62
8
795
8
6228
450
309
2175
983
7697
6
1219
5
6
65
3837
2
695
62
5
477
2
6
945
2979
65
6450
812
55
2
4
06
99
9
402
5
579
03
2950
2
66
8568
4713
7986
9
9
2
0865
910
4
6
743
85
420
205
6
985
123
9767
2210
7173
6
4
89
6
5
0
5218
676
8
6019
66
6
939
0669
6
0790
2
9
1088
42
37
4034
3
0
1922
178
35
3
1167
0
5
4
3
3
8464
4676
0299
455
3277
2
6653
83
7
802
945
1832
3
6702
6695
806
45
8519
539
2
09
554
773
6
4279
7
50
4
332
95
0518
105
574
18
6
8
02
9349
2
12
6468
3
6
7278
5
4
9
79
8944
6466
0310
9
6592
033
4915
2
0
30
8
7537
3307
0
4843
5418
060
8926
94
4410
0
86
5
3
947
56
16
555
94
0363
699
6
019
4
4145
230
5515
8
3
10
38
3727
53
1214
188
515
0714
66
289
5
1117
8223
763
223
8732
97
16
398
8
77
67
533
7
303
63
1835
492
968
585
53
945
3252
074
363
416
63
7
4
23
6
52
44
5
6125
5
23
043
6772
929
182
5414
78
4898
0378
0
67
97
683
3
53
4145
586
58
00
46
0838
016
4822
2128
8
1849
094
6
7282
0745
9
0
35
0
980
2
595
494
3692
487
586
8
59
873
65
172
673
0
616
44
8762
223
5
5
79
4
17
9
858
36
93
6
2
0
6
99
517
9602
14
54
4
50
7693
8
0
777
7
699
6
643
0
990
8153
073
08
8367
5
0
7
3795
6654
76
4267
2422
8
92
6
12
342
2319
6
960
8
704
49
650
6
179
4
2
606
0424
6
129
107
48
22
763
915
022
2
2
5900
145
093
445
0616
16
837
2
839
8909
452
0468
9
1763
88
608
9
3726
9859
0
48
840
7530
9284
00
3839
0774
10
555
22
4
12
6095
124
7
98
6
346
5
6
849
35
857
402
856
7
2969
8250
4847
5937
437
546
416
7042
0856
8
25
8066
3
3
2
5736
860
2714
830
2
2
372
805
9
3597
8
2509
427
07
2872
9915
358
9175
567
92
47
38
7182
6
9808
0
465
8317
5
40
9
289
352
7
75
58
3643
4
8
9
6
3372
645
30
680
9297
5040
597
2
57
4
068
2418
2
856
2578
4482
9
1555
98
50
2784
4222
4580
90
690
7
9
546
096
5
4
4
0678
2876
4
00
529
676
24
4932
82
075
55
0
07
8686
338
510
0
776
4172
47
97
0
3225
8677
3
7
3
642
7505
30
9
6
4350
1959
149
8806
473
66
439
9
7
083
2188
027
7
834
7147
278
8
2632
7
5794
3
9402
508
3058
237
947
2523
859
20
0432
419
46
8395
209
333
7
059
9
6919
04
3162
3694
548
13
908
89
2578
690
227
82
223
26
850
535
7
46
6
2379
256
9
3
4
3949
4
223
8
4
3314
05
2278
4
285
2
97
4793
00
665
27
78
23
4332
5
9
6
7
070
3
62
02
837
8062
5
0285
242
0950
3655
226
27
668
2
6074
0853
1067
178
2947
3609
22
32
372
8
8
3
86
20
1139
8
00
7357
8119
3913
017
9
7
2472
8
69
862
8
5
458
6369
890
90
5
265
79
03
089
6
0608
232
92
75
46
248
5460
2
7
9180
0
0073
63
285
719
608
2
3
5732
287
9079
5609
89
274
454
5003
0758
2
3
0
07
62
744
6
36
68
7
0364
0774
236
4
0
7
208
24
2366
68
52
7725
93
444
490
840
404
024
3
4
40
157
72
4722
39
80
6
6
1246
677
4
839
1346
4990
076
84
0
3833
3674
3483
79
9517
93
40
0
47
7229
5
264
3
9
6214
783
55
47
90
718
29
434
5644
555
9
0
087
7
5
70
6
7373
78
7
7
0
5138
7649
7
5
399
65
5
20
228
986
08
17
65
2196
8033
2
0613
862
9962
6960
0243
36
8
5
55
688
762
4926
3
8955
4
17
4
36
577
823
1584
839
739
744
35
9
1520
1274
2876
68
4
4
6
14
677
6868
0
026
583
709
4
475
0108
573
9958
0158
14
44
2
394
9
494
0855
7
33
14
05
082
3456
76
5
07
7012
04
09
614
59
812
7
8
9
238
370
3359
273
0
3
9728
8
3
452
73
088
5668
3
2332
23
7
2
975
592
40
4596
0205
49
8564
05
87
4164
8
0
249
919
34
25
42
6
8394
6738
022
8037
6
44
4
347
877
39
970
704
9
559
33
85
6
69
4987
86
2
39
0635
970
4
6
6876
8767
83
7
468
4148
708
84
3703
0576
045
3
3474
8
48
586
66
32
4
8
7
6
3
5789
6486
782
14
1765
7145
4625
228
64
27
03
249
0
078
40
33
95
48
49
876
143
57
6
9
9
0
33
6434
2217
594
659
769
776
18
8
2
0743
54
910
898
098
437
16
433
53
36
6
22
6
4184
564
45
56
4185
665
58
392
078
2
8
2337
9603
33
9
42
6
504
90
20
815
64
06
8
13
22
25
7425
69
5415
9264
29
97
4
466
75
764
5328
672
8
1489
30
6268
3803
7268
0930
47
9
864
7
8366
075
9
2
9
72
242
8256
7
5
945
4
198
3
3
42
4
2537
159
2
1796
015
4837
96
1497
7403
7
2885
78
1485
53
19
3
5
7023
2423
4
07
3
262
3936
767
4338
68
7684
40
4375
63
5802
090
6697
48
2
4
2
7
977
3625
3
9860
466
2
2943
4576
387
829
5
99
53
63
2526
5664
6607
72
35
8575
28
339
63
45
4343
1059
8
65
5
5
80
272
42
352
445
285
699
0
6
6
1272
3606
014
2146
7008
3627
155
45
590
25
09
9
193
0
00
302
58
4093
64
780
07
9260
836
3
9
1656
470
9618
5
6725
8217
1079
3
7
3956
793
17
6088
9392
2920
64
299
342
5
130
47
3100
8
274
4902
34
0
9257
3162
2
754
37
72
5267
7
45
86
29
1720
5
8975
670
83
2
3
0175
9577
37
7
4904
47
509
8874
7
8
175
1435
5639
144
68
0
63
92
0708
3096
447
228
4320
5070
42
717
3163
2
7
06
30
985
740
94
879
2297
493
3
75
3793
816
5
00
9180
2
33
2124
3
56
69
5067
69
695
4
1513
253
6733
0939
3282
7
5632
314
104
2
57
2293
2
6310
978
8
9204
3193
922
4
3122
43
125
854
3118
0
15
24
1906
3
6
965
57
484
3
8452
5719
057
4
2984
90
784
8
170
38
75
18
96
417
0996
47
6
5
4334
464
70
4
6257
12
4913
778
2949
0712
69
19
3
4368
4
638
437
807
879
486
3
0666
493
82
52
53
0
305
96
8
368
965
154
367
07
2
08
48
014
4143
9399
4
07
822
48
135
26
0
53
596
6150
5
3994
3
9
2303
79
808
4
57
4669
7954
4538
6719
5
80
110
3
43
598
3
5115
189
476
87
55
9244
0727
607
25
9555
80
6
125
7175
7
8
4225
020
523
673
1186
8
5523
713
02
3
838
2216
3
877
9
483
0912
4
7940
2
2978
3
5
5
7
8377
6606
484
4
118
8
34
0
9718
89
4
2640
56
3715
0
5164
415
6500
3
676
25
5784
883
98
8
3
849
9515
85
6833
9
4410
2
145
8
5
9
75
3
2
264
0140
5099
6279
14
3
6846
3049
2260
9
5327
1893
843
24
97
8
1423
95
80
4387
9
165
867
08
0
78
265
5
6
27
4
454
6
4692
3287
527
4
415
58
757
79
3
766
2
9608
9
0256
50
5253
96
0
972
4
8835
4
82
704
000
9
9
15
8763
72
8854
4
7
0
0063
4
6
535
522
5
6864
9563
2996
54
9
8
36
98
02
9622
97
1083
68
83
2483
2
43
5074
2910
7
242
005
12
672
14
6009
4
15
97
66
8
8
9684
40
7340
6523
3382
2
87
7
1804
107
73
39
84
1473
29
1313
290
8720
885
0
80
2
2388
56
870
4536
20
8
97
44
4
759
8369
8723
6389
63
62
5
03
14
22
612
375
104
832
65
8434
17
0490
207
26
816
7
64
02
7628
8
5
5784
7775
8623
6
8
29
158
880
976
03
38
4015
910
6750
503
606
039
289
9872
9913
6
1222
069
2
9
9042
0696
463
7
347
298
50
7
8
823
7114
5969
17
93
5993
64
7694
6117
08
540
380
6502
50
0222
3
8845
79
7
0334
84
83
2820
4
2664
059
403
2
7
239
8
9
074
337
156
785
46
5
318
5643
7716
1248
9
6
0
3
7
4
85
5213
13
4127
492
8495
9194
65
43
482
948
5
862
0022
2
8137
7
0944
12
8
526
638
95
38
8
7217
2
92
218
95
4
620
122
76
1402
7094
344
38
2093
922
19
6
1466
1038
68
64
17
0
88
87
2
93
478
14
680
8
5845
86
596
863
53
75
3756
78
19
82
5
0
4642
39
242
1084
538
737
13
983
330
720
5780
7
4965
55
7382
766
40
768
913
3
119
9522
9772
014
76
8
295
03
7
59
3
933
37
163
4
4
262
557
4265
852
2
79
1109
69
6
5
42
304
825
6
083
5
296
54
8
0754
1808
37
023
89
7
609
4592
800
3350
742
29
986
49
7884
9460
7842
150
469
6284
90
09
7
612
569
24
2900
569
758
42
983
4
58
247
37
6
6900
0
772
40
84
0759
1148
97
0453
8
207
6
463
159
743
3
7959
853
29
7
703
9
1053
3
372
63
5422
55
69
8
974
9
685
8
007
593
5096
622
199
4
99
0
892
67
753
803
7563
46
4277
818
738
82
9732
6296
1537
98
2953
0419
2523
9520
3
3534
6254
6
5409
6287
9
24
08
7623
5385
54
9
0
7068
0
289
94
5
13
52
290
46
2760
1959
24
0778
23
152
4273
0
2887
509
43
29
4
28
0
4932
7
5978
213
360
2
93
922
6
0
6875
7136
2
922
0
8795
9
6
8204
2
87
950
7
85
0192
9904
85
06
463
357
5095
047
45
1534
076
067
263
304
8290
650
88
7222
4
3
52
4
5
19
1629
7838
3750
1180
7
97
0974
5012
0
2982
4026
2
8
40
8
4258
68
25
8
6189
98
5
6
7
9
9
4969
7352
910
1677
4408
847
213
9
3
2
898
96
334
4
50
27
323
7592
7659
350
1496
052
0
0638
1590
19
8
48
88
9955
529
086
6367
4
625
517
4
6359
3093
5
8550
93
9
2517
2908
034
2
4559
090
3
2
455
80
113
79
9
2
7112
3174
72
0203
6247
4297
18
4855
974
905
8259
348
687
942
912
39
0
0218
936
118
34
9
3682
78
6880
7057
670
40
58
0964
6
5
8
14
86
587
610
898
104
7
885
6533
84
4762
9
550
7
8
908
084
7
94
492
797
7488
7
845
1336
7600
4
974
66
38
5925
7135
5393
7
03
5
35
052
33
25
3
718
5909
35
0
4129
794
9180
9
14
13
4610
676
6717
8
8
1773
266
759
15
1896
8
06
780
76
6644
5997
90
86
0374
8
948
3373
802
98
7
703
0154
380
929
95
59
34
5
813
0487
7
90
3717
2578
20
62
5574
163
135
3
2653
9
7
3896
196
4
293
14
112
5296
55
140
7
3090
16
80
2
37
4
0
435
926
2
128
0
70
7057
382
07
85
040
3216
55
5132
8184
4
880
20
4138
9
833
13
9
96
0007
5
6
14
0
397
3
326
8522
55
0
34
2
5
416
07
646
4734
677
8365
7
6724
2
8543
70
30
00
2
4
343
477
3400
0
0000
5
5
17
65
5907
422
36
3990
540
63
118
0
18
09
1448
37
54
9692
0342
828
6
294
3286
86
4
88
2
24
519
616
675
4
55
770
18
1189
9524
35
82
78
0
17
914
3
3
0867
73
00
58
6
36
23
7672
0
8
96
8883
9
7
0566
7
509
27
09
864
7252
944
0
53
3
6
7963
266
7
97
3
4
087
8
30
6468
5
0
2
57
460
070
37
6
354
47
87
528
6
942
32
5189
3
3
1825
279
3
9736
2
3396
1119
4
44
62
082
6
717
6
6
789
6649
8
33
3
7052
7
85
6328
6
03
83
339
807
8887
4407
05
7557
3
28
6234
90
392
7
138
46
2
553
2
154
3
42
0432
90
1697
6
33
3698
57
725
28
8960
3458
2976
615
0
6710
8826
90
6
8364
98
3035
134
60
3
7
209
86
5939
8005
9
82
8738
177
97
6433
6
93
5
1523
36
6
0
8
4689
64
609
4
5
98
94
9789
9
50
9
7
2
44
28
8
94
504
887
2132
590
6387
0780
2
70
44
6
5892
7138
6992
8
282
7449
815
90
7
7825
4
8573
6
3
8596
963
14
4
4628
89
8966
5
3
27
7
42
9
454
10
6944
39
8173
350
25
48
96
0742
690
66
9165
930
99
640
724
6
0
5338
047
6
03
5056
024
5
64
9
6639
5048
8367
9766
8836
4194
4
29
9585
2552
55
4
8
99
80
194
7
9
8
236
650
54
1314
6
9
934
2176
6596
82
10
4890
68
23
30
26
060
89
0
414
8568
8766
40
87
17
505
716
429
229
33
307
4629
5
33
8
3637
9809
2466
015
537
004
9810
9
7
9329
2006
064
477
5629
79
1455
575
2034
9
9243
1026
096
7213
8185
97
2
56
389
56
2
124
6653
64
59
4244
19
1053
8
5
4
7657
6724
2693
0504
7
2984
40
28
6254
7414
184
8624
76
5
0
777
64
8182
024
9253
9998
4126
6258
7526
4
969
6
813
199
774
8
7
2
38
127
142
12
4
70
0114
0
85
2995
0649
146
5489
524
9
4
7812
37
938
904
002
374
6
95
40
329
982
9
6
6
2
35
59
14
9
320
3
544
253
759
226
9253
6410
779
16
62
1482
9315
399
7
2
3
4574
5856
57
49
36
8
8980
910
377
77
0608
0110
603
9
05
26
59
4132
265
6
0
4042
78
619
606
8126
0502
8
1763
64
405
27
53
805
0
829
5324
260
44
64
25
84
17
854
25
03
53
50
922
98
9
509
5548
30
30
5998
55
84
9590
4
3752
60
9030
4
3
33
037
87
7339
7248
66
3
8
318
433
546
0409
95
9
5
044
6
3
70
8254
7853
6170
677
7
94
28
160
6619
83
33
7
6
0489
7
88
17
0134
8
8
868
4
7
80
024
6560
7167
180
202
079
4529
9590
60
999
7780
9
02
786
67
1489
0868
0972
5342
3
0680
08
64
62
815
5213
3
719
9
437
3523
386
45
5
6158
92
3
6260
780
4
7
38
4954
9144
37
425
200
302
23
78
7
5
8
12
076
8808
028
43
68
89
9734
7
9077
7
7
214
68
2473
1162
9
635
6
2
547
90
5540
79
59
953
34
80
27
1299
870
644
003
4
8
063
0
7
19
4
034
3907
55
892
45
610
385
3946
170
5
10
702
479
345
005
39
3976
625
5034
4
86
7135
0238
832
816
590
6
7307
57
6737
69
628
143
2178
44
439
77
1453
2014
7468
7
328
722
0810
74
6
289
6215
9
8266
403
97
9
8053
0705
2
306
7
59
590
99
0263
50
82
0
50
5969
45
04
58
9504
6932
678
5
5254
7096
4
6097
80
38
95
5693
37
639
9196
4342
42
44
895
07
0494
47
303
252
9
7340
687
1442
4
816
68
09
4217
6
62
8
775
8
2609
0535
6
59
5
9
4
95
067
75
4
3
6
152
638
890
9082
5587
8
90
7
7
9512
864
80
748
0442
73
37
59
066
478
29
87
2843
7056
852
853
6216
012
4933
4
56
360
3732
814
7948
5
5
16
6622
6
7877
7
2
96
99
7
6
9807
013
350
807
967
3954
4
4
597
4868
712
188
30
88
8025
518
2810
76
1075
198
4140
0
9809
02
015
43
4
27
90
5
70
89
4096
60
0
3
79
954
46
5
2
407
1315
14
364
373
1332
6979
704
4486
556
00
6
83
6517
550
2
188
217
2776
88
9524
03
5
5
98
3376
0
7
2
5422
52
870
6893
692
7524
9733
8014
686
83
507
2618
66
1622
48
74
9
3200
902
3
689
43
2899
122
6388
392
3
9356
28
63
8612
13
476
98
3687
2
5
94
33
4366
3
503
4
498
3
513
087
1625
8797
2965
9
723
904
9
16
8973
053
3384
8
2985
34
6925
6
8796
3674
7049
339
9783
907
794
2
8
8072
7
5
82
385
8
412
39
2002
098
3722
744
0530
3
025
9130
9903
3
5
673
88
6696
93
64
8
3
780
9880
54
7368
2
3
6188
13
3
7
3
05
9747
8
677
9867
797
9
23
49
3497
415
4
9534
050
3234
67
70
6
52
492
159
870
444
2596
0936
3
19
6514
9
560
3774
4338
56
6
4
315
8492
039
105
15
56
9274
32
5
0336
4832
139
8609
562
5
55
8894
259
49
0004
4288
3
5
867
3109
3948
23
008
45
7
94
7
84
944
624
4398
18
8510
139
57
7120
0
6458
7074
42
5
8
88
5866
4
5
20
530
2
9
55
50
4673
4533
234
69
3487
2
83
056
523
70
9
94
7288
139
0403
180
472
4
55
156
6
5156
292
8
2
138
9
048
0
107
9
2852
325
9492
7
1279
0
3555
096
353
9472
66
24
2884
7
88
50
7
7
680
398
0982
2
95
50
28
3
2470
3
12
4
865
7563
7193
6679
7589
976
019
8
945
404
6
86
8
46
443
89
9
10
42
7475
30
3
434
92
858
7062
2
392
8
195
1287
7
830
885
8884
066
16
8
633
50
69
93
978
4
2322
3
686
25
4
3
48
113
6073
20
0
9
6
83
48
149
48
8
967
3
713
3
356
4345
5122
16
1526
4
75
83
07
558
9
5217
4354
94
5
46
207
96
359
97
533
2
2435
0916
5642
123
3
9
675
3342
3888
8
0
70
5020
680
7
20
33
4
3147
816
53
428
08
97
17
22
5
27
2
739
443
6
79
94
9309
9825
05
4455
3
5508
213
25
0
562
9764
6
4487
5
6
2
9
713
636
69
965
249
6
5809
95
36
524
90
364
806
006
788
3
853
026
5296
54
96
9
2523
6
788
282
662
7
0
1059
743
39
7360
37
1606
5
04
39
6909
28
680
5
94
007
29
34
34
9395
3
79
224
59
20
29
4
6110
29
6
0196
9
5
502
19
9
6869
985
87
66
635
554
143
4
884
758
2
32
83
09
5
0
23
9
63
4104
7
99
8
93
0
8499
43
93
65
543
283
1682
57
737
87
115
19
3932
2146
8987
669
3949
59
507
9
78
8852
6135
014
6
15
05
15
82
79
192
9250
49
3
270
30
2
2350
380
0
9046
8
643
052
4
522
89
78
7067
4
6083
9876
6248
163
0330
6062
5
1304
7
96
5
93
323
8870
14
6002
25
75
6725
6462
787
503
8248
798
6837
70
2004
2
45
6236
478
9633
997
5536
6128
7404
5759
8302
87
0
2
188
579
9
8
70
3635
12
1648
90
249
739
5
30
3
18
48
45
2
46
7747
256
9023
76
5
8848
84
7
118
6
4387
94
78
260
1135
05
934
495
99
694
83
3
3
68
62
94
8
3697
9446
73
4405
93
2
7
692
42
895
22
2
64
2663
4880
6
3393
912
6
632
9
6628
6
2
29
2
8
4
603
304
134
30
175
45
0
3868
8858
65
1882
28
178
455
879
9
988
620
85
7
8009
4022
172
9
4010
5
95
886
2076
16
4
209
0870
90
48
2
1124
4684
9
9508
9807
184
6620
13
1385
2
5
552
4
1802
6
832
282
7
6808
55
173
92
9727
923
605
24
489
6365
196
86
363
777
786
4244
3294
0677
5525
5
5979
7496
3266
9319
5387
8463
357
9
0
9300
8
98
1753
03
8
442
914
2803
67
2
6
812
3
4
09
0406
7970
78
3
769
6
30
5353
2320
0729
725
0777
368
7690
205
2346
7
6
92
759
1982
625
8090
2
4
0598
4
398
547
3494
116
6630
7
5
4
605
4595
88
9006
853
5
3
3
5
10
255
7
46
8
64
3208
29
3
0346
0
509
12
037
9
19
30
7706
6
0
350
5392
494
059
54
15
308
7427
74
459
7962
7
224
940
6
77
19
105
2
03
3
4579
94
3330
6312
0
465
636
5
7086
6
99
4
613
15
86
8
400
75
194
597
23
4
428
6124
55
59
445
9738
38
7
50
4849
59
6
3
0
2546
227
9139
5780
10
20
0619
69
37
302
28
430
6584
17
690
18
1824
4488
0146
964
5770
7898
03
69
2
2555
33
443
8
3
19
637
4657
218
9
2
8
28
5
92
3
6817
1634
50
8
507
025
2
4510
4798
3
37
447
8
5065
5
03
6990
97
52
2850
7
37
730
74
0120
6562
9860
0
88
112
4430
3748
7828
4
707
568
1898
2
35
99
9253
84
274
823
8
30
30
73
05
6293
7684
8
60
6189
3
62
3796
6064
94
308
6
0463
3318
14
7
262
924
5
3
2683
5
5
3576
8
6
706
3885
9
42
8
2
73
53
06
88
49
6
6
099
109
9
444
663
0
8783
8802
62
615
2
046
5197
7
754
1975
9136
2
99
355
7
9
658
443
943
14
4654
55
12
0343
8626
316
96
9326
5
77
26
58
988
4915
56
84
790
2430
2
758
5678
9
4700
0460
7
406
2
5
163
008
0510
7620
3850
68
2987
44
249
0160
66
3
523
34
82
4
4403
3
256
785
49
9
43
4620
8
9693
23
446
104
4
3870
2
703
53
654
7
17
6364
4
6
5
5
55
63
620
4
5
2674
59
2642
144
038
35
18
510
9824
22
83
3
9
0
3
40
369
5
23
83
5
73
6
3047
99
10
378
60
19
567
88
2
2755
2
579
2
86
43
6
9
2
9
9657
3518
23
69
425
7726
7037
582
915
15
9
6
9
2
2409
96
5099
1777
4
79
1383
29
78
09
702
1512
4446
0354
9317
467
0
5
835
56
29
9
0162
28
62
9
02
307
69
5
55
9796
0
6670
6
800
978
23
2
38
546
03
368
26
9996
35
2389
8
3
2569
0
1349
847
7168
5386
0487
594
5
9
7233
64
85
6
3
6
2
3
3
816
789
9936
2
6
8490
942
53
15
820
5809
729
6036
8515
7624
90
7
03
2
1737
24
6897
22
9
07
43
560
5
72
60
2696
6782
7588
0666
458
460
7
280
04
7787
2823
9
813
8920
7
6286
116
5
3859
7615
49
8
08
39
68
46
44
2378
94
6
32
394
606
680
69
8188
7482
3
36
1337
0187
0884
8
6688
2214
4
5
879
3505
3
190
62
5
549
4
837
5573
85
104
840
2
084
89
3459
3
53
78
035
8422
8067
8238
0797
02
1510
2927
620
2
5
8553
047
93
00
57
06
56
0458
03
384
4666
3
00
648
2096
4106
7
0
83
3
5576
8
8
168
0
27
2393
996
2
8
34
1957
0415
45
13
70
4
07
5
52
6
96
93
012
1330
76
8369
1624
2
186
552
8852
4
33
4166
9624
26
2
2
733
2855
2
62
59
0
8
622
703
2
3
60
25
894
77
50
2
412
525
227
3347
2
792
489
66
5
3
8
3454
8220
56
345
230
9777
438
1886
9
696
8
490
616
7714
5
28
1003
0
7
403
14
13
3
5
2266
9
6
9
0
68
9
92
68
2195
06
45
473
284
4
065
384
1345
84
32
6
237
5543
9162
4
313
7600
39
4
68
1218
8
5
6932
3
8
00
555
3
422
68
4
158
800
48
9392
893
024
549
49
73
22
0720
154
9
187
80
8326
787
333
3
0162
1922
1250
639
07
5226
1025
6664
8475
035
9136
3686
7
9949
32
9
5
259
720
3975
7843
173
6
68
485
4802
879
92
6463
9743
899
2
646
68
7084
429
6
93
828
8
7
7643
5300
32
5210
689
9572
88
0
73
6134
454
80
404
128
79
722
4
9
144
30
3815
58
5
7660
0
6304
0
643
15
007
07
9
8678
18
26
3
1525
140
5136
52
82
5319
5966
5458
0282
18
4688
420
3
4544
0
453
49
9860
7256
189
198
2
8797
199
160
89
7
4592
0865
5
86
3952
974
2765
298
0
3
224
642
965
989
523
8
1292
5230
8040
53
333
58
2476
87
28
6845
10
969
5690
4
8303
233
3476
2794
2
1624
3867
5019
28
0749
8
674
02
6039
5
2035
5
55
9
8936
95
7730
2
928
1366
94
4357
736
083
03
5
2
2
7748
18
2
23
439
127
764
210
216
577
620
39
674
08
565
5695
934
3
102
0823
16
5
1546
6
575
4424
6843
045
9366
55
72
5
6709
6580
959
78
2
89
9
5
9
115
5572
188
2936
02
0
6
416
6
75
3
220
64
9473
352
87
7645
86
4638
12
9960
967
5
1376
59
2
2244
8238
7
92
7294
3853
7
4
48
26
63
32
4
3395
44
5
20
0517
35
864
5
9713
15
343
6498
05
89
5
8038
6833
4
94
29
77
2527
08
0
5
2368
60
2
575
9754
5
44
70
353
4
7
9
77
49
0367
6478
592
7059
4300
875
2043
9
9218
896
955
5105
5324
0
03
4
674
85
6989
19
4379
52
040
4373
90
4
46
992
52
93
819
4
014
769
5
17
16
8014
8853
2327
9
3267
2
187
576
8
95
848
8
5366
692
817
808
94
8
4644
79
817
88
6
10
98
33
747
199
7
23
515
58
94
7418
9
06
0749
5618
5
5218
5929
43
877
00
4
243
0485
199
23
252
08
9086
8
548
499
9
4
7
8
5360
3
8
94
13
4594
5
2
5
189
188
75
280
6273
39
118
379
95
4829
336
9698
743
12
417
66
7
153
97
7
4
7
502
114
6
9
302
6
476
4
15
2277
98
923
8
35
1070
5615
7245
912
05
638
609
206
010
80
646
39
86
5879
266
76
497
3115
1588
040
3
18
0445
488
115
7490
7857
2144
844
822
048
5653
2498
866
7693
737
3256
93
83
948
796
7
7183
58
227
33
78
958
7980
67
80
17
92
179
426
36
40
5
17
4710
0928
8
286
8169
3
238
45
5428
936
312
5
103
3
9
747
929
282
044
887
6617
410
69
16
216
2
49
326
7565
13
6
5
8330
074
9115
9
0207
2
453
85
90
9398
10
99
48
816
980
50
558
937
3966
2
3447
88
0960
89
99
60
4593
4
77
067
9808
85
79
207
6
074
8
9
3718
968
7
25
2
9887
47
67
17
6
676
06
7496
2
0813
6395
6
3
2
84
378
9408
6
0
8525
262
4
448
6304
126
2970
9442
52
5984
678
7
77
614
2
6424
6458
25
6
6
15
4
9708
376
4230
2
760
0
345
0840
332
593
4
2
59
8
04
57
5
6
146
068
45
89
0
49
6
809
5
222
5
00
5
2872
3309
6
5
7664
9
25
3
9817
477
293
0
125
0
616
1163
0
3
4523
6352
3
7
500
437
6
6977
5
82
7
74
9
364
796
346
554
15
4
8
884
5830
4
7503
50
2
3
645
6008
779
8723
25
0
562
0284
80
0
8
2
23
110
5248
72
6578
1904
58
93
70
0
2817
932
8238
6789
3
89
2
72
270
83
30
7
6
5
5
9922
83
9550
9
027
56
736
8
898
492
68
69
7570
6502
8349
28
2
940
19
8180
6962
2
7543
9
92
3720
7
3
3
6
6
973
2656
838
54
77
9
4
357
4607
75
4
5
34
7872
13
6
97
82
1637
0726
0139
244
43
3
533
6
5333
588
73
4
848
277
45
757
694
3
9765
7683
0033
2955
2
178
7
636
685
022
035
740
362
2720
035
6
860
4
272
8118
3
17
5
935
2535
6
08
9147
9
3
8
8
7
50
5450
8
1792
5
45
2667
327
9
1798
54
8
2573
9
5
44
92
03
1952
8657
0225
2072
6490
575
5
813
8
5
138
0130
6
3829
979
327
68
23
58
37
39
689
55
88
9
2
5
659
60
9
6360
7057
9066
5867
6
9784
23
2
0385
1627
49
8
37
1308
2635
9
6
1448
7
884
9306
7610
3
273
29
0
3268
3
777
0
1936
999
0558
59
1772
633
53
8
0863
4
500
9
43
79
02
90
9309
686
40
5166
60
878
9258
83
875
8
3415
8588
788
3499
4
8
49
7
1704
9
6365
857
5485
09
804
3
808
77
49
7017
5
33
6
6208
9476
9850
54
8
766
9800
96
59
7
30
9
79
3
4
68
316
0
40
79
119
840
5437
080
1194
4
4274
9
54
9095
0426
80
0093
743
569
2522
599
3
406
6580
37
8
96
2
130
7
263
912
990
508
6950
359
104
538
7
510
7
3
0187
3
468
148
0068
2735
39
6760
7195
15
4094
7
7254
8
378
64
728
66
069
2535
62
5017
0
6308
766
0879
4
377
5
02
274
4882
844
3
0715
22
0733
47
92
848
99
330
2
4
90
26
57
748
7
05
3
6
978
0
0230
03
5077
4439
43
2
5
2937
5557
787
80
7644
06
984
190
2088
407
07
88
5079
19
976
825
16
5862
288
24
6
4
2
572
7292
5
8420
279
2
44
33
7792
82
318
5187
83
3595
573
3678
96
7
4
590
97
76
099
837
7
0009
0346
8
13
5705
647
42
782
69
232
0798
28
365
5
718
4525
4
015
4
86
2
155
5
5
003
6507
55
0
4039
146
277
05
7370
5594
4094
69
8206
3
99
29
2
640
3093
1398
157
7
0
79
8437
555
577
5
3108
50
8
696
8
8
08
850
9
8488
3
036
8
0302
9
668
8
2
4
0112
4
8
49
779
29
42
58
7258
0006
903
60
72
824
7
722
49
33
2260
6
0902
93
2
7
209
79
500
7138
865
5
525
06
2138
814
6
524
73
0
0458
762
7
9497
93
835
695
383
5
235
3464
8
78
6
835
7
5
712
9
2
84
6
0
68
7952
3460
8
52
2
74
9445
4
47
0
110
3
0
00
9
579
904
6478
05
7
3919
385
5504
502
484
6317
2663
32
3567
52
3082
26
000
6
05
88
450
5413
178
9630
122
287
63
9040
17
0168
2
1688
170
8662
717
14
5
5
650
83
04
3484
2
99
2524
6
09
