10000
901733
69
423585
7329395
403
8
87
340487305
5125127
6635
25601637
31489
49
8080687
65
2203887
181815
22955
65265515
5802990627
85825
78
137
3
43217
5218569
7472669
945963
730559
307
4653
5
557
752257145
87069919
3
7618215
8028
41423
210488299
98
17
3102272778
9107
013491459
9
5235
4269
71186249
7035829
8891768
79
460110655
086119
7193799635
970909
76757
9
54951678
85
7348165
5826581867
25429
17
90945889
9
3
65
073
9068
7513
98322203
809
193840339
29
2252383
232644359
8652967
63
7619595
18727685
430728
0262700689
5
9
9
0718975463
6447302587
13337
39318
332830557
8
230825515
28467
463638638
0117175665
37130965
8027
293686708
8598979
98
35842483
49838965
83
519245
52807
46475
86808
781761357
704843593
8083
9225
3622249133
1333343
8383374973
935390389
57783
68
101678
91368353
5
9
76979
189233
733
88
4549228337
6570978
800367427
91971409
0648
9
210981095
386687
813
3
978
258
739
7191854725
293730369
39361145
5761929
923083667
4714053
8128
563645
0161219
2959533258
1389317055
3388
94477
15
46134637
60538
7
208553027
19
183
354748
9
4807973
1813
06957
083287
9
8
5
6673
08
1972598
7771628613
651178
823543
35
07344879
43
88428203
18
7893033278
54743645
5322430709
863829
76886367
46822735
52975
912788
668
77
17388
5729969885
757
8588
47063493
855064913
80928269
61930897
0133309758
5152264179
0541405149
2828
4597
98895
2291268
2361312209
13
469157
4389667
507819
30753
0016453415
443496057
8
4335
710954943
995667
929
2123
3
8862315
1709
0258
756808
461647
7259
53
44203
1757215
72800329
33976079
08969
6715
8939
2093815125
27019
777694715
6793
64503
53481738
8608289
5
40533
54539
98
7087315
7361029
0660353581
3633
8095214153
030786005
78749
7
31262725
1203498588
2207748
395233575
77
87235918
45
169
2957
763
7411955
639
94640159
783807
33746678
2047395
5
041297
68177
573460258
402015
3852109
4339
852889
0275
55278373
2565
68
9
28
2425
049
2910857785
2501899
85231878
79763668
7043465
753268
85
42889
1829196979
3968
988
308
112645
592772998
421215028
5348
063
1595949
568542747
259039677
5
7
406399999
44491217
810607
22077535
021511395
60533
629
8
83
667
82766339
6617
089285
29998048
390615083
513
1284067
9
87290098
7610499158
69513109
6425
508
226117357
8023487
2905
9
966192359
7339
7
14600875
9
133
889
19497
157
3
3962156355
70476859
2454798
87148269
822857
89
848
790928
9191506979
6098339
3212939
09
949
9270087403
63477503
201136155
1627475978
176337
9770568
9534544833
75
459059
7032893
9107469
47636877
2145
392911985
38
8013150768
1256795
4501885
6058784209
442879348
9
9216710875
57
8479468
82289
55
995
53
878
5
6211704649
85
3499777
6073953013
525
3417
7
853571318
3499
568977
0899347833
9
8
8
1189
345633
2769
3
2351597
70190878
9090399
6223963
443239675
39564259
9
3387216687
4948
327109
49116148
57
0470613
08
179922825
17
51463
544492185
3588
148964685
425838
7628798778
48
87
61727
60245159
8
9886663
58261217
53898745
08
8
953315
2013
1829
7490663
752890738
9
715
7
133
945878
19766795
173497
07
49
5053615
7867651463
20454073
3
836301417
5
57065595
263054437
4133753
34177318
579
5528
9551447795
6359
3322045637
588303
315814127
1188376285
5643
01145
50153789
5
144813
12281078
164185458
8260306853
6341649
1675
116219
4096477
6355
43
7903
9
58
0491361433
9495599
506149247
549
124947
1011489
2389
3
427
4186027
1887017
18
33
981565
8
02323
30257
081658
298626077
3
40712219
6874432359
9542199703
415373443
95704485
2390652937
87038973
910828255
7
2298
8
972165
14654979
2133256683
635277
7981608359
4449889093
8777733
0785934275
4339819
36521253
97
42574503
3
717
5
44139
979
9
8
8
343
7579424849
76401319
8265
891805
03079895
3114589
452855
9297788239
42519237
83833
805389415
253
5996097
8
467
77
7215
62194219
05749
8036035209
668
715243
1718298
778
36625
82368923
7
598987
93
3388
463
49
864025
965705
5963362159
1949
54624209
45533
0464172167
500298378
3402548
3
95220438
387
53988
9630579
37384898
255
8007288
83
593
8
04657
9
73623273
648
321255945
212875
30809
557809
3
678
39
0685
5
457324989
5508
8
5
866933
7655
761713
054841337
8449
20209
247
05
93463197
19841023
4818545
545662253
0220651157
7182027078
663
833419305
4535
8
98
79
087038
9545104383
8142595423
98110189
386602117
617995068
8
056528455
8328
4109637039
99149
392444839
49
2089937
5579123767
18231623
2379537
39467298
1344115
276318
85493635
32172045
22887
153309
61825
29
6313
705775
3258
2903338
000130603
76874118
17
23
5650263
875
0405
9876582037
3
4543
089
55693
5
615
2261555
561560505
579
88761155
83026849
25
9
4230863
7
60480718
2640421078
0019355269
8863698
3945983
85
074389
746968695
34990453
97995748
35
243631743
9
2775
139
7673
7
22385
498
18
3
033
2668
169048
5121248
75353353
661467
5
06179
6524313
93825
549699
7232567
861389157
85
17961318
042077797
61972753
9165
9883119
39689
4029
652379568
5137919
008149
1705698
45
03124593
98
6253603833
743
852234655
048
18960348
098
23
8
0517
84719
9905271535
8652873
33
0077
70939189
7
8
2969115
58313678
6453
766683747
29
272249
097
973465
310178
5967271379
09
8
1455769399
178
482535477
2492652728
7
349395288
340553
6735728
193397
7448
4480847
1070454197
58823
9
6482216233
49
4408685
75929
51780849
9
9
55123
17039945
994295
707
32725129
9
487
4954954499
463055
7
4029
977
67313
56737158
41903
5618
679
7676926983
37451829
05
29335
7528053565
18118
9713
08443
60026379
7890860957
6585
5
9
7
990974493
93855
49
32873
667163
780028
141556098
748339
889
883883
5678
3272552355
89589859
7187520003
2013419
45
0798
19856349
35066633
488537
3601577335
9945
78
509
7475833
0296363937
535447
467
82829
3271897
29158558
6110000079
243058
939478
3526738
248558135
417
883882563
5647817
43135
748679
9
71143
73
188
74896659
86404275
40359
65
8
1390593
923
557313
700859505
22315
125608
568987
88862229
986218
402655
54303815
9
3
46619067
4301678218
579879958
1599
3
894454097
10769
37
113
3175613158
9030308
418
2058
888
7757
67
8922659607
77
09
47878183
8566683
3
1357597
9656058
38356695
2523
866561798
557745
2327
455
2349897
8
22636535
069
4113071715
357487718
57866999
638785
246995
49831293
9
77647
92267267
2231268033
0566452929
81803689
24687
18
56864397
31879259
0456954833
101489
501419599
4128
973208
825888
4006708307
8411269775
7306729
2759553455
9
53
8085758
7
0783
421940448
0060596408
585899147
4408
03443378
28
3
8
647095
9717713159
9246508
63839
231496433
73530845
0935
403
87960867
953
9
823
5
25145
759751747
5019555529
329
43
0597
58113063
3
35615
5417621389
78659677
09441388
14212128
069
9737002745
51858
3
20778
251808089
1299
4494285865
4713
3923079
77
1255331848
7063
69355678
49
02854308
353
8047851103
07349025
7
7075
03
1294169
5021799
7
00778
3769533398
489
488259
2378
613820495
367377
323
9557765
5857
78275848
180873988
9337
7480413
825868057
7885
433
07
9299
3
285553
78
9
9253
9
65
892558885
05421758
3944744269
8
047900068
38549
18353
3917
9715
0061327028
6293349
7216213
00131808
3
5433998153
77
7
299138
6786667
13
45547
9357
3
0018
2913
9
38
5
4143723
7651678289
75
2173478455
7188968
778
98932763
585
285798
0077295
9
85
397
7
28916027
51469
174389
3
7
1652587
61864048
8875
540987
5865
086693245
122465
2975024308
4670757
6315
13178
0518082183
20970725
604749048
67
0566918
92878457
056851533
4259
997
58248
45924869
8526048
4290613
3
9
8472678
8880335669
84249725
530287955
260287
7038
2703
599208129
8
923315875
56009773
67027
777
33
65
65757
045229
6748
81087
3603613649
9144753
048
8568216205
3
8185
80251955
3
4507
1547
23
05
473
76268
069725845
8
7580899
4255
772550428
35
27268
986887335
5496385
685
10107587
3928
66259
78444057
346002173
0306373249
547862208
15
19523
8019
6910639
31053
863
77697
96467
26283
6989152947
27
333
1413
393587
75
782153
8478
45971603
7380580099
906144665
28
31643
587499
88
44302309
27625
7
525
67
17377
46477
654668
95
04027988
037
0092150025
86329143
858151629
03
21545
218
9409167
713
84003813
13
685
96418
9
13
8450983
18
2939
20267
260147
66828
08309
5484832458
7
5148366739
756437
098
378689
28
2007528
079
08607
1732675925
908262413
6741978247
95
581988
219213269
84247853
93
324703489
3
909
9701037
949
4278
1699039499
9
42493
3
0748978969
35
2510962997
3
7990907
67547679
5105017
9585043295
12497
8
9
217
33
6198
205
641825
538703879
133151097
3247859
805
7987025599
58
97619798
1347277
1669
6027179958
30596373
8
0959
66199
655098958
0610239
319189675
7
30393
9973435
987617709
4959935629
8
031788
7
367
36476593
9475
988
340118
9723215
63128
917343
045
2855298253
6087
9
3528
087
4607276233
199524473
987
63597
513
9
8410197
822449
5519
3
36157519
204597
9
8
9343029537
55319
4273
1813
69045
3
28357869
195745869
04426985
826163239
27
37
8101265
5448589
0439
2568
7267971595
127
7
7
14058
5
4526109
8
49
5
43
5868727183
20574685
7
0122719069
5209
7356099
288
81160663
5
608
2388
5964369
72815
4521297523
2686346098
6263336323
67
955287
8
2554562608
817518
5
1725
0037
7253749998
9
05949
310784493
615854755
7479513
01593
9839941213
679346837
37
38
147341085
7652885617
845
4423
431628
4203715
208
3
94725557
78845
85
483
1058167748
88489
39699
3
809433
625250287
38
4855182689
18
5
4601908
0221131395
38556153
8
46679415
88188
5
232873
508
720755
55148
3
117719265
3007461979
501395883
978669843
5
958
37
785
3798489
0019100897
77
382917055
351885
3
0215
02485777
6526648
9058
05
5698588
7918151598
946533
88
997
82647467
359
80629
3
3408215665
7230915209
49151259
15845229
746680928
43783
13832717
2683
1589
648929
5571261788
6312495397
657
63
140809529
88
5
2080577517
31917
7453
8
19548
5298325
78979
15822335
2832518
5709
23
28499
8118
01631887
3
69
87
3
068
987056897
67963637
657983483
998801337
432585
68755
02937
7
93
78129
071637453
765
32963
8994959139
8997393
37238858
90329888
39
2212097
466878
6385367
638
97
72980245
74664978
4940405349
5
35
5
37167215
8
53
08939
67
13663523
214943
529318
3
2601337303
9729
57
92529505
0647553199
7183327377
3963200479
20938
854445618
50297547
99
75
14188
3045
768230133
9935748
989
27
799645
5
1558167927
378908
9
4073965
167
16127
0773
9194418
19
07957
8
42853
7
6788
22119119
8671184285
38
43
045177
66168
7
86739929
657
8
8417623415
659
403
084833
544853553
42305
90707488
52602979
35
1716958679
1827
9779
88175213
7529089
4624578878
9
722030279
43367
062067838
846799965
113
847043
0413
73127417
63
329
743825
7280617
6634078
998249
916974818
99827
5800658
5489118
79
79
19933
55
4991233
1251717895
707
82252037
86597595
46025
45
5
0932038
1765347
69133605
18723
2366617
87
9375131095
097
028
2279
5262161147
677
455
87
8901657
8359
0853381787
9
23763
3
579
19922145
3928
17
120259525
73
257528
35912019
3
075575
87318707
555
5797
69
139
8055
07
7308161495
38
035761388
9
99888
004892637
315
878
139263097
6729698
653475
3
65809075
3278248
4504353
19
27195275
764754733
7970477
393
976533
718188843
9349
40768685
47787823
45
78391809
30053
24787
4911756495
4150369
18275
17
1026767
59499
536597837
32876669
007
698
5
12757168
575988313
11868
421259
277337323
086978
4975381888
139
934963988
058082338
2818
8607955
5
019
25
57
713913
1588
8543
0016087
004975
905934057
44465
08606333
52147
7
630939
38
348
45
2552396705
8
2295
229987533
6900125219
904790257
2607
909467045
8
3971337
9382057
2895
9493856198
085209
43
6153437869
0039
394025
32756817
3
8
5357280723
883133677
96853
691998995
72021085
233559
4706753
9
545299
0733725
37078
6825
253745
9223
922597
8
3322803488
69
743199178
06743149
94903
302683399
876939
7670262079
60743
65661889
898
32579
3123
56467328
9023677
89
0767823
90307
2042905
3899143139
66965
766788
5728
012585
31978
99
6220868008
3936538088
9
693
18
6738
4538
6017
7
07
3567528749
8
467287
79
580327279
514497807
748
524245
2330062525
377
33745
73023248
940129445
18479
060181565
0532005
479967558
311335869
78184868
29185653
6401779
88998
9291087108
9563
6903
9524433775
367
7756547
22388
45439
93
05240067
0734458
81438
3
99013938
75
204023658
29165
313059
21361969
12889
707
96977
5401938
0736186329
64829
830550918
088
113
5
835
29405
03
2965178
258992223
100857
863054427
05
2539078
5658523
75
197428797
55293
983935
7
94693
025363
257
8
8
4725
8
9259
3757
295555
7853
22313849
4753089
08257
321023
64719
135659
7787678
23671537
01510623
23553
5
936997
7
2883393
975
475095775
7741130423
118589213
01559
39619119
2142606053
84229248
830588669
107039
773
079602389
2319119
6285428
238
33
09
41295
6513
27265
0417
273
8976396565
28
6883
59149665
3099298
3
7
2803
519
3069
7
71273
63376738
7
719453
2557496313
5
1548613
51911099
95005
6608
7
05
459771123
314729905
7
1758
8890919
5
3
03614453
2883
531053
0946495509
74365
25338
908337263
827891213
3
3
7393927
9
45
093
152775778
0059
33
3
1409724229
7587
59539683
08875
8607423
8
5185939909
901290818
50760547
9496702053
302962043
70760779
9092169
92685389
9
699633667
30463017
952402405
99
9817
9122668
2599
9909
8
8
91856915
0372295
197
7
0098
945850329
03697
478
5
45337907
729
217937569
8129
4400098
2978103087
7
638674953
59065
7612100445
5472387798
579679
3
063399
548218
77
9764587
49543
797
573688
276827675
52795793
82103
502248
61943
223888
8613
71879223
77
7463771208
73
38240859
5623
8109686226
025
5193475
8082885035
57357
638067108
57783
303
943
7607
349
5
993
015723188
4179
391708298
8
1988
5
485424768
73
307063997
08999
35887129
55491635
46127
7
723
52007639
5
934488
598
70773265
4278
09689
403
191995
0259
506693
4772515688
565
438
9099717
3376923
48958
33427
3
49942275
9788399
77583
77854898
48
195176273
05853117
24209
5
18
206986067
0095722917
79
5880654353
8324538145
327049
808878
7819453
7851389
8
427
27
166053
29
8847
5038
337147
992826563
9113952928
5943
5102085078
7828705
18
940915
925778
8163573447
958773
9
36695295
26788
7132839
18
938042707
64718
45
6285
03
249
35
915099
3649857
71270303
5758
7
6042021813
6518
397069
7107563
5990893
040027229
7
0753779365
819898618
78
822590643
2169
45
96353
83195369
57713
000143
93186277
6795
1576505203
168393
58695
7869
1993479
730985
220699
7372570165
543905
85438
274582329
1214988
5
6171001908
14989818
508
9333
2120569
54225
519364829
52938
4890443
160303
4963
14909
753
1423
768
193
18656443
571064087
8863
538
79
5061306877
8557
297
38220055
585
68778
3
415
1121829
6449653
48217
36817347
669328583
90075
8227659
57
6923
3
13896088
89
975575
5
657449
5477
893306078
06053
2632075735
31577259
07
6909
0476758945
2091193
9
765395
5017
65755509
556861709
003287
06309949
688
7705
285123759
8
81273
81119847
14599923
037249
9012317
379323
5
43567
0696974878
3009608123
5521088
7
0277
679
49
65
1171325
209589
978089
05
6920013
01343
25
6847
898
505
5233
3231457169
088
50728
407
94447
0628
76883
953
4962295085
6144910425
7709
79140325
308
06452018
4358357679
8
827610357
17513719
091699
389275755
533953688
035779
409113
8
9535
548
944493
5689
6776823
885
5466550655
5060055
75005
999073
0517
0679
0290418648
58
80617
098
4425
25
42613
76039
8
5598
784911077
3
5
9
08
8747868928
0332249
63618
861445015
5956486508
74055105
14630329
09174975
99559983
679686548
46530668
33
1022688
01709418
959206169
0293
5978
20468935
159
1660007638
689
67
77765
126741439
17
583248
4825238628
10757
25225548
037
31995
380327
445
297
5843
682465635
458613
7153624245
3
729443
439163098
521940467
60638359
7
382597
253
01122467
49
4544826157
0505
8117
5723
7
569
0935
005
987
19
738
593819
6651897
547509
1798
222578828
3
3892097
20023
58157539
656241279
5383247159
8747
77451509
052112753
241208
21917
719995
010379
1198
25
145161685
1432709
839
907
245
777864589
16482568
503924205
155
0754732979
9
4271617
6192573885
154213548
4159
5
787248743
69
281313
00769
34813
7
8778406489
492925185
06998
0395
053
4353
3617605
7637
126708
0943
10127589
278
593818
7364495
63859
0093899
790627667
16584309
771968108
7
1672597
42473
9
53435957
5
57165103
47655
93
7
2575
489
27568
33063025
35
19
4765
5
3547899839
97
556398
8298389
2194839849
9
667
8
475
8
1826021235
22420359
015375
547
340468465
62775457
5
124246089
203
737
24829
89183853
371229
0728
43
1587015263
6629477
944076358
58153
1035829
2547321398
85427948
596318
5
96882355
17
75196973
5545299
3
5
05
383
528
2168488
448
75
976729
3238555
011805
1175
34668
85
494506053
9373618318
57
41153
398
5398035
7215
911495
267
5
3675
8165
8312383
1218071545
5127176005
868479575
80017
21165
152209757
635593365
81338
69915
7013
53035
575
8
3361192499
1690490959
9619448058
85483
3206257
968
8713013
9
8
449762817
7
05584379
193402633
06053353
01994668
03
63309
685
9817656253
375
65
85
8453853
7
8428004837
37
78
418477
13
029449
875369928
973745
2207227
409495
849
64841417
358947469
44285
503
63943
3393
46649
09
8689
378580719
3
3344815557
579
122857
48437608
85
14917729
3508800459
3775768
78
579799938
41556238
48103
819
645
72787
547193
364093
410451668
9
568
24417
735946225
9471098
080029728
42011428
620335
19436425
3
954073
29
298797377
4990870817
72508
7
9
8725527
5
801063
7157
58
1248
31510175
898472877
23907
4108671028
3
34115
75605
278258369
24697
6641980589
30825503
65815
177
81755
7
63173
52187
0515
32933
36707
73905539
139
4456813
74308
234947
8
3
8
523437669
7448393167
100417
9
8735481927
3
35
513
7423958278
51275067
423
807
528919
49
275
525754875
9
93177
968
08425
21669
5368
70826057
9390436488
06335
319728
4738727
07753595
97545
18089
01158787
0125095
59465
57
0676038149
228
462455
6699
23379033
723
615
338
5
7
836652438
835079
2946505
95
97067
7
369959
02159309
3815013
169675
7
64758
887849
2023
574409
753448359
2243635
49
7
7104218
53963
8502886138
5
6328683
3038
313
1624379387
11443
7
9
759395027
699
478560625
520564423
2531576945
1074833
478
893819
51269
80703
3369646228
8
26709238
6681533583
8886583
8708788
2753
785
799209
128
0250154233
04215699
17
6853
49
3368
1996929
089977
6857694458
403031087
865
3815785
629392799
192797
79
470914389
26403
80595
3
529673209
0640528078
79402889
4226618
5
61034999
14493
98982409
8
0428
3662205
53169
45549
4669
433815
44811929
2048
5798
14343
27
8381675007
23
3199
6381227
8142208
8857
8385
190028
19
25638
25250589
67
4744549
21127
426819
653905
111548
5268629
04938475
92748
566145
21465
214837637
2979869788
517
2758
20488
63391699
755
853
551953
98620305
88195143
923455
335
3119974375
6628
4173
3974007
35978879
8769
203388885
86021485
73
4677263
337
3
47385
73
087
4369709
843
6775289
88743317
1163728077
996535
095518328
00657593
846178
773
20189727
32769925
04363
5
805068
7843
208
39
0595
638546543
99
733
6528
45389
0299
682927697
2096539
37343
904254807
7527
48893
7
1332945
450852005
65089
65137
5896092977
65236293
3281187908
62233467
7681395758
07001478
28943
34104195
2026442588
2417
487519
593050607
0318
5365838047
20135
53533
839
15998
5249
00887588
8
794137365
8548
25519
6954315
2407439868
398
525
27185
9
3
331418
58
95107818
49
25
80269
55
6566218
3852112507
116755
9
598
7179995
33218
0274242733
468
414306518
6368547
24990675
513
887948
03
623797517
2509
91308
42533337
754949
33625
6376849
93108
85
193
5
210281123
4312296833
2895
90007
3
40868518
3076565
53
09
6888
8986245
508
98
25
554948
55538
3567
51917
470317317
3
4833017
1875907
238474039
21300653
8278
808797
0917365405
46205
711789
935
2151711399
0569
42428
38
1700013
6643303
55183019
8590427
643
43307509
965
0085595
87223
26189
01809
3116194925
54227008
7590824108
4113
6648
516051063
2790921488
8
82415
6795605
98898
9423
9610159098
931668125
3
79
6263764017
9923689
108
36133
93
3
76913367
43739
222407
2905667
078
7
36169
3785378398
54818
1474827
67
36538998
186329
550668
7491400517
229819543
248
4626868265
764732643
9326229873
67
485
84998
183
1403869
78
60063
433
6839
2664607
442982155
911551518
3030709
11476369
569
1469
3
8209874529
8270254403
9
1322413
4437575995
3
083797
1919
565
62989
0007
011843625
2690415
85
6608927
3
47
1698
55
378669275
2005718215
538357
5
8537108
4296110523
690618
69
6306029648
68
9935548
0713927
597378
878495669
34168175
69
6589
8
5250914555
176966123
61357
71462573
4053757
993579
8147
698715
0317
31518
0913429809
698734998
03
40393
0757
7349
442546127
2948428735
128
319295
145
28
829438
48095
8175
1415
1637148419
6727
3953
29898
636063
56623355
3816627933
267034137
539642669
303558
73983
527518
437318
0215
585183
079709
3
862916735
27694707
93
7
75
0793014735
213
6597
77183889
043929
25148
419
77
5
35919
017
396303
05
343183748
15
5
752283
5991618
5428
43
1740813
375
68
804255
4029
01899
257
17
5
8
88
97389028
4409972588
40359247
4097703633
9593
01684975
507637263
47717
60687
07
02748
1426795
66615
9
959505
4565
615713
8548
2287834267
4505001523
443
5639
533
678
5
0886197
637
5523994053
934865
9
9
01867725
97
657
16687228
9422389835
78
9197077
53
361085
17438
7
30939128
896858
817669
8
997
4284744093
6770724355
9
0428
015
263401233
978758327
007
89944009
37
29
775177
1949
168903389
1158749
6905605707
29875
98025483
097409
92518267
15
37495
5273
6224049
59
311798295
66807
4046904683
37
22706168
72678009
38515
897
921936219
09
9005405019
74398
3180171773
335
629205
59
829
9
722715
4890633199
9
09
342939
69973
94498
47197
55
31307
8726830425
992308
65
618
099
79765193
339
3
6849
10083
67
6196629
2562399
4810004518
20106173
168
793223788
618824753
311939
7557
146763
37
0346135899
91628
0365
81827
15445
846453713
8
43993
98189
1594396028
69728
0687
1477
763079
2463853243
555
6397
6103
7
7628
4525389475
975
232553
7
02175
87
5
76289
696569
7
25707033
29008175
554761047
931979
649551428
021188385
55379038
8
9012305
7089
3380315
55
3117
5099
579
645
08
9725
98689
12813
11199
0867132355
185149
3
75268
2918608
19555
9
811197
66253
7225056798
3593
497867999
337
37948
0506228
70875647
73127
88
9549
10370515
59
9
15902909
5081659
37700997
067225
735
421787
8241837753
37350665
505975425
2900915
434583
23
10769
34378588
5967
107629
1236132245
5188814439
6249
81413
975
05
706039
15
218667853
778
123895
3
0307
1543
45
0990684689
239530283
666819
11729328
8
28505
253454635
718721267
0281229
57517353
13466095
5456425608
01533
63017
860575775
435319
93
2368826658
9585
55
551595
859744529
783
30547818
46404299
8377719
673729595
47023637
597459
0109
698
774687
897736508
838
078877
3299608725
3035
8967563559
3078036503
9461460627
22490785
8524037588
65528
5
07275539
9
6276859
5449466618
47415
8
561824327
208
18697
739599767
5414965
481959095
67188
809640078
2766308185
575
85
215
5
081637
951288
98758299
6997775
57
9
317
838
67687
99678
243
18
235439237
277
74513309
26208325
2595
347
54748
693048
042100097
79505
358
058482108
37842135
4416169
8391944365
5
68147
554909
73
3
3
69
7
350583
8777147
99
928919
035
8
422179
774317
66593
121845199
785
3
81345445
97
6131361229
51751675
55
7
965021105
527883187
80020175
5
84646307
86653359
4581645917
1519
913693
504617
578
64128
7
93559
799283
5019746433
4450958
738
845
7696234045
247
716443
617
07968
17835387
8767879
156593709
8389
8
02627
74172559
30087923
349186259
9143
3025
07
8535
87
0694898
45799489
863825
76769
8902470408
48398638
75
5
754068
565118
63
1133
298
3448288
0242173683
198
37
398
908
64593
74830173
35
899117
9003
15819319
08568
439
9445207
21607
17
0495068
9
61879
49
31313
93426843
369
16904869
117329
98
427
10320983
844129077
5
7314019
345763
8
91749277
6124259
87
602379
1348917
3354177
38428
9
87693
5214806385
9949963
8730450083
5
79
852730303
183726117
64501589
8989
695
3495399133
7
6727
3
1791179673
3225665
373
9
8
8332575083
8308
5363706335
128195013
699
42703
827176593
3
6905485
37103
2839
432209
094340483
213
25130859
807
4941066483
019344479
003649577
88619
8
29023
362035
67563
5689019
8585204175
7
44523
65647843
224448203
445879
229
78
5
4811938
4295362598
5
186713515
33915
27
107195
8663293
8
3778778
71557
462863
887460719
67
2234718
119
056939927
93003
35
132585
84833
55
9
9788
983
2747
6589
6293
8
857
028149
3566541738
690448
9
894415838
7274863
1575299
5
513
7
8407943
69
8755505783
54257
621577
21103865
17887749
8
3
5969793955
27
895074537
49638
2915
5
904357
5463559
1821527958
66873
9299
4521615483
9
7237
204261209
53
8547139608
397
705594589
191657
182659
9
618396758
306106468
3
359
53
31048
7358
42669
0017647
464587828
08968
121175
43168
56587475
5542018283
3513079929
48
967783
243885
7579
07
7
12953078
3
0948259
428
81717158
9154437
8299289
3702575225
14148
617355529
145176687
3035989
744265
19585205
076068
205828
58
7232136737
555
473
5986373
767525
915
44719
78189425
5207
5018491309
4686686079
50445
05
867
66889
58
568
3829017
61557
2793
5263382178
93793
433
58
08239209
8
979239
907975589
5267
108
448
62807
7773
0374235
2410638233
2407
2731616777
27631179
75
515578
45493268
3
9
822909765
6276427
829
71947
29
1915905
825
9875
799727
63323
533235
71445
9178218283
8549087
10773
797795
0499207
7919
2728
48217
7408
709935
38719048
900891077
98
2575632143
025
752179
8
0541754897
3939267057
960210283
5
9298
5835
97046518
608
177278
762883888
252372519
19
560130947
6731718988
797928
6572343
17
6983
973
729955
281205
89
205419
586980928
9653
9253
6328
246396225
4665739457
00838
95257913
3
2078
742307
02640863
94893228
85712078
61107245
061277109
8
1453590729
763
9
0485
7129013198
41392087
8
43
449756258
6943
398502258
5
79336518
2458
9
6677
8
30027
646777367
715028
5
62393999
503523687
55
0200088998
2395067878
523988219
7
342037363
494598
643373813
98
63
547
0363258
6123
477259
76577
38965123
723
0365865
108
8
5658017943
878
9184383
338
831209
7
859315
8133435
5
42947
8387
3969
688809
7
1290728
879
167
03988613
77089
6510258119
049
298
16782438
917833617
9
4283025019
7
070889
8
28418459
26357
11914325
14494479
554363233
3409690023
1009203575
5257
8
755
952149
527527325
17667
64408007
1597576157
557
49
557
5333697
46407278
65
7
05380433
8
19618725
5
6051214393
3405
4145
5
97273103
9825
411083
429
054243893
973279
815859
5614078863
07819
4218
9448678
999738
94324357
955543
7
6455
67949
15
4333711857
674424969
2290004143
09
2490447
728
31009863
165872088
787
091365
595
3
975
098449
34884185
047
3009
7
8
633
7
5837240539
99
0315
9711906885
948171885
343483
9558
5
57077
9505065
36377
969
8365158
4267
8
514858
53675948
3598457
73
98
216067
3779
5
8346371759
419
337739937
57
993257793
40706363
0546489
595981035
9029
898
03
0384819
13469
29918
77
32696543
5117
09
1407
797
8
4432235269
40815
109
17
98
7482923893
334699437
002653
910554027
61559
665915
69883
5
27719
5
9109
457395313
639
1537
2028
37
58
18
34306458
35139308
554900519
197
6895155
14807
2226267
108
8041148
8739
916962898
0635
13
2948215695
8243
832640488
87
18
006438358
0070977038
17
75021777
366643
5
843
6495398
89365
939
7287
5349
1683
670289
014933585
5903
28
3394565
3
036086273
9
03718
7455097237
32391573
1108307
7815
573
7
256812998
443
7525
509255
609
58283
106957575
2992393
703950217
740945
2877
10152887
9983703
73210043
2865528
7
7558
395248
85
8620989
38524895
59
19382497
98
39
325978
0935827573
9207
896049
7
5772097049
7430823
84997
25
4369893
218
5449007335
7850469
3
35
5
8
282950513
47
305
93820138
98327
1097
667
63801957
9
9
78205497
5
7314678588
87
07
59335439
5067268
675355563
4293
3
8
4643
648698703
39
853095
37
048
899
8284888727
4341120369
9919918107
584270505
68
1605173
9
63
3035
1877
1308177
4303
223
2380473493
747239
20013
27
6518
69
3548
37838
0316863069
2601771957
568
2670319
6120840613
8095
21105
751152699
1225
598
4081797
508
90006158
159033
319247617
68200528
4948
874265
953
566773
8111638
4627
2081271043
7823953
386433895
480515
03285135
7117986108
839903647
551904085
3811567905
3
1277993147
3668775
567
6868
661385
3
8337
954782508
68485
9825
2037
00659858
5035168
7
487099667
175
055
053
59605
292268
87712057
743
01346748
750369
3281270088
084509885
1526751778
612908
299338
633
42109368
758
3975
6929
7488568
7
638
8
047
217157
679
732082149
36939
354699
9
578860268
3578
6279187968
99265
2048
3
63953
06207
64500117
0688507975
02749
5
543185
0563469
4225
036465
783
49
17241679
95437303
41903109
7989269
140524008
44298
2720598
225871327
331849
58
39859143
9475
95993
937533759
69
73
95
24546365
6978
4941146388
0269
19
9
8281975
128791338
8706953778
8888289208
0322925
65325629
9840709279
4760745358
56528283
1119
336138
8
8916729538
2581897
48947307
9
5207
871165383
561790223
6458
8749629
5259
985863
65961447
4183556458
549269
5144937
1101835
3585
3763878
90989479
9623
423628105
916335
57679
9998284115
635
9
7287
913
738377
0715183
428553
55
5269303077
104239
803
8046150307
039
2805
40264348
03019
48
11429
4725
908686693
9
83
08078
65
135
202747985
9517864168
76568
9
25055
8
8
51611229
427
020459
535
557875
9
156107
33
3536267
9
4193677
26652507
0599969
834116157
6585
8
128177169
48
7668
3894753
411528
999635
13125
59547
246961687
72682069
88
327
2281825
70371045
589024568
68
37
21677608
646685
068
6193023319
65
7
8952759
9003927
164885
296919795
5176717
07223
2395512728
15
5659193833
0390157685
6271868
349
3662208
255
1567391365
10493
38
37388958
2711332378
33
46369214
719
04085
87
368
831341565
04717
711878
8333
113
13199
10296193
5725879
4244420688
22285
7379158
04437
8746255
35424709
571868227
1470205
5703153368
4730589
6842545
3597
347395
795444903
20198658
9050078
95699883
095898
2664439273
083
5543
83
95
688113
1729115249
75217958
3
457
37173
217401378
61632195
5245999
2823
546079
3
48097
81415
58203
755975
73
2995
1672617
98
1345008
35350827
8626673
2506129007
88
4277
9390621677
638
5980717
34470107
2667108707
5
19
956892919
815192348
8
8509260569
838
659839978
94065325
8
3645546338
493
7
63578
591559
97
14767
668409
965
1732543519
986369
304133
78599
727378479
13
14031177
76143
768925
1342105599
9
060569
3598737949
678845
7
7634999
6459230719
2352153
5
05
9098
07568988
179
687909
6095138
64805
809180648
38227
8840271467
38223239
01162928
0989
926499
651426657
772265998
8139995685
598
3139
3
48629
945
893598
14432578
63
20677
78
777
0923657
57849
7
53
8
833
277
50916897
66505
686993
083913238
7
07
953
530188
7
409
739359899
51242049
3683865
307
45
675495787
0293
5
662694229
02831225
6066981417
2622663
9804168097
3727
676695
915211865
75049
566275
4115
2669
3047928
0726035655
07
574979188
2089
318
9212898438
726629
37
07872297
2329678
27244859
666675429
49
917078
8
717692238
769931008
6396078
1055107
26918
8708613
70633
5323
237
6579029477
277
01859
259
497399918
6192577
3
470177
0810188
9
48929315
457489
6848285
37998
674457
168363358
02945
0636971243
8193
722447
3223803
0416794995
603
916696058
99195
7678
0748979
405407
59
514469
53635
395
19995677
718
2345503
603789798
52678
63
07479248
2338048197
8473
1948
0932267
22603
761453
003
6928
827
3
419459
855998
10957
20681248
746709608
2205
43
128
78822639
3480088
7
85539119
85
8099373
207
70549503
88395403
458
8128
49
229700328
4683120428
5
505299
29
3927175
70403169
949
85917
5
38
299118
739
19
95315
06918
6059129
94699449
98
7
930827
684116777
223212648
8491442337
469
73713
844095
6405
288036015
164093
9
51757
943
303
138
2197752539
4527
38747327
570563683
8069
5740917125
17343649
611485993
673
20235
9987
00648
40661777
066533
39
1738059
670093147
54884285
74848
089823367
379
8638124397
4749
16907
9578
355836959
9441807989
95
79355
3
668465943
1378348
79
46864107
9718
67083
0358349
322983
940664303
32979
167615
70377
0393058299
1575179735
3
8227357
4009
3
6382863445
9
5
136369
7
2137
0848394589
03258
378947827
8069509
433
56668
199817537
61007548
6529703
89487
3
8379
3
43723
95249
778
099266003
28673085
8607
3733
28277
2327977177
241912343
95382219
0012173
6557482047
48093
83
748818
71096328
47600157
88
8102205
3
978153
1779
150648353
73
7165
381025
7257417
9658061193
3156842335
2953488485
560170145
8
4405
3
20332258
813
965
23
0443
461715
3486109088
746043895
488
59264077
193
3860598
3384413853
0469
1237503
1459
513648
755649878
576039
42899
97276209
361503813
4375518678
8
13
29429
05
947
8
7
659
0229455458
39
25756285
907
003
0237383
187125
48294315
25
572203459
3
8868134685
674245
83626228
8
563199
0262733219
798438
525
845849
48
4647419
5
64415
5433865
0094177093
1974322179
340503
26835
30650463
48
305738819
5064050645
695343179
17
17177317
70209
807342913
405833
95
955
0904749589
2238748663
1415
394949275
781035
4485278
888993483
77
77405
99807
3
3536645
457
87
39533
3
980903
965272425
65705405
303
5
38639777
0413
95
47
197067763
1807
3920345685
57599
82685
7227405837
386969473
41205
682033
55259
62802
85520923
1599
40319
3295
5353758
7
334747
426529
977
2922045
6555
3
18358949
0678177
26947
59
149299
929334445
59049527
9874643
30527
17
3968
4875605768
10553
3
993
4215
00199
48
090304495
778332369
4031603233
440837
4589
6642992095
99
8968
287358
027596279
443
0057
077
5392857
1159319
2499527
43
058489
9
3087551978
5253
077627
9767596269
3
3623
075101213
3
158
7919
27
092769067
369189
4873
983
53319
855
46889
03336078
2080871898
36623387
21703
85
60813047
9293677
9
17069
6517368449
131413183
9045
38393875
667471203
2438
04393803
355240647
87
8112573
77
4065205498
97735
4835
55
209304393
228
342887
3
7848846453
525
878
333
5625
65
8405706247
352551505
88129
9
8307
47
39
69003
487
78
7584805289
0483523
750038029
58
23
5615
5169511335
25063
36054128
507
3592237
785703
92691495
65089205
7016530437
554145
12930315
750133
1759
9
379
5
2574140247
8707419
1255049185
675045
727
89147587
09
913215
990589018
3790648959
122567
8
2247733
3
343434969
652219
7
6755234355
49410368
449
3144925
19
8
1702421527
57929008
7703879
705
30138
2327
09
636897
210910383
2259
1269
39
262753
103
75
681247
93
334899629
0515
26585
899
516920759
35555
806410455
043839633
840789
409047
402417
26389
9410199
5
283
05
5939
1776603
6637
83
97598828
78
156641638
2021224009
35
713743659
373575677
020206579
70455058
28
59
6437725
7847099
03813
73453
990227
718208688
8205
4575759
0281286667
61367127
68577
8
866937
216447
86223
567
8
98
1270293309
971592689
163668
45317798
7073
160608
495949
838517
7
5
296956305
685
97067
0453147
5595738
2566688
5100117
578
399435189
399
621483045
797
04739
0135773
6108
013654913
103448255
6645679
6048737729
122867308
03383
7
96208
815
3698
61320723
3249
358
3
89
9
1538445
49982445
239503433
044172409
86218998
65
1598
9153477123
73555308
257365
130287718
8513919858
747148
2879
526697948
978182963
881072037
3
94358
57054108
9867798
69777
623355797
7734653825
553096995
46658
3702587
6768235
63893
4373
8079808
144184497
9
2325192888
5986365
296151709
5
67
9185
68597
210215879
64003813
1379
105919
1657153487
8196275
869872207
331186903
550985768
070987
5
496865
5047
1863027
598863
59908848
4882643
835200498
68
875
45
170432513
17
14804938
50983
34039
63370247
7689334658
5287949
073327705
361649
318125
03
4489
3
53603
6829
975995149
1233
5478847768
89526278
8922291727
5377
9
03568568
179549
595
157
4405
905
0685817
7264667
06723898
0554143123
3557
437945959
38891803
9
9177
1282206233
6418098738
2714374727
40877
2007
189767
34070375
18
485
1033835
72020658
83588
95937
3728
784430389
392598
4620657105
68
946281258
508215993
59
6959
229633
87592583
0148
447729
9635
5542805
055479
3
37
5
9055
291042759
70787
10868
2404265
806495169
9
813627
549353
483989398
0873
707
277502937
0390305
9
247825847
08
33207293
8158514017
896503
13868
0675
5819798
03694613
81227
748
3
04307
59
9361864289
500968
395
2149078245
861684287
807
9
2071326658
7
18069
9948
9949568
1074538
869150188
1883
0622339
5598
053497
67847729
398
508689
121313
935909755
4181699
83
581388
95953575
01643
816364527
2593
706627
8327
523
977
7
3377245507
5006759
00855
145043
5073066513
0837
9
7
9
5620253297
356368
3158
938458
98467
1057
568
273382438
66985117
489303
7679
5
9039629
8245044523
4828517
55
206040059
3858
45
48
403623883
8799
4325323
577279
8
87
8
259099
9
60541148
2287
8395462599
205
336163475
711058
271435
851184738
916085
209587
625899959
5375
863747
660976587
821063609
7
9613291227
7458011468
77
408
29
03
358
78
283201849
613033
1947
8120106437
860437
38610249
7
552067
3271709559
88735
8349
6499
509
7762425085
3
07745
708
5
48
47
67
3554283
6432213
27
76994883
76999
29
96839583
97455
2783
4906308
9
83
572623399
484927
877815
1280588
05158
78419
38099
227611953
78033
9653
852382063
62417
80188
7114563
5528
4819574658
4709
38
225
3520279277
513
8
80287835
17095433
8938438
997
9
1428038
7305909
818808
48782853
113723
3
9273
6644750649
503
903823743
76096703
759
368
6632575
5
67
04293257
0728179
29307
613
45
2781212399
35949015
0048271509
68137435
2775617685
3
4218896247
009
33
9
6369257
3
87387849
1123677
4747
65953307
7038799
76339115
15
8422499905
266437
723
19
5013
5575868
828
498658749
7013109218
525
8920229
05103259
63
209718
9545
528
24463
76557493
8
9799
67
690228298
89120289
3
17058
7
5688509723
55143
2402397
6914548
47124739
13
339865
10448
819
25
9
01663369
8238221025
920197
1126205
5291923
49
957
31415
2329877
547005
84993
845
6523
47
008
23455149
438648943
8356084093
49871327
6725
1416838
1698473
266417
178885
7029
780829
9850798
776198
15
43758523
569
513404827
859
963
48358
05
435463
3
6181115
699
88105
079
7
34519
710905
19
49
0035679
93353
6519
3270679428
37
304817
8760122948
691983
97
981709427
6869
08
577963
5797
63
4861775
851548027
851737
428
31129
948004463
743
9
630699348
3
36853
0233
202863
302458
173545
463
976699
8
2488295
26817258
8
138759
7677
2215
4845
758
27
25633
4315
2062771717
0278
07
09043
664418
62820867
429057
9
58707737
7499133
16308843
5603328
17
7919
5
8417
533
41022179
68708
8
20275548
713
233752799
0743687197
84962945
564744809
629663209
269
6353337838
881546409
0502347
008549443
545897
9137
3011461608
839146239
67
501848
185992549
80807
1620472777
0626983
42384478
706045
205
042562678
37
99
8029804413
919293103
975
46582485
392216499
0856805
79149
503743
399
485905
52475128
5
37282013
8
6665
8250823
092219
7812624575
708547
8773
2055
3
1299833
68877
5
2583825688
14488
916008
71688
6936277
03
3703
995
254897
073577619
557582109
8908935
0958
860195133
842499
04839
3035
1603181395
4309958055
237580115
43
7659777558
8209827
006205
903
3905
8521653027
909
9
53424515
008
84764908
25
7935
48789
3146695917
2879879
808238
15812853
13
009395
344497
1575869
498119
78634595
09857
1075
635689393
615
26483233
0143
060745
3728
777095
7
225
69616525
48363
049188
329
65
29547808
19018287
54915
174520268
3
9
1995
99637
61217
33
52578
354698193
6138467
18
5
074915673
088
603
7212421635
82947
5
9
02159
78
0961319
1077
28
19450245
0813250877
66087
4985
66163583
80580743
663998
73973
8498
81017
2030065
135
98065
7544158
617504779
24877663
3558280665
7158
64847548
736919988
5548755
4587
9826807897
4040067
7
7291415845
18179738
0611798
9359
5855
6827
38
2877029
5725030179
73977
47
437
1449553457
4965
827
5
35
109731207
9638
8
9
15248515
6551033
8
849453
86938328
05544755
8
4074853
6138944525
3303
57898
309
9045
3215
5
985764757
56958
9
32458228
3
9962105
7
053675
80315778
4727
820933
119
73
7319027
1160998
75429617
7121109
28
04839473
70380233
5205
43291208
563738
75385
277029
0503191717
61621935
797193
8
646933675
88
018
453050733
5
6059988703
05
4125
78
9169028
8
358491207
526058
014297529
27
17
6109162265
980699869
882553293
822657147
09719
197605
4357341717
925
535
259098
64463
973
507799
91413
7
99
9
5479691263
7
706934905
378698607
243
816339
5
514580727
1506917
7273
87
7
787
941636487
18
03833818
9473
880229
6175
55467
2255
7
8727
22963
09373
9
731097693
47362525
6918
5
0953
3
23561425
038277
3
42878157
438
3
087068139
89
0085166608
1538314059
03
329
3
572667
1288525
7813307
8
7953
193235338
5120089
15139
9209
25304657
035
324228185
581303817
9
0704777
3
9
4284109939
98915
60115
2638738
8
069067
8
2857183027
15
1947
3635548
852100658
58
9
443
58
118893
637645
183905
9659
17640133
8155
67
7754038
51877
25669769
907
9715
83255
4602946325
4452583993
029272885
276693
4587187
247111277
45
87769
8113
9446634409
49753
812462265
212955
9
768968248
679
41182849
363
3805403
0567
26353
7197
25
2616008
1788
1114418733
054703783
0745697
05895143
457199
09
2188623467
515
9
709
533
08
908405919
36276508
8
8
555
10530005
709107818
5377
568
42497805
4430347437
5439
7365
268919
59497
88
2882864149
58875
502879
05396968
2227418
0693
624605
3347336139
5247678205
49
39482613
709
415
8105978198
778
89
1827227
650639
12803
034389229
775
5
07
2079579437
7
68001279
62744283
0626188
7293
4426956918
7
8157
6127907
97
35615
59167789
8274627
77
807
56747
06717
7
38537
5873839
534225697
3627
47155319
6553
9
4689
8895158
929643
82668299
2118
1174865
7739
737083
310711669
7112635
77
57
23845523
63
2555
857154688
42009143
0783789788
51883
88
5286428
030730459
7
8213503589
20487
5
168
507659
918
479
28
3
35
3
41773
829945
9
83576535
9072898595
714369
993657
207
973795
722546465
8013745207
3883799209
8
3643
752553655
27
731068
8
3951746923
28
421009
57919
97
6150415213
6879
3928
8942033
148
8471289
7
083
315877
88172555
889
06649235
135465
7982911528
56177
812763
925
76488
23
97733
9979567439
43813
3629618313
149
1311749349
2085402069
7829588185
9273
573929538
8
42437
49627
0914433269
5759
55
99419278
368
5
160819
8
590387497
2610178
3
9
979
3935
9
250789275
18208
15
51257
43
282452039
9
575874259
611655
435
2859138
510818
1470022229
020949
79146489
5
21227
38267
717401809
276272657
9
9192146173
6992403
9
295
5
8834298
5817
160746635
763
68
70055
38446288
522455
9597723
49
489
38
38543
17793507
6386280005
157
1063
0389
3
8103
3
4245
1195
60337345
31419538
169565
08567503
037255525
197236319
038
007273867
3875
86999
35
197
5587928
480680303
688
345
45
585
975
3047039
9
664063115
1914672009
2438880800
2703
19048935
2879435
3
57
54960975
6345005695
8179
4769932495
6797
2392988
3
292144128
5629257
94905
0315247
55
622013668
683948
597
28
3454680347
6284955747
3110848
9
3018
29
69
7
13194943
058103389
5
542389
851548
715688628
252709
783315
9467
50073
184945
9442573
18570618
551879
8145
6210248
0253
2266638127
994429709
9
73883
5315139267
074207
5910447
8875677
113131615
6961437675
44218888
5453
1245
77209
640799708
975
6724663
7
2710800539
06047
7
18235
9
9168
6193
45
9514328
7155
24316607
876915
967150403
5
93
7697
5
667
94197
625
727383158
93
496438
149018
97433
7972244903
13
8
748
5
0058955
7295
17
357
8550494379
52807489
7631230345
90743
3
03
29
402607
1865
906237569
80397
463906728
87
479413
30987
8
6882579
5
643125
1321342338
732703047
50123
109009
6573701867
400675
7068
963633763
45479
0903265
9198919
98027
027
737
7
7556112505
04465429
726543
359311953
6305
5
58
93015557
327573
283193679
09
5914498
582215
9
879025
367115103
47350353
2643
1479
24059
3008
98
069619889
233773
0702728993
745
6948976019
248763959
99
7097012953
625
988367
30036345
66242545
188
209549
59
277
2355
23
2547
45223
6937
988
446513618
081945
208559197
1853
831917
14514533
695
6178
261097
2359745697
403399
789
728595
939437
803296925
43915038
777
03403
6541197
13299
107
352898615
505
5
25688
2720550379
97171443
111667449
9
95363
8
07423
031540108
13
78
678
66745
163
8
26368
13693
3313583
672917
78898228
614559
092748
9757997
416689
639593
7
7945
773
64147465
617
47
83
070551207
3750977868
43685
8174999
0733800887
179
9
675507
8
8
3029
7788
3565
9296049089
73127673
674224885
5467
927
534433
5772923
374449
760903509
2874975778
740408
54175
0049994278
743
618
798
57
5655423493
28
36223
3328
2065909
8063
04085
9
37769
32485
8
5
1869
7
2240979
634143
6737410207
47
448
860377865
87
2611415
935
097276313
099423
8
181048259
78
779
6870916077
87477
30473
443972137
741361779
214737309
60323
748
577508
8
4785
698490597
128069
226509303
92498839
222448
409063
518
153
5788
4717518
430908103
2057
3
344975313
15189
4156239967
665728509
3726088045
9984328
2431245
0887
845
59
05
5605
4772869
2865
5046825
3
25045783
231115
543
171983689
819
73068
349389
59
04159
1562652425
2540579
155056937
8920542153
466004608
19
1120517
415557
2453908
5483
149782677
66985
711177
124139
8699
55675
5563709
38579169
3
41535
19437
439718845
8339
36237
918873
78
5
935259185
063873
83
73
83
98
5623
33
9326786397
59
2243
977
556219
6458
6672745558
6308289
83
36345
49467158
6113
7366119
7281387
422504499
120659475
9585384083
154537053
348938
8361917527
7
730827
824643
19
569
796268359
23
92193098
003069
778765
1517
0259791737
7538
23497739
7
08
95
5002762068
355177
00223855
6847
8228352543
66193497
403
59
12260685
675
8878505
078558153
00538
3836783
1245498
686373
29
5547086653
438787
2501705
09810845
583
33
59
186887
80805107
33
7573
4038583
409217
1347527
6108207
593757
419718458
9913
6698181519
853
5655
81773303
80915
3
9
359999
6209
23
8215
4764205
7186335259
9
288
35
855
7
941133
1890956309
096161773
408705
19963
611413
015127447
717508245
8
3
04791168
3412231483
6141371207
8454780269
30989228
7
967788299
7879
636545
394403
78785
48
1272227775
32127
04779839
19519593
33
315349528
45163
009
678
262259
9
3
340503
3
53316343
7065355
3573
187
2683
7
5
75967
1408
217957547
187305
0412218977
266874387
03309958
7
288968
7173
2461903607
682698
95
063460407
0643147
63943
858
98155
5
100197
3668417768
1403
27838
323540588
21926408
177208457
3672728
24306937
097949
152010533
332953739
9219
0809245078
198
7877
4013
5558
28142797
76513208
35
1369
1122397
8124914508
006503257
9364013815
86193
8411448
23679
2166470453
81580359
7698
66692923
718198
721999255
7
6488
718
729715
92949928
3
738
53468855
1195
1565
25
03
4193811409
9414722629
77
11813463
5309217
1332046877
03
827
55
406195
7
473929
5
8267
37078009
2372845
54653
33
710193
8099744039
099
9421631818
670101603
89855193
34398395
28
47
180654087
0878
0504769
568
73015
416328
359415
098
2139519
69
26440975
08
3455
051788895
2620489
3053554599
8219
61008058
09645305
609940615
98
742380723
934824597
24803
06376793
65235
580897
27251619
224979
845359
87165593
3085
16789
3
509123855
76598048
5429429955
9
876200523
2826465203
7163
8
330003778
728
93
922180517
2471334538
5
980484727
4833
88
8
3361446175
5
05225
08988
680020363
4916128
87523959
88
294605707
52663519
721113
93
21564563
85
23
728219867
49398993
3
64379
09723909
960689
49
3855
2254503659
86227855
65604847
08
65
8225146329
593832623
6656309
20388
4275
387333
171909
119732423
63
049746799
08
5657
05050493
2638
55318073
355284553
6232285
94695
390160063
858
7669357107
37469
8
1784983
891521307
03
69781079
9
99665
8278595515
194828
87149
52153999
6537899
501489
517
314528
758768
739335
118849009
7318
5
08490517
987758
22839
39
93655
5368
563
88
05
43
799
5
135631868
274348317
746476449
97
3949522927
0415715
15988
8
783
152515
8825
7
65
4734068988
0740868
2919264147
928971855
9182356219
9947829
645
7949213
2356106037
2499
6343419
133596347
9719
27
063483
415603
5668
169
6743093
90730535
08
1794100153
443
8
344759203
417179
5
3443125
96623
5
407
46000919
106703
028408697
21041445
79
7
4313133637
329
84725223
205
244257518
497
63
95
8119
042557528
8
433517
397205
5086673
1389486723
36715
23519
67911817
11708
3758
28099093
1935
599978
573
162828225
1519
628907
1197139
8509
777219
45044693
91375
18
2115
818065197
705927
47182063
275319627
77037
8163
1039
802733
4535
99
7547005
15938
5857
184779
6421849
1714514603
8
5
0725
75638
858
058953123
61759
3963115
6397745
8721024103
3
1766308
4761592353
895883
5418369
94288
8689072399
19
988433
649945
63525895
7187836077
5
7538433
75
3488918207
6899118
3482908749
3
55
03899659
21513765
217
176018
36309
39
74657
27
5
29
414538
89834977
507878
5
459825
258409
266701679
3527
55168
15
36013
436693
7
8669695
0347
3566668
9293307
22138239
37
5
44871725
3229
6750383968
193
89
2278744437
54819
8998
28
88533658
3
5
849618
4308
2722598885
7
048
18
7623
678179
00325
3585
3017
104273
232385799
0904201359
89748
149
53
247727
79
065
9343188
005
959
081276025
738899217
773
88905
41337
331927
8
926859477
35
9622515
65
5037
79
29155
993739838
475
59378899
5
60836983
7
6077
3034527
35
2635783297
57
0241319403
219799759
25427619
07
3407420458
9838965
48549
7
627
058
033943
8
224169549
387967
2487
176665728
19
9978748
0558
115
7
93
441517453
064803
8461993
9857477
234464047
48
45123
8558
22838
96008
0134569463
170067
475
09
935333015
6123
725
23
63
098283
9
5825299178
965102609
869778
325577
3
265570695
9
17201937
896891219
2440388058
79725627
9
78578
2821629039
8661847
7205217767
75
6265
4858
65069
97
34041515
5713612985
5239530603
907973
66092925
5228943
3
6659875457
3497747
15
60263158
0053438587
818
126583
77976737
924104928
8107
66478
5
803
990577005
18207558
3424948878
8
997323
661272817
123
21128
08260333
3
1360129349
63
17
849834275
34283878
224075
595585
52058243
413
4767719
850747
585052657
5404024655
7098
5521714127
8277467
07943
1565277353
1256508467
0356094147
52477168
87603
183178
5
968798997
628
477088
705178
958
21079699
4117
145
96122998
88
0084927647
8845133197
0223
99709
6175
7
98
963
2773
235109
6395
6051881188
19
3356786693
9096277
118
164237
8
9
976232933
05699
319075693
98
248
705
7437788
5
7954949
4497309359
3604597
3
925
569979119
3223019
9025803
1269982475
7952118
748879
9
134642305
82632637
3870356619
47
06404387
699
181473
315783385
797604195
0769227
1928439
77298
40873
69
7708
1813073
5
8953
658
8934060947
0257
108
9333
6828425
4808
612854327
50209
78146783
55
4392702435
53809
1019275
6087
6453
8
69465
17
67
7
635
2899113
638493
70305383
95955
41099
280598
5094715
793
9
36812148
46073705
25
9
176104817
602837
730989
7
55
3
1593045065
3
5
79727
49
9685
570722637
5863
97
3
6693907
9
904603573
58
0680549
7540368
594809
217
18
341949
10977
279
44339147
0279
69155
4708
49303459
47407973
73
5979693468
1882533745
153788433
1625
8287337
80447
51266897
86166617
4383218778
208913
08255229
9249
4673
33
6020076508
785963663
385238799
03
4933465
7271479
011043
9
527227169
6655207
7725
5307515
4365
17691107
2988070743
241876028
2443
5
387809
5021762603
3143
9588
8058
727491753
27764227
5919
87
397
5317
95932663
47
52215
20119
76179
668
27958555
048
247625747
558
46373367
47708
9214108405
279131137
312538
180607
38
5619394789
0448
7287009
8301370143
25773
168609
3507
7043982367
7841945
18
89525
911505
88
06143
18
90930315
9872584727
874449
93807
2023
528564615
1999
575
45
80469
365
72142187
9
6127
898
88382415
4415368
665697
3218420515
99
58208
090492027
7
79313
88
97100163
5350142337
415
8387
80216959
87
11334758
13067
709219
882898829
1007
8218
9040838
8
5
2549
3343686529
244486259
98807168
5
5
2467016087
77316007
305959
35
229
10639
608957635
8
37858
2345
1833
35
18769
693
008
748473
8153
5589
8358118285
286999339
8
4791010343
159
13
9882597
026259703
5
19405978
337515167
423
38
373
0148323
8
45820265
2362308
5085
035
3
2591533457
25318
9772463
2265367
0427559
3660058895
080823168
5
937
683418963
5698
9952921253
8
7
333176015
4093
7
9115505
7558
9
3238908
3721777245
831918765
13
52385067
975775697
358
89658
79
3368193
86341745
899811398
050007943
712254049
2380939
9454853
9
2658
34796288
6729269
3
4846922138
8064579
10209
493
41409
15393
418208
7765564225
9
7
88
03
3
353567589
929
90188
769
69665113
13
953
2278
9598
8150587185
777419
23583
377923485
7
36733438
75
617
6396573997
6488
8466039
81177
15
832907
279
679891283
7151709
7814300565
5335579
87838027
5835147
53
4397
444898278
3
547647719
64365655
9537485958
877475
153
99
745
5259028
59869
1811978
6396066633
508544897
66157
423
91128623
2106980978
5734345969
8
19
7
67
5
8
6361824138
7190891303
391895029
863831335
16523
3920239
4467
2917170778
378
822578
9503884219
0668854418
35199
508
8
1410827
5
070035
33
428366359
0787
334155
3
72253
3707183
547
35999
756591183
3
8671679633
4279438
05
60127
9
5
334405
9
99053485
7
7
077
90075
00229353
62986073
8748918
333537
7386605
90498
298357513
091929055
1735766968
8263
956937
449830315
10589
66349
647369817
604775039
7995
628
465626383
7115188
5988983
8474193877
2369
77419
4442918
7059
1080555337
56118423
179
145004785
743
43
1047481743
386557
83813443
2198
8585
049641388
3
102619
07083987
5805
266287
38
789
64708
8985020773
5184665
5595
87475
3069
7
3
68748098
789
3038
901963163
29461203
01538
15
69
9
245810603
687417
8507
208363653
719
5431529803
21809547
411122415
5053336663
00173957
556906387
877541407
5
698
69707
9272725
592148347
625
28747
48
8201313
9
213689
75246789
561958
038
1402341788
88
451373
72555
5
9117
7375
344195
978
43
7
793
042313709
3
006940969
8
307
19543
27811918
7999827049
39629798
98242278
49
60839
8
642955
3
01564708
15
09
7
3593987
73
311433023
609205
0504877859
0746215968
4337
96069
165
11975
64763
69
131397
3370708
023
04508863
74695
92986533
845
6955767759
7299819
23033257
51675
739
42680499
174478245
4029
3
0835962875
96913
5951163
983
4189414643
7
611289
43
7
386368
645046189
63
113
0036978
8
7557
7
193841703
63695
109428
304616967
5783
5919758
77678
0783419
5738
461927
660953305
595
792620648
62738398
725110493
88
27055
9045
34059328
8
846395158
3
089
1911695
575
2916807293
46783
6875
234910073
1299357787
859
75449
262954909
07
7905557
09247
3841005
18
9473785699
9140587
722598785
017758
012395437
10546178
480575
3278041518
5964363
85
1012087
45539817
468022487
00587
52119
069
467199
13429
533
7869285
47535
1807291925
8577495719
77
0344991883
917901487
5715
390691555
029
5
77513
4724585687
48249
60892898
34432467
910015
3
45
79340653
823
8799
88294263
4212124025
51962798
215666709
6609
8247
35218
927157585
33908
568
7902612297
8587
75
26246378
728063
705545
05471938
677095738
53885017
4417
055285
53
3992749
601723
069
65017
5633994858
17
09
3081397
26219967
5
065101709
37
5899
0249186639
825454638
95
913138
09303
280713
69
848
7389475803
3
55
865
049
37257
935235468
82157
4105989
65678
8
7388662367
682407998
5252913
4759
485
24803963
13
8
975409
7
624919125
02992519
6702125
062565235
7153098805
149435
3897762389
5
19818
44059658
6203
089
179
317
527
96977
8262657
452662447
5892976757
3
67
40614343
6846595528
108437
248699958
922393
1646620199
19613997
397185
02686348
443
48983179
639
895157
771624128
58
87158
53
846317615
547
292997725
75246658
881449615
6155
67847
01187335
08895777
8
79636397
189898
65
292157
20843
637
3905
548999
837
3104857
5
264619885
24729
37370933
0107310477
4585
48044067
0952392098
55
686169
6598
0175554565
38918
463
15383
385
3
50427258
1999
9
509
92897
3
86597
762408668
8777908908
8268
039608
57
08
637716129
62508
90517
161183
31624183
60115388
13977
39063445
625
3
85
924865
289339
5803053
896788373
39
4239
675
9319345
7
4768
7157
9453427889
959050807
83
8092665
0621428
5369559
43
57
575
60055599
9928
90725
225
18
985725
623
222017
748
4518127
5358119
17428
446167
1265
64057619
414245
163405567
7
169763
99270578
0879
929254393
114219
0400897995
8315
3176667
96520187
617803318
35
571680838
6419
7829773
45
511898
43625
082329188
493335
178647
21287
679
9
63122668
191586693
407
54658
105185133
73
35045
53
03548238
137
65113
9
76509
5533503
633517
0863
38
521019178
601815008
51413
77
018
06697
24139529
853
645015
95
69635913
9
3768
9
478
58
24579885
06878719
7
49
1799284348
817
9180743
18
2579886567
917
897
09
8037
053505
7453359
4988
3
431467
500398
3507
405
9
38965
773748
67389
38
6529945515
35
543
81545
7
815
3
9946107
911368
499291585
53
42419049
69983
34567
9953
275645
97
28338
2088723
385
67
73
73
668
3
67
4258053788
8370597
81679
322797375
87614808
520293
38822723
7
796427
3
24134389
3
5541203
6408
320518687
8
5
289
5
5317857753
3
203148
50508
83547395
76871303
630855413
213025
085
7688
3839
036569
8
3
55419838
9
89697
73511388
827247
038
74895469
3897011847
0419793
5423208
95
2941358273
9
1526522343
8114207
4997934328
7993863
157429393
7601668935
03650937
5854845239
955
841953
8367
28669413
9704939575
9910408
163
533
67323
3
4958008
93233
398
3
8314752733
639
6087903
05786018
328
1889
6624327
635364918
47483685
2527
790233
95
4299
5
019243913
3685
75551047
7
28164753
927156457
95701958
2989
849
4488703538
474068299
8
7187
31151757
148902885
87
389
3
899741247
02573
804899
013
2319
028023
81338
179
5143
6454417917
83
33623027
4629107
3
448128
0489669
94423
005094699
0827574897
50495
3819885
9483
30465
19
93766408
736673
269837
5
127
907363239
05
4563
957
81622947
5755
70579899
2679068215
8123692443
3117
08
197
206183
48
485
7
2657923
1523
5949
169308953
4155931303
4339435
97
6898507
27
15200267
3
633
39485438
848
2097718779
6539732303
2613017
5912286959
111059
025
02255
3063125437
9
8515
8
0826516178
5064738
5369513
5249
513549
796766215
527
43
3583084218
3
4883
7923494309
2625
0101577
9
9
853
46207
96693
9242755
2809
05
53469
9137
5
905337
589
03
096053443
705
22520185
3640538
12579
3212159
7099777
5
5
759
05519335
29
9402507
0862963
093438213
677497283
712499
3
07903
9
409
517077
7
512805
2264813
49
198
9477
5553
98751439
0185094543
360107
40373
680207
345
588
75395
569
9654984933
824797
3889
9089
4947
4287
3
028022117
3
191370225
2239
308
0532093697
05473155
307133033
081145
12020375
1514449177
826503
51697
8
3
5319173
2259427019
5
9758423
058179
3623
33178
8
95115
28485
0099682358
9319
628
16007809
5068425
4945
98
2193498587
628875383
44542577
1510831795
08453
9
9
5864825
438062643
296036765
05
86058
4070521295
73432095
3
6917405
05285673
460925
8716048585
912298175
28818408
7
1471958
953960668
39289
7
20133997
225
99738
1067
34482263
0751245385
2579
0745
223
2109
683
45766693
5
98
9842368
73355
389
47
1469
5
7929653143
41689
3
741895
045
0621313948
935
33277
0182689
53
45653
315208145
198
8
0153
8985053213
6104845503
46228
39
735642577
5
1827
9
34323
88
6627093208
7549453
8796295
98904309
451535729
77557068
179146018
126625
748
3
808
71921077
79
431923
6845231225
9
579
344411898
4632197659
28
680045473
9842488
392502483
2780259
1965745
6417
9
2424280003
231828567
67
9
7332913
5
7873
872250753
391985187
3303745
2715301453
98
8865613418
7
59
38
180963
78
8303
840843
00734115
9557
65
764317
80469
5
8
52549
8
2536199009
3752814935
74873529
5
9493
737668
282446877
837
70452138
387
354769013
505488383
39273
2948
048
4964299
62787
14051959
387
362004433
9472975
407947
938701388
8
87456888
5018
5976393
6556097
79
53
9524608
402458
8325
16587
763
1834283
9
5861343
8
4858
08
93351845
8878874228
5171715
5345736997
591270355
812657
49
106741317
715
3687709
12631707
41243
07
028
5
898
6754755643
157530978
8
2218
8
8853683
751131625
519837
37685
916979
53669
505
785
280176788
2780623
3003
6900632968
8466752808
3276568
14383419
6333479
210063
55
19
68
3237438
519
3608551588
3493
73295
8882107
9
05254558
79108
81649
217649
007
4103565793
79
3250475637
9
701285
61006823
313
923
8
101943453
80814417
73
39279598
930065
16458967
5
739
207
837946525
19
5
0717767203
7245
6717192223
589319
4381573708
008225
23702427
445
98973
0543
1193
7
7596778298
1765
5817
78
84889
4041422889
8069
09403109
3543
9003
3
37
80919
146639
5244353
5303
0611960309
05
37285045
7
4994083
2067925
33
286043
304312385
4091415683
44884845
4258162833
4395055488
81088
33953
9
3935164457
71549635
295609259
39128375
25
0608748
00413
0918479
5187685
35
85155
695964333
940039
9
136023
7
7350847
7
00328
06959
139
418
8961668
502654748
43
43
536253
2477475519
55
877243098
9
8
445577
3998
17
27
0709
88918
4981239
902376747
31574187
28
248800148
5495
828
4531455
69517
002307
28713
5
08389
678995329
7
31018
5858
329035365
5
3
4533
792588
373665
686569
8
885
65
445433189
5679
447743
5139
8703
698237
1165509733
31827859
4173675
728698
93
095239265
3
350763
678
158088
8769565
474347
5
827005
8798
51247775
9913657
65
8062789
8
3
328
0957
87916467
009
853068753
708245617
0303050413
78
406588
6920807
07
69193
09
7265159
667
8153387939
1567749148
84499333
66729
169689549
75613829
8055
7
752279
14837833
607657227
6539525
659777
9986275
8162725
46039
37433
03009
7
68397
8318505
649
05561395
289605568
2135
385245
32699299
0467
625879
037753403
48
8272695788
18
517
758083
498
359706297
83393
9
965843
17544445
19885
118078
58238
8
6355
5613
38
590652265
00492923
80587
23187
0243
96699
843068
913447
3
5742875117
9
8427
4421042833
4625938
276129633
917
13088
859
3966309223
878555
359889
6446679
513196979
8803
611929819
03
2667757165
064370803
3
3532985358
53
113947728
67
848834137
3669159
75
83242578
11943113
86884178
42297
9
48
49564669
729
4036188
9415
7
53645
198
889
7331201177
99
0894459263
3357974339
27922698
5818855
4557
5
24037699
599866947
18947
535
031027
710364723
076475765
805263018
92820088
284210363
56765
9973594875
1025323
7669
69
389364613
15
29
56736069
084347
5513
6583633
147443329
478
56813
451042897
5
293
4590755869
957
58650449
9552747
2533489
6943319
637718
3253402709
6547
3282483
62559593
836313
6143308
7
05538799
031003
9967
9889
3776636455
30670033
4323957
2060495958
31088293
43967
028
1339
4532250517
67700518
06196985
45195
3
088
97
5344639548
53223
033198
062122263
3293
0460757
842534057
0448368335
0079211507
7
0013
9513
113
897566949
255
5
0303
989370599
148707
8038569
65307839
07998
87
145
49
0223
01137095
43519067
25849615
644207
67229463
07
324808337
745488
2327257
547
2942602469
13
765907
280133
787319
86792773
9170695195
95448028
510512137
40158805
94185
7709
659537
04591528
9412173417
90800025
117949
6028489
82177
53207833
2258
07
573047
4595127
7
72136439
66530238
3
87
215349153
58
5620471079
677003599
8147815375
542772089
748
423
8438
504798127
98918129
1188959
5504327
8
8
777
1635
988778038
88729813
3622608335
1807
89703905
185865379
5314599039
00817725
452637
6573246688
92610545
8
053763895
9
8367
1075
65038975
8
011378787
7202845
215
47
9
8
19325499
007
14428713
8404975
2069858
8
798
53
20823
9
8
9116037
2899920733
5
90992129
214562187
58386255
0410808
319
543
0938473
505
11007265
6923151735
427
9829
27583189
809808
229
52187
3728694285
62617989
8
328387
693557
81400279
078
0694856309
830299
6685
3
097768665
817
3
0559
815
72983
33
7673240337
3
195
9523
05
1282735
973
521378
514744043
1385719
08958427
10750413
933133
43
532584807
164125
739867279
88078555
37
9
581700269
7438
7
804223
29
043985819
814751989
5464743
718845713
438268
87970455
3017565333
488316923
859378
68067003
18
603
9704417109
629058
984085
94598
512504713
1007485307
41477395
14093
7
83
5627493795
515060578
32813
409377
132733
47319247
085
0039
889
9
7556186973
245267
9
7909413
8
39070797
31451475
13
12261089
4697
7936255479
4467454959
81380075
698542668
171891497
41137
7
690987
59447247
21883
7
13958
4131139
669
7
29808
900437577
94680253
7872625
8934932808
654432503
4425
6127
21443469
3
9418
843
17
2085
257939
69375
9988
9
87588065
59
929675
039265
977
057908789
35
0121539
98
507583
8
848
300493
3
54039
62437
865
866326873
989895
041771089
43659
7
99
68
78418
86944727
2244308
2957
8479367
718
875142068
2917355
49436093
018
183
0129
9
9668620003
3934249
77
064672135
609
7
395913
7015636183
83
067984868
3246014618
0873
6710955
421978
28
83436387
303
92576343
831637329
8733947
364073
019
67
3780295
88
9063855
7
5854106205
98
691372938
9433
1267935748
5893
27
2013
07
34957083
7518
2053923495
78
77781608
281918
514056908
17
8965132158
8815733013
03918083
70303
9177969629
26338
3595
3
08457
899
6703
2951993
7358
8425442763
5083
5374160013
417405
207299015
7
7056118
8826238668
455
69
4150947
1621029
59915935
38
78526508
673133
017357
1404939
8
8857
448735385
4802117538
07799483
55
9
29
695235
1038657
2752234045
983
155
87088095
0272371847
8227
368502835
5
31818
84270707
69
29441375
85
9
65
25248748
3
9
58853199
593866365
605218365
1983335
35
4704155
9
17
703
7988503
665
68
6167
94505
3892718
6248
3483
873649503
401408033
119254747
6087958828
377
8577
18729183
35
450640917
5
993130915
31405
48
57109827
113
4770555
33028
18
704269
278
67060273
45
62575
58391565
16699
53
421719227
63
59508
81313
28
6540537
7239
46904109
329808
9540867
99
6299
5
315
7945102759
786196668
7
8
301841538
7236622688
66368
51855
7
617
2152233
789
337183478
319636258
612708
140733985
54359
31825779
05
327
64665713
296825
925855698
172708
37
1503788
48
7033
9
03410063
5588
3
9
70492755
469
6373
7
673185
587
97
47
23968109
740155
870979
5377
1377873137
05628
30878368
4363829
6069905
39
774047
9082469713
7161671728
202444195
998451537
2962633
8
9039248137
8319258
214358
147313
7022350778
99163
7725951065
9
0823211323
12650229
145007928
9
8074138
17
20907123
79077069
95767203
565889
523335
03
508
240058
220029958
5961128
73
161826829
9768473
6108
77
9
85099
74766519
2539
5
540460027
817
451679495
227694688
3750698
995
7
48718735
48334938
81719
8
1663985
8251143
5675
37769
5135
7674385538
6857347
3728466959
3754320808
812618
78
6457
3838
78889533
056089
9
47937
594509
8940988588
85836865
0435397919
768
43687787
716778
2568
565
03
18
2753109
43280058
79
327
7
6634480475
30148
854050933
9139
48
727
65
614856605
2429625
36489885
0036276275
3761037
827
6107
533
586768
3
047
7
85
1177
8369715
376467
829118
8964315
89
74316027
305
1827
03
158712659
8104924229
430761499
68478
025
4674709668
7075
53
088134389
5
7013718259
108
5203
6606944673
9693628
8413
7
5853
5483940275
677
208
0596015
3
0930863
2317
231601079
7
10695
4178080339
937
37
2799
472258
7
279418
19
720576005
601379
5
281238605
013797983
938315
1857298
7
53619
2391943
16707
63
659539
4748
0758
28
72395
95912773
8725817
909808
187
493
938994518
85
842936138
1959
347034948
226287
7029
6948
5588
9247369
321522179
037867
034947
87383
52865
595089
5
2489
3869
35929
6469647
813
88645478
9676022097
8252453
3733
43
771420315
072909
8
25
11559
5823896777
05263
905618507
28
7361927393
039947407
69119
1855017
0369749
98
5
88
685198
239
421003
845
82186629
4517
189
964729049
8484106378
74878
40488
308
65
74952859
865
24999
4991547838
81876499
7
83549027
366808698
6793
8
5048
25
5
55073
45
859011363
821139
3
79163555
2813
3415451353
443259238
763354959
28
59203
3
8983
2428
8
034255
8
595
85
289
41049678
6906555
9506058663
735035863
9291579
893159
464373
500931575
606623683
