1000000000
1000 1000
1 755 580 812
2 101 643 638
3 602 645 375
4 135 655 580
5 205 924 756
6 29 927 635
7 730 974 15
8 610 476 782
9 20 45 993
10 747 462 122
11 329 490 346
12 513 593 541
13 441 625 625
14 275 702 285
15 759 143 66
16 64 631 111
17 360 114 623
18 460 464 186
19 74 60 633
20 242 93 217
21 967 494 4
22 292 639 293
23 487 395 81
24 76 468 609
25 413 710 273
26 193 539 596
27 752 281 974
28 403 26 475
29 855 473 363
30 690 673 945
31 267 321 735
32 788 490 501
33 761 168 722
34 110 991 774
35 601 50 265
36 349 80 638
37 504 1 107
38 907 718 997
39 932 267 824
40 258 708 45
41 538 292 40
42 994 850 111
43 910 778 294
44 381 948 477
45 956 389 228
46 845 382 756
47 904 820 365
48 328 79 517
49 461 250 147
50 463 787 663
51 995 890 15
52 82 627 626
53 278 188 408
54 667 983 145
55 188 733 567
56 457 66 0
57 499 944 726
58 458 751 740
59 133 150 202
60 182 377 566
61 138 515 393
62 869 422 249
63 415 724 889
64 638 767 168
65 339 853 854
66 598 235 580
67 144 821 10
68 456 12 828
69 751 50 522
70 388 88 593
71 209 196 546
72 466 744 154
73 621 461 52
74 264 656 580
75 912 785 248
76 374 90 676
77 211 970 59
78 51 466 745
79 843 368 463
80 214 868 670
81 949 637 829
82 427 914 427
83 657 435 869
84 576 726 925
85 497 843 492
86 655 880 211
87 798 354 573
88 892 700 648
89 302 58 348
90 34 689 165
91 223 619 465
92 748 150 86
93 350 150 261
94 612 931 371
95 915 754 677
96 308 486 220
97 89 586 110
98 541 482 358
99 617 548 968
100 396 342 748
101 386 117 585
102 997 415 717
103 286 256 633
104 435 861 463
105 99 47 846
106 953 857 263
107 887 744 464
108 23 479 999
109 233 22 479
110 113 853 923
111 438 415 833
112 824 206 140
113 6 616 57
114 665 521 293
115 30 910 696
116 938 1 995
117 67 328 100
118 156 533 691
119 481 390 821
120 986 603 696
121 516 22 293
122 676 633 938
123 239 692 937
124 273 92 968
125 921 264 707
126 566 989 467
127 553 971 646
128 772 283 780
129 271 988 746
130 896 159 106
131 906 938 696
132 916 380 513
133 661 940 897
134 586 534 622
135 622 9 174
136 414 530 78
137 103 434 109
138 391 568 757
139 183 350 663
140 108 62 569
141 708 628 569
142 500 919 285
143 848 960 926
144 789 218 633
145 607 867 391
146 672 921 545
147 851 671 320
148 763 551 792
149 972 730 92
150 741 67 377
151 783 751 165
152 129 700 49
153 687 253 919
154 366 879 646
155 249 784 286
156 107 829 449
157 42 758 572
158 732 277 226
159 784 678 972
160 295 755 747
161 980 163 512
162 562 680 290
163 196 975 709
164 889 487 255
165 121 498 74
166 284 401 700
167 897 534 101
168 227 901 171
169 90 278 312
170 846 222 512
171 723 957 159
172 790 857 85
173 726 640 29
174 47 843 403
175 627 458 751
176 105 661 346
177 875 37 668
178 424 245 369
179 961 210 216
180 137 20 831
181 15 128 95
182 126 208 892
183 901 548 622
184 876 378 409
185 54 752 0
186 404 801 124
187 416 868 319
188 853 722 380
189 478 177 132
190 849 61 631
191 279 928 617
192 530 232 219
193 179 860 150
194 893 847 478
195 557 440 938
196 1000 724 260
197 582 611 9
198 675 987 79
199 951 134 507
200 315 855 207
201 486 391 495
202 340 750 768
203 382 427 631
204 495 774 348
205 160 936 434
206 244 198 11
207 966 427 572
208 701 23 605
209 600 46 417
210 984 837 719
211 336 812 40
212 181 406 599
213 666 708 900
214 854 50 419
215 688 655 580
216 148 136 739
217 44 809 420
218 367 656 301
219 437 776 193
220 536 612 568
221 253 23 114
222 987 612 225
223 696 858 477
224 405 96 255
225 363 205 935
226 63 741 725
227 778 310 258
228 618 852 376
229 713 736 781
230 240 405 813
231 680 119 69
232 277 947 180
233 324 114 954
234 978 48 149
235 22 864 853
236 383 588 651
237 45 993 207
238 964 124 482
239 78 689 708
240 171 792 443
241 187 635 993
242 693 353 660
243 434 0 671
244 48 167 338
245 489 69 881
246 539 335 333
247 307 40 223
248 65 962 697
249 894 60 985
250 691 939 389
251 140 849 282
252 652 216 309
253 587 780 805
254 911 358 799
255 392 776 312
256 826 637 215
257 568 636 7
258 786 974 979
259 298 875 797
260 918 138 311
261 858 547 687
262 371 414 391
263 71 496 915
264 929 762 544
265 998 514 333
266 243 489 920
267 41 616 623
268 716 67 611
269 597 293 417
270 484 927 184
271 4 886 222
272 884 386 77
273 207 439 36
274 270 756 537
275 668 261 270
276 996 117 407
277 218 881 718
278 281 1000 925
279 337 104 281
280 215 757 398
281 150 728 123
282 359 340 195
283 926 742 858
284 28 20 970
285 398 129 666
286 975 233 426
287 945 33 120
288 201 43 747
289 104 934 532
290 95 273 377
291 266 221 68
292 736 372 818
293 250 899 387
294 870 315 158
295 472 212 811
296 16 941 738
297 991 679 392
298 358 307 500
299 795 163 578
300 293 782 260
301 663 983 528
302 365 170 428
303 39 121 353
304 306 583 271
305 800 934 627
306 86 120 639
307 387 120 168
308 879 2 732
309 937 650 428
310 558 919 559
311 545 477 219
312 554 560 381
313 844 61 698
314 18 569 468
315 917 84 418
316 248 214 591
317 689 831 842
318 559 907 373
319 432 27 913
320 809 285 902
321 268 475 346
322 269 40 363
323 321 816 603
324 204 967 517
325 445 482 323
326 609 303 979
327 572 246 873
328 469 374 904
329 431 521 177
330 934 326 634
331 979 967 110
332 973 248 722
333 811 337 110
334 707 886 47
335 900 78 119
336 833 294 339
337 881 881 278
338 385 475 901
339 428 395 395
340 120 615 639
341 502 912 236
342 236 368 654
343 320 576 909
344 147 127 74
345 670 817 858
346 483 536 814
347 88 757 670
348 8 978 318
349 556 23 70
350 947 976 298
351 491 702 241
352 442 771 657
353 190 183 102
354 142 706 588
355 199 908 376
356 111 812 934
357 162 467 91
358 886 758 353
359 699 212 989
360 860 388 554
361 454 709 90
362 611 53 302
363 988 200 575
364 234 652 908
365 440 286 745
366 817 599 114
367 619 820 667
368 422 698 47
369 444 588 239
370 114 210 796
371 842 198 94
372 446 457 772
373 309 85 1000
374 603 161 210
375 950 877 353
376 43 999 295
377 715 536 856
378 164 947 52
379 535 151 246
380 940 18 233
381 40 251 895
382 542 110 928
383 746 232 369
384 871 242 494
385 222 7 7
386 648 818 173
387 98 191 530
388 806 778 100
389 375 412 158
390 861 341 392
391 310 160 295
392 760 789 830
393 191 756 596
394 433 253 662
395 245 756 978
396 77 533 895
397 409 945 506
398 235 912 63
399 343 606 885
400 865 71 13
401 948 342 35
402 411 316 880
403 91 888 523
404 57 151 70
405 565 888 70
406 485 338 321
407 378 311 374
408 231 611 948
409 830 866 202
410 83 22 128
411 79 535 154
412 46 711 867
413 767 452 421
414 585 646 484
415 808 371 786
416 769 902 76
417 36 574 499
418 7 871 395
419 874 434 17
420 781 177 877
421 890 579 482
422 400 543 697
423 33 258 66
424 544 955 638
425 93 113 917
426 567 718 635
427 287 130 865
428 480 348 235
429 579 528 23
430 60 612 322
431 711 992 674
432 198 7 899
433 684 380 299
434 985 258 81
435 764 674 691
436 549 499 229
437 333 412 803
438 146 524 717
439 971 71 626
440 124 74 982
441 61 313 20
442 109 874 856
443 141 156 792
444 528 331 950
445 863 299 128
446 981 949 137
447 599 141 837
448 575 363 55
449 831 965 137
450 206 854 486
451 158 992 173
452 825 35 577
453 681 384 530
454 73 690 558
455 818 656 729
456 344 898 747
457 197 660 735
458 740 159 627
459 163 891 21
460 563 863 795
461 282 724 954
462 117 720 441
463 195 493 711
464 955 261 207
465 850 545 12
466 159 813 160
467 839 731 130
468 263 732 904
469 898 251 947
470 80 328 190
471 255 788 59
472 742 269 247
473 573 335 901
474 685 819 981
475 631 449 473
476 529 114 692
477 106 38 30
478 594 851 726
479 823 794 20
480 11 724 524
481 804 448 748
482 395 686 152
483 709 202 758
484 394 709 892
485 543 653 503
486 157 102 308
487 750 176 357
488 674 892 151
489 731 147 419
490 508 833 125
491 909 174 898
492 283 699 452
493 992 527 54
494 960 511 264
495 895 384 257
496 753 329 393
497 866 785 950
498 737 484 840
499 262 574 388
500 757 798 177
501 332 490 934
502 570 615 294
503 577 173 479
504 642 776 300
505 581 693 168
506 407 152 611
507 291 61 298
508 134 403 694
509 312 817 396
510 923 798 916
511 69 342 150
512 515 734 730
513 177 419 920
514 230 230 919
515 922 746 196
516 656 382 978
517 465 125 296
518 608 425 601
519 511 336 5
520 522 832 873
521 595 24 740
522 864 650 96
523 464 925 222
524 208 809 1
525 507 319 115
526 410 32 291
527 814 352 389
528 673 769 119
529 717 522 70
530 474 44 734
531 640 707 326
532 632 393 758
533 683 979 809
534 356 438 927
535 679 120 462
536 936 367 96
537 241 85 281
538 228 693 146
539 289 69 139
540 589 722 836
541 913 838 374
542 369 194 384
543 296 988 112
544 202 168 242
545 305 42 538
546 498 500 662
547 345 272 949
548 482 773 468
549 488 181 711
550 596 76 437
551 590 954 814
552 571 563 621
553 959 105 774
554 58 644 119
555 534 163 510
556 990 184 173
557 835 614 714
558 521 278 60
559 368 688 263
560 348 472 765
561 734 826 739
562 606 103 943
563 68 536 75
564 812 395 838
565 419 177 352
566 633 16 940
567 468 668 71
568 799 472 959
569 477 825 486
570 372 85 763
571 425 229 45
572 259 530 885
573 782 232 112
574 908 637 964
575 547 804 950
576 791 636 578
577 749 654 444
578 50 523 626
579 841 532 975
580 503 926 928
581 770 665 256
582 613 359 773
583 847 248 880
584 412 467 61
585 178 234 248
586 899 868 32
587 1 838 837
588 628 238 687
589 659 597 234
590 550 785 225
591 802 92 888
592 624 598 118
593 827 171 342
594 192 635 586
595 969 478 188
596 584 120 822
597 311 581 862
598 650 963 430
599 451 80 78
600 346 204 733
601 27 762 442
602 14 746 883
603 506 422 837
604 155 67 612
605 647 817 747
606 793 105 914
607 152 632 700
608 531 548 280
609 31 494 879
610 518 771 421
611 771 533 20
612 885 613 186
613 639 48 381
614 10 443 529
615 805 753 676
616 167 566 864
617 512 115 129
618 704 74 508
619 626 173 878
620 785 223 884
621 700 107 387
622 304 875 17
623 116 241 925
624 604 72 758
625 891 83 351
626 12 941 793
627 765 655 362
628 537 609 39
629 551 649 745
630 330 724 575
631 318 668 990
632 957 672 668
633 803 813 725
634 285 380 603
635 963 677 137
636 561 268 556
637 703 668 225
638 718 418 597
639 743 59 707
640 130 465 874
641 533 92 679
642 868 795 747
643 560 454 170
644 161 670 326
645 671 511 259
646 112 555 213
647 185 731 920
648 290 640 649
649 583 819 736
650 775 83 712
651 165 748 836
652 698 291 932
653 21 569 774
654 954 876 139
655 773 78 303
656 719 526 732
657 314 808 720
658 836 23 386
659 125 914 580
660 768 649 314
661 694 212 444
662 939 897 454
663 925 254 501
664 625 473 42
665 637 656 600
666 758 784 144
667 447 151 202
668 361 589 676
669 942 484 448
670 924 584 146
671 122 89 233
672 695 151 856
673 174 15 736
674 175 577 65
675 94 24 282
676 299 625 247
677 53 84 482
678 325 268 227
679 733 387 521
680 200 253 748
681 614 766 413
682 100 545 726
683 658 999 711
684 524 918 543
685 453 259 937
686 362 592 795
687 449 815 36
688 212 716 470
689 470 110 476
690 738 393 246
691 56 54 848
692 406 842 828
693 13 876 952
694 176 657 972
695 390 530 753
696 399 151 435
697 317 414 378
698 9 512 820
699 653 931 553
700 630 866 581
701 509 631 394
702 397 719 748
703 819 204 303
704 588 457 188
705 354 167 103
706 569 556 716
707 166 970 696
708 408 111 114
709 930 893 315
710 837 458 949
711 421 437 534
712 426 191 676
713 744 391 11
714 807 985 805
715 213 71 308
716 820 812 95
717 952 335 696
718 331 59 803
719 946 388 822
720 186 690 795
721 313 792 279
722 834 905 244
723 838 250 558
724 810 300 469
725 355 433 442
726 364 768 286
727 989 372 859
728 859 618 335
729 376 574 651
730 532 521 191
731 347 229 265
732 872 750 21
733 229 893 891
734 327 479 458
735 766 257 857
736 5 220 60
737 794 760 998
738 774 824 748
739 370 99 657
740 634 35 389
741 467 999 613
742 792 987 128
743 219 716 504
744 132 474 427
745 829 350 508
746 168 344 131
747 555 552 664
748 389 258 120
749 59 563 812
750 19 103 547
751 66 391 8
752 254 910 885
753 280 885 542
754 523 486 518
755 592 806 454
756 882 418 612
757 265 254 386
758 941 866 508
759 128 418 773
760 727 305 263
761 983 519 487
762 443 309 948
763 479 351 5
764 692 406 588
765 379 812 414
766 762 41 959
767 418 769 363
768 153 987 611
769 935 322 986
770 721 139 257
771 888 357 349
772 686 214 503
773 81 317 469
774 247 336 958
775 455 41 163
776 297 258 729
777 252 580 87
778 517 722 56
779 232 469 660
780 877 489 275
781 118 256 20
782 272 697 98
783 729 976 980
784 944 641 297
785 593 80 458
786 459 53 638
787 574 423 632
788 322 104 929
789 962 552 29
790 131 70 899
791 75 90 214
792 139 122 396
793 326 840 520
794 649 400 908
795 194 43 541
796 169 871 51
797 303 982 330
798 643 856 905
799 471 894 128
800 660 1000 152
801 35 895 279
802 754 64 68
803 352 64 471
804 237 248 40
805 580 553 358
806 473 70 93
807 710 976 413
808 664 622 248
809 645 730 606
810 32 215 625
811 316 878 840
812 70 871 744
813 342 167 234
814 341 293 848
815 662 107 650
816 55 993 474
817 677 154 205
818 294 84 653
819 145 497 625
820 635 13 394
821 745 848 905
822 402 281 485
823 902 778 66
824 38 292 905
825 651 470 986
826 510 707 363
827 246 608 379
828 393 688 662
829 439 395 394
830 49 470 765
831 822 879 139
832 151 222 666
833 623 499 944
834 257 279 839
835 616 430 326
836 260 77 883
837 288 573 79
838 920 243 99
839 629 89 621
840 968 627 548
841 776 516 457
842 136 889 667
843 72 9 946
844 334 670 222
845 720 886 179
846 724 651 398
847 203 70 314
848 880 321 605
849 644 786 338
850 970 455 173
851 276 846 349
852 221 11 800
853 919 395 533
854 801 780 797
855 931 701 147
856 430 245 810
857 37 87 655
858 548 413 930
859 702 797 917
860 976 252 193
861 84 35 359
862 977 892 844
863 867 17 522
864 119 23 16
865 494 254 412
866 777 250 592
867 62 647 343
868 189 71 542
869 780 881 846
870 862 697 933
871 25 943 73
872 429 87 905
873 323 339 319
874 26 555 475
875 261 11 505
876 357 610 928
877 999 265 615
878 436 768 903
879 3 807 678
880 714 183 976
881 705 515 390
882 712 89 431
883 552 467 39
884 127 247 989
885 927 252 469
886 903 606 875
887 96 803 765
888 501 609 481
889 564 852 648
890 728 946 44
891 377 384 61
892 417 678 779
893 520 309 491
894 92 111 760
895 735 42 162
896 184 807 462
897 682 689 990
898 914 247 976
899 353 241 7
900 982 605 219
901 974 216 450
902 401 702 16
903 873 953 44
904 115 333 106
905 832 454 40
906 519 421 362
907 172 877 830
908 669 955 114
909 813 289 574
910 722 415 945
911 24 265 245
912 173 657 301
913 335 416 966
914 492 577 965
915 17 498 554
916 476 324 281
917 301 99 783
918 373 557 231
919 493 909 328
920 828 164 945
921 928 890 517
922 452 931 656
923 739 910 228
924 170 458 421
925 636 168 708
926 226 696 71
927 840 382 76
928 852 782 777
929 87 870 934
930 490 623 706
931 85 16 374
932 779 825 609
933 591 349 339
934 796 415 788
935 514 325 545
936 180 138 663
937 815 291 927
938 420 406 250
939 251 542 595
940 224 606 793
941 725 958 357
942 448 675 716
943 933 665 432
944 905 622 301
945 816 891 782
946 605 119 220
947 821 436 187
948 620 44 488
949 123 223 636
950 225 688 15
951 496 77 64
952 154 850 237
953 641 189 983
954 216 398 881
955 210 781 284
956 525 633 436
957 857 395 326
958 338 154 907
959 678 89 192
960 380 130 921
961 351 632 16
962 965 981 610
963 756 558 80
964 52 860 416
965 878 432 799
966 450 597 920
967 238 599 476
968 274 397 524
969 993 402 844
970 646 800 8
971 2 459 157
972 615 482 158
973 697 764 620
974 462 248 917
975 475 228 795
976 943 991 108
977 654 811 13
978 958 986 629
979 149 946 34
980 97 600 414
981 546 425 297
982 143 878 128
983 527 232 853
984 787 864 175
985 384 1 549
986 423 895 544
987 256 106 908
988 856 605 730
989 319 875 972
990 706 63 750
991 300 490 419
992 505 5 939
993 797 620 373
994 540 539 141
995 578 327 940
996 883 567 318
997 220 804 558
998 526 362 888
999 217 102 840
1000 102 447 512
