100
50 1000
1 42 202 460
1 24 895 667
1 7 847 212
1 38 694 702
1 46 386 964
1 47 618 791
1 11 966 961
1 19 99 143
1 17 635 367
1 12 687 522
1 25 399 352
1 7 677 723
1 3 127 657
1 31 562 547
1 28 101 721
1 40 485 715
1 17 8 134
1 49 595 450
1 10 330 513
2 25 9 372
2 44 834 743
2 47 90 228
2 21 285 201
2 34 978 549
2 18 487 808
2 12 23 628
2 43 582 412
2 27 597 47
2 45 2 445
2 8 826 132
2 42 290 957
2 12 53 616
3 18 66 312
3 26 721 553
3 22 443 765
3 39 864 558
3 15 473 251
3 35 44 877
3 27 543 492
3 13 712 38
3 42 295 57
3 2 889 108
3 37 997 686
3 38 410 738
3 17 421 308
3 24 198 789
3 46 825 653
3 41 673 33
3 36 46 306
3 46 765 528
3 43 714 970
3 21 554 157
3 45 85 486
3 30 95 851
4 39 542 70
4 35 903 49
4 28 382 356
4 14 794 846
4 16 51 273
4 5 219 418
4 36 780 303
4 22 210 863
4 31 964 899
4 24 717 328
4 50 558 678
4 44 569 737
4 2 58 383
4 6 335 17
4 32 182 5
4 18 369 884
4 23 586 80
4 25 899 175
4 35 247 496
4 20 296 82
5 31 807 38
5 6 253 798
5 22 480 471
5 30 550 984
5 21 244 465
5 40 539 372
5 50 816 77
5 30 801 874
5 25 958 885
5 46 401 645
5 7 736 216
5 45 937 554
5 18 174 908
5 18 196 16
5 38 703 216
5 40 656 856
5 3 724 587
5 21 338 175
5 10 286 777
5 20 800 951
6 47 783 618
6 23 145 487
6 15 803 115
6 25 344 678
6 13 704 797
6 25 961 333
6 16 542 384
6 15 621 488
6 49 962 902
6 50 490 939
6 16 899 365
6 3 904 115
6 43 151 778
6 48 827 313
6 21 64 827
6 37 467 519
6 49 277 818
6 28 368 724
6 13 942 165
6 7 748 359
6 41 17 113
7 16 343 223
7 43 224 461
7 40 677 310
7 29 709 487
7 3 375 852
7 6 215 174
7 29 788 454
7 34 833 23
7 34 963 452
7 42 403 889
7 50 597 62
7 22 404 269
7 47 703 640
7 17 93 961
7 45 999 455
7 16 38 732
7 27 261 90
7 13 396 616
7 25 940 563
7 12 561 397
7 13 257 134
7 34 444 234
7 3 971 982
8 25 503 121
8 15 159 987
8 25 922 760
8 16 817 166
8 7 59 141
8 24 338 134
8 32 756 980
8 13 560 950
8 11 372 848
8 13 420 608
8 24 144 3
8 31 358 3
8 41 11 282
8 9 824 961
8 26 362 506
8 40 894 970
8 27 916 119
8 44 710 538
8 9 999 859
8 1 440 233
8 14 303 565
9 28 983 622
9 4 65 81
9 32 672 483
9 45 445 355
9 10 593 104
9 6 12 52
9 31 801 3
9 50 811 791
9 12 105 309
9 4 452 937
9 37 721 332
9 30 268 469
10 13 272 688
10 13 348 408
10 19 601 268
10 32 932 900
10 50 440 326
10 19 523 611
10 31 218 860
10 13 371 339
10 44 208 107
10 19 282 159
10 25 61 945
10 4 323 307
10 23 264 294
10 11 229 660
10 47 813 717
10 40 576 529
11 20 686 302
11 18 317 515
11 26 853 738
11 20 44 175
11 40 912 700
11 21 451 382
11 32 863 947
11 6 667 190
11 42 828 65
11 43 746 513
11 3 530 204
11 2 758 469
11 40 46 579
11 34 882 659
11 31 486 208
11 31 382 417
11 47 39 328
11 33 950 522
11 24 865 299
11 27 785 193
11 30 183 734
11 23 174 56
11 19 746 607
11 36 553 727
11 45 405 480
12 29 569 90
12 11 468 478
12 45 156 890
12 35 575 80
12 29 137 851
12 13 716 721
12 50 508 385
12 39 770 786
12 13 791 301
12 13 416 853
12 33 688 319
12 14 921 836
12 5 553 470
12 39 593 913
12 47 795 946
12 31 813 597
12 13 863 30
12 43 228 732
12 44 565 415
13 25 717 719
13 50 892 699
13 48 259 448
13 11 562 312
13 16 379 826
13 3 278 452
13 35 969 209
13 47 588 723
13 4 500 527
13 5 999 741
13 40 486 842
13 35 606 770
13 15 437 742
13 25 505 618
13 43 9 170
13 10 557 221
13 24 424 43
13 14 451 35
13 31 490 179
13 36 207 88
13 30 264 399
13 30 969 839
13 42 918 956
13 36 448 696
13 43 128 195
13 45 463 935
13 7 801 159
13 45 66 516
13 19 443 123
14 28 433 884
14 20 35 816
14 39 513 816
14 41 192 605
14 2 700 482
14 17 366 426
14 12 124 427
14 6 952 506
14 19 506 692
14 11 343 135
14 31 886 548
14 25 460 179
14 9 531 831
14 19 646 490
14 7 696 48
14 47 107 926
14 48 264 758
15 19 103 436
15 5 847 114
15 6 855 982
15 31 641 912
15 26 773 724
15 47 767 128
15 29 646 604
15 7 98 466
15 40 732 682
15 14 709 307
15 19 496 431
15 5 621 551
15 25 799 657
15 38 930 800
15 20 591 771
15 25 550 733
15 4 998 391
15 3 129 194
15 22 113 384
16 36 482 231
16 47 790 373
16 50 701 905
16 1 750 915
16 12 608 398
16 5 223 596
16 12 858 658
16 49 645 404
16 12 777 360
16 28 426 665
16 40 889 707
16 31 218 223
16 49 735 553
16 48 74 187
16 40 421 186
16 39 593 925
16 38 934 105
16 29 948 489
16 45 22 343
16 31 442 714
17 50 595 892
17 40 200 631
17 8 5 89
17 14 721 103
17 18 16 19
17 31 925 792
17 11 764 405
17 1 542 705
17 23 137 804
17 48 628 284
17 15 483 941
17 21 895 72
17 34 144 613
17 20 6 586
17 7 596 917
17 30 405 377
17 22 354 634
18 1 558 734
18 4 597 121
18 5 541 50
18 8 951 936
18 13 715 721
18 1 471 189
18 26 436 657
18 36 704 522
18 26 790 444
18 42 811 980
18 10 36 85
18 41 911 21
18 5 196 73
18 32 369 653
18 30 442 418
18 30 80 574
18 39 236 293
18 35 403 272
18 8 851 425
18 25 835 20
18 26 983 924
18 31 404 70
18 50 797 492
18 39 947 636
18 43 926 490
18 25 474 285
19 48 452 327
19 30 683 709
19 16 915 137
19 9 273 393
19 7 239 964
19 16 783 430
19 33 667 526
19 1 630 884
19 44 919 337
19 9 90 402
19 1 374 712
19 31 143 900
19 24 384 204
19 40 45 23
19 48 873 454
19 18 162 927
20 24 954 550
20 48 314 430
20 5 403 150
20 22 986 785
20 23 806 983
20 32 395 983
20 30 714 222
20 35 570 613
20 45 857 533
20 4 433 176
20 23 501 292
20 45 710 837
20 40 566 665
20 21 892 36
20 24 265 819
20 32 971 911
20 22 742 135
20 45 120 123
20 33 436 690
20 37 870 251
20 50 35 200
20 36 117 870
21 43 917 80
21 20 492 458
21 4 147 896
21 13 782 461
21 16 160 897
21 1 186 952
21 23 354 348
21 10 522 485
21 35 423 2
21 7 142 860
21 6 451 858
21 37 416 915
21 32 743 30
21 3 639 162
21 9 355 686
21 50 480 439
21 48 756 950
22 15 231 155
22 42 952 769
22 28 905 497
22 28 427 663
22 16 243 242
22 37 724 619
22 21 897 534
22 3 851 15
22 27 869 537
22 46 160 356
22 31 393 493
22 33 920 366
22 31 359 122
22 30 626 266
22 49 559 376
23 13 533 865
23 1 714 418
23 14 731 784
23 25 170 731
23 8 19 291
23 44 739 502
23 6 2 875
23 31 981 609
23 32 839 210
23 26 738 274
23 36 214 375
23 31 126 305
23 3 985 598
23 33 300 162
23 16 836 553
24 17 158 397
24 32 513 791
24 14 237 926
24 5 933 956
24 41 583 264
24 2 296 1000
24 27 680 27
24 21 7 878
24 7 316 76
24 21 686 949
24 48 84 618
24 26 239 87
24 45 754 744
24 18 274 715
24 28 696 971
24 36 199 475
24 21 736 883
24 40 128 845
24 33 786 697
24 33 393 136
24 6 218 210
24 13 691 777
24 48 877 898
24 20 314 340
24 37 448 137
24 48 234 238
25 16 462 299
25 31 112 957
25 10 300 526
25 21 989 785
25 34 180 403
25 28 820 120
25 41 250 957
25 24 298 364
25 47 716 674
25 30 874 122
25 34 623 247
25 11 610 719
25 18 338 942
25 39 893 602
25 26 767 504
25 43 738 118
25 39 141 764
25 24 369 222
25 30 885 71
25 28 834 113
25 1 519 972
25 2 279 627
25 41 417 962
26 47 41 317
26 43 686 620
26 41 841 880
26 30 874 562
26 28 773 804
26 35 51 92
26 20 48 499
26 41 418 834
26 18 114 165
26 14 68 812
26 36 107 163
26 17 597 317
26 8 171 739
26 2 186 676
26 35 118 533
26 37 815 990
26 46 592 934
26 48 438 975
26 40 168 37
26 3 117 504
26 33 945 448
26 47 50 75
26 34 940 6
26 37 871 18
26 28 439 525
26 8 695 49
27 49 858 968
27 49 386 40
27 32 412 823
27 47 518 744
27 4 329 98
27 25 805 916
27 4 645 67
27 22 829 901
27 8 694 989
27 16 167 736
27 30 412 661
27 12 321 164
27 37 783 692
27 49 477 469
27 18 467 447
27 49 389 798
27 6 635 771
27 24 867 482
27 13 153 379
28 2 733 553
28 11 9 775
28 24 420 598
28 31 876 702
28 30 295 730
28 14 303 841
28 37 967 992
28 31 242 816
28 41 230 657
28 5 276 641
28 17 384 711
28 14 529 496
28 26 213 452
28 8 434 699
28 41 737 100
28 13 248 236
28 4 293 927
28 46 821 584
28 32 331 918
28 11 602 494
28 13 912 905
28 5 23 976
28 6 544 642
28 17 663 640
29 38 941 809
29 50 758 185
29 33 819 965
29 45 995 113
29 49 966 450
29 47 984 138
29 6 28 455
29 11 1000 476
29 11 354 932
29 32 398 780
29 11 613 985
29 5 941 304
29 47 647 572
29 3 584 185
29 10 868 970
30 18 461 56
30 26 203 849
30 47 201 418
30 23 97 978
30 15 880 166
30 47 965 691
30 4 388 635
30 21 380 150
30 47 599 843
30 20 567 329
30 26 605 346
30 42 727 395
30 7 560 852
30 24 720 181
30 36 816 304
30 49 801 763
30 10 575 771
30 27 133 253
30 34 286 265
30 33 880 459
31 26 271 689
31 32 800 933
31 10 584 639
31 33 512 457
31 12 855 921
31 13 118 173
31 47 53 336
31 14 339 376
31 2 563 263
31 44 268 527
31 41 679 814
31 20 863 391
31 20 636 568
31 49 817 624
31 5 341 595
31 45 972 275
31 45 869 768
31 13 56 582
31 50 678 326
31 26 13 516
31 3 834 635
31 45 125 660
31 37 39 871
31 47 182 641
31 27 639 913
31 7 566 256
31 3 354 100
31 1 950 291
31 24 776 660
31 11 834 434
31 18 918 493
31 10 156 435
31 15 745 693
31 3 384 695
32 48 479 968
32 34 216 844
32 27 884 17
32 42 639 972
32 41 240 287
32 24 503 223
32 29 513 775
32 33 159 493
32 8 430 378
32 45 555 77
32 35 65 818
32 38 230 938
32 19 476 718
32 4 793 135
32 39 747 260
32 1 685 964
32 27 539 383
32 3 353 507
32 35 880 162
32 19 638 145
32 18 617 268
32 34 430 348
32 13 661 360
33 45 566 180
33 24 465 32
33 24 870 752
33 24 90 935
33 45 543 225
33 11 769 950
33 1 683 806
33 6 288 640
33 26 366 393
33 15 144 316
33 17 732 35
33 3 377 677
33 43 401 860
33 13 320 967
33 34 921 793
33 4 462 867
33 32 648 369
33 41 934 859
34 17 291 402
34 44 219 918
34 47 753 851
34 22 25 759
34 48 629 318
34 18 782 783
34 31 157 272
34 40 363 430
34 41 504 23
34 26 467 463
34 49 994 173
34 46 695 19
34 29 67 448
34 45 410 992
34 10 167 934
34 39 879 869
34 25 839 513
34 13 837 472
34 21 59 914
35 13 530 272
35 1 858 643
35 41 117 386
35 4 278 981
35 16 114 463
35 33 831 160
35 11 676 176
35 29 856 468
35 36 12 174
35 44 863 142
35 26 213 31
35 36 115 216
35 38 333 779
35 25 428 246
35 18 385 749
36 6 718 996
36 48 167 593
36 15 707 984
36 6 920 577
36 28 984 629
36 23 606 848
36 11 500 717
36 12 110 281
36 16 729 993
36 43 967 980
36 2 998 659
36 16 18 573
36 3 643 192
36 4 727 824
36 34 886 485
36 26 43 589
36 39 725 274
36 48 881 502
36 47 915 40
37 14 570 356
37 46 505 236
37 7 410 646
37 11 535 759
37 8 47 739
37 50 906 503
37 22 918 149
37 44 266 875
37 27 74 226
37 15 181 86
37 39 158 468
37 20 913 834
37 8 46 73
37 11 853 241
37 39 408 534
37 27 339 67
37 39 948 71
37 49 298 496
37 15 364 406
37 8 661 137
37 36 129 292
38 36 820 134
38 45 352 207
38 16 935 616
38 47 141 504
38 20 156 748
38 26 278 715
38 46 868 173
38 18 588 908
38 29 4 59
38 9 792 201
38 27 901 374
38 26 484 590
38 42 545 246
38 43 103 950
38 12 523 201
38 20 320 212
39 15 54 297
39 13 548 458
39 45 570 949
39 6 864 737
39 33 275 25
39 28 102 505
39 47 948 151
39 23 514 435
39 27 382 620
39 17 929 34
39 11 23 990
39 41 687 413
39 28 174 677
39 11 516 398
39 1 837 976
39 28 781 950
39 6 894 172
39 32 621 817
39 18 598 963
39 42 428 285
39 14 411 190
40 15 583 946
40 34 355 80
40 15 818 844
40 43 267 754
40 31 646 462
40 1 231 15
40 20 992 958
40 11 611 850
40 22 738 264
40 1 521 306
40 38 433 184
40 46 380 560
40 21 459 291
40 22 462 595
40 20 504 639
40 32 743 134
40 8 893 512
40 7 241 702
40 12 623 568
40 44 172 768
41 24 996 134
41 39 144 42
41 38 383 463
41 32 198 204
41 15 450 880
41 47 225 55
41 45 273 322
41 8 934 768
41 42 124 718
41 7 679 180
41 31 540 882
41 23 115 246
41 29 227 654
41 31 475 739
41 47 672 858
41 34 827 757
41 2 453 627
41 10 895 673
41 45 651 296
41 45 880 895
41 29 115 966
42 20 623 918
42 27 535 56
42 7 751 327
42 8 436 961
42 26 801 350
42 14 571 53
42 43 423 272
42 18 707 922
42 40 830 384
42 28 596 241
42 15 301 693
42 17 398 871
42 12 609 87
42 50 741 276
42 5 13 349
42 49 46 817
42 7 610 803
43 33 834 783
43 38 952 589
43 42 270 558
43 17 735 593
43 26 538 107
43 37 300 782
43 5 962 294
43 16 31 583
43 39 308 173
43 9 882 64
43 5 436 688
43 33 162 327
43 37 245 391
43 8 625 216
43 37 728 582
43 34 289 604
43 36 239 457
43 9 946 695
44 31 944 732
44 26 274 366
44 24 658 291
44 20 433 101
44 11 407 455
44 2 29 407
44 3 653 338
44 45 109 519
44 31 77 257
44 20 390 405
44 29 403 151
44 6 981 736
44 26 952 929
45 7 638 700
45 50 405 311
45 31 163 421
45 41 335 615
45 28 840 46
45 16 300 526
45 32 800 747
45 8 611 968
45 23 810 67
45 29 460 571
45 20 470 603
45 39 407 167
45 39 565 809
45 8 71 410
45 7 171 53
45 25 465 627
45 47 305 840
45 29 706 391
45 23 571 544
45 6 686 162
45 2 340 741
45 32 385 188
45 12 764 571
45 4 804 35
45 34 802 12
45 38 959 860
45 35 245 263
45 48 724 231
45 18 943 167
45 9 518 815
46 37 248 958
46 26 253 376
46 18 759 220
46 50 798 24
46 38 504 635
46 30 927 270
46 6 798 689
46 33 437 605
46 3 105 405
46 37 478 447
46 25 849 523
46 35 976 797
46 9 494 681
47 49 952 815
47 32 591 427
47 42 40 665
47 24 259 868
47 8 888 560
47 3 759 865
47 5 676 508
47 38 559 49
47 38 518 568
47 27 250 842
47 34 307 713
47 24 973 732
47 22 517 661
47 10 684 850
47 17 7 403
47 19 796 492
47 28 323 169
47 5 659 825
47 49 374 387
47 36 265 702
47 10 435 614
47 42 806 511
47 27 224 951
47 31 406 289
47 42 809 444
47 39 86 797
47 19 865 15
47 15 454 292
47 28 24 589
48 37 286 217
48 12 875 39
48 49 830 555
48 45 128 492
48 37 991 156
48 24 972 192
48 11 836 916
48 24 20 18
48 41 154 255
48 4 706 402
48 7 713 698
48 18 87 729
48 13 69 931
48 4 214 221
48 44 631 828
48 30 544 548
48 18 407 931
48 46 556 760
49 31 315 573
49 17 760 533
49 27 366 424
49 28 503 649
49 28 626 978
49 41 756 757
49 37 13 482
49 19 302 851
49 22 405 760
49 23 281 529
49 21 235 167
49 1 332 843
49 18 697 48
49 10 576 439
49 19 473 270
49 4 430 358
49 1 645 653
49 12 576 172
49 5 73 421
50 36 926 677
50 11 575 534
50 37 923 620
50 14 100 772
50 28 354 723
50 45 804 505
50 7 667 894
50 14 795 643
50 43 673 150
50 17 792 195
50 32 32 157
50 31 888 465
50 12 401 178
50 46 427 787
50 9 212 307
50 18 324 528
50 8 156 544
50 40 185 631
50 38 50 517
