10000000
500 1000
1 150 521 898
1 163 642 320
2 51 113 839
2 39 181 912
3 439 658 985
4 480 29 37
5 226 185 922
5 325 211 741
6 86 450 488
6 471 133 435
6 76 105 372
7 454 801 474
7 115 18 187
7 95 318 50
7 466 941 865
8 132 483 537
9 106 499 780
10 482 951 741
10 211 482 475
11 396 445 311
11 369 487 111
11 479 237 498
12 8 427 261
12 473 865 664
13 308 239 332
14 272 926 709
14 265 648 306
15 173 187 785
15 343 469 462
16 194 173 353
16 453 922 545
16 335 398 772
17 223 356 761
17 119 764 534
18 119 157 501
18 72 332 392
19 275 648 973
19 239 946 710
20 3 809 343
20 457 910 704
21 74 21 402
21 406 133 69
22 287 946 937
22 92 361 415
22 278 322 251
23 411 576 423
24 1 99 970
25 125 147 89
25 474 539 646
26 345 279 335
27 106 366 805
28 264 908 886
28 273 91 669
29 186 344 525
29 304 596 917
29 261 590 706
29 463 924 452
29 368 586 364
30 280 921 61
30 437 572 13
31 486 405 478
32 217 132 939
32 291 376 330
33 37 457 637
34 301 642 225
35 348 605 387
35 328 903 164
35 106 973 133
35 146 295 608
36 167 811 516
36 359 498 268
37 451 774 766
37 272 282 48
37 298 446 822
38 492 291 665
38 372 978 56
38 251 531 575
39 337 917 904
40 443 620 245
40 446 556 575
40 290 545 680
41 175 174 304
41 217 799 390
42 164 538 369
43 228 631 1000
44 35 451 992
45 48 825 560
45 499 96 424
46 432 875 38
47 406 808 420
48 9 806 659
48 437 591 387
48 229 379 109
49 2 911 290
49 448 882 630
49 495 32 774
50 214 969 188
51 482 199 272
51 307 469 743
52 484 155 868
53 319 811 878
54 22 716 417
55 17 687 848
55 305 533 771
55 166 382 443
56 211 75 140
57 452 44 409
58 230 617 105
59 323 397 787
59 243 813 779
60 411 340 395
61 436 296 713
61 162 192 157
62 60 563 777
62 115 464 519
63 301 169 190
64 288 313 780
64 189 707 516
65 481 97 347
66 245 813 946
67 249 460 931
68 319 830 860
68 18 246 603
69 346 119 691
69 175 504 560
70 104 616 121
70 486 307 113
71 452 667 634
71 76 746 125
71 247 629 269
72 164 508 821
72 345 158 373
72 281 710 643
73 483 87 261
73 76 665 102
73 277 515 338
74 288 314 994
75 168 697 745
75 11 871 966
75 40 769 316
76 488 32 143
76 157 748 432
76 2 275 882
76 284 962 757
77 314 905 776
78 123 872 642
78 65 486 115
78 292 581 761
79 317 73 61
79 432 867 224
79 234 408 485
79 5 942 77
80 464 681 812
81 209 868 122
82 322 503 741
82 441 53 400
82 370 401 917
83 6 398 267
83 263 574 299
84 75 945 513
85 462 862 212
85 298 21 950
86 147 82 139
87 62 544 534
87 339 114 600
87 383 913 205
87 449 872 100
88 16 6 397
88 477 720 433
89 14 170 12
89 308 771 212
89 331 125 43
90 197 498 233
90 432 509 566
91 315 897 511
91 454 594 914
91 15 841 30
92 4 570 803
92 180 520 668
93 366 696 207
93 326 169 385
94 61 813 77
94 110 885 698
95 333 40 981
96 168 249 992
97 498 75 758
97 249 938 314
97 24 183 918
97 417 159 593
98 62 33 666
99 315 614 419
99 484 57 98
100 356 287 681
101 467 200 912
102 48 46 220
102 175 632 668
103 429 935 607
104 199 773 431
104 63 9 233
105 276 413 9
106 31 407 201
106 266 41 843
106 69 589 445
107 216 730 607
108 457 447 988
108 200 599 647
109 26 775 206
110 19 523 710
110 340 51 57
111 75 13 79
111 158 187 136
112 187 39 469
112 340 956 914
112 10 558 122
112 352 794 27
112 136 547 360
113 220 654 654
113 479 178 357
114 225 509 270
114 387 804 758
114 330 260 106
114 18 860 69
114 191 839 251
115 55 854 595
115 347 54 641
116 268 692 427
117 145 76 703
117 401 568 529
118 406 870 176
119 428 534 652
119 120 20 230
119 113 232 817
119 255 689 530
119 56 383 575
120 100 126 596
120 291 339 616
120 231 801 163
121 89 299 350
122 236 705 429
122 131 650 876
123 202 943 378
123 64 600 375
123 291 318 819
124 114 159 556
125 462 324 453
125 413 618 422
125 35 55 903
126 87 820 194
126 382 530 343
126 116 520 460
127 82 160 150
128 43 809 462
128 218 932 373
129 187 352 115
130 457 782 517
131 471 874 352
131 158 229 278
132 307 837 996
132 181 140 189
133 163 94 549
133 256 273 175
134 331 847 55
134 330 589 897
135 32 847 399
135 404 751 427
136 336 661 938
136 324 969 34
136 385 583 867
136 169 689 125
137 422 71 542
138 468 886 879
138 323 204 721
139 256 643 756
139 138 693 288
140 440 861 174
140 137 864 493
141 408 15 371
142 237 23 219
143 87 170 785
144 109 892 625
144 29 952 749
145 127 919 545
145 212 24 181
145 139 454 102
145 335 914 637
145 397 755 189
146 209 647 652
146 10 789 532
147 227 736 909
147 6 720 522
147 184 203 668
147 256 84 138
148 291 615 186
148 117 57 271
149 276 894 673
150 201 720 427
150 114 765 233
151 311 36 813
152 75 583 780
153 136 548 208
153 274 281 7
154 102 325 123
155 228 441 684
155 37 728 11
156 354 943 782
156 6 929 572
157 452 269 607
158 368 934 354
158 179 758 149
159 179 61 576
160 316 814 83
161 342 662 847
162 134 196 32
162 373 870 467
162 30 582 319
163 426 471 357
163 147 735 677
163 329 574 99
164 1 345 270
164 318 735 268
164 332 958 16
165 123 742 550
166 112 468 513
166 425 82 251
166 412 980 882
167 321 631 164
167 213 337 144
168 135 416 933
168 22 785 996
169 279 633 96
170 374 617 687
170 5 172 901
170 456 576 127
171 261 595 611
171 449 273 254
171 452 62 188
172 317 813 964
172 353 305 588
173 175 713 444
173 20 757 815
173 121 500 72
174 192 301 688
175 234 990 883
175 357 810 52
175 51 950 13
175 81 868 16
175 400 922 258
176 114 883 998
177 458 940 446
178 499 436 338
178 461 102 702
179 239 216 415
179 48 555 13
180 420 395 763
180 97 789 821
181 438 70 295
181 110 964 616
182 334 380 955
182 28 139 509
183 7 262 621
184 120 90 321
184 485 130 935
185 362 385 815
185 126 215 16
185 125 234 60
186 68 286 65
187 12 908 13
187 414 247 634
187 409 495 392
187 156 86 860
188 82 477 39
189 373 886 576
189 52 465 703
190 263 176 442
191 472 781 707
191 450 447 885
192 262 779 236
192 445 450 720
193 30 918 312
194 68 513 49
194 166 135 882
195 271 596 913
195 288 815 542
196 79 902 939
196 450 289 645
197 178 611 367
197 96 900 189
197 227 470 462
197 251 264 358
198 356 425 543
198 242 298 251
199 329 589 55
200 67 792 908
200 424 736 664
200 272 846 225
201 460 498 194
202 108 676 596
202 463 947 594
202 57 573 402
203 72 517 122
204 296 253 123
205 29 596 982
206 84 329 812
206 293 512 454
207 470 702 340
207 244 695 954
208 393 273 851
208 401 259 225
209 15 320 32
209 94 751 626
209 192 260 441
209 368 264 50
210 49 142 699
210 112 92 514
211 103 197 796
211 425 374 506
212 85 540 762
212 418 518 207
212 258 905 587
213 283 512 178
213 335 967 104
214 385 721 482
214 197 193 1000
214 410 411 289
215 321 80 476
215 250 5 580
216 182 863 666
216 122 791 953
217 416 826 582
217 401 924 740
217 20 649 763
218 72 191 930
218 237 233 865
218 400 348 161
219 214 285 436
219 89 496 651
220 40 441 652
221 251 268 451
222 92 990 917
223 443 313 707
223 397 529 577
223 91 314 355
224 33 1 53
224 99 548 514
225 377 502 595
225 498 643 509
226 45 53 203
226 216 845 653
227 431 910 880
227 269 809 610
228 108 428 284
228 375 186 596
228 311 354 133
229 140 786 692
230 320 150 494
230 447 344 352
231 104 682 223
231 235 727 491
232 70 882 361
233 337 210 365
234 35 839 795
234 182 956 756
234 289 384 574
235 387 683 52
235 145 132 650
235 403 70 834
235 28 298 889
236 279 825 684
236 185 108 740
236 11 721 36
237 313 752 544
237 358 969 202
237 198 641 858
237 439 495 640
238 342 600 632
239 153 262 887
239 245 779 31
239 105 720 885
240 345 504 922
240 178 607 599
241 268 485 939
241 437 650 960
242 448 189 502
242 487 356 189
243 434 743 570
243 302 630 37
244 117 515 534
245 119 675 33
245 269 191 146
245 12 831 566
246 197 876 161
247 265 498 691
248 414 840 493
249 435 132 226
249 40 18 39
249 436 684 936
250 395 759 987
250 175 915 740
250 359 181 458
251 350 961 818
251 78 146 781
251 402 269 173
252 407 719 930
253 496 918 731
254 399 335 370
255 112 738 454
255 149 927 240
256 404 278 545
256 490 919 828
256 94 987 462
256 456 417 616
257 204 972 566
257 464 75 881
257 34 723 395
258 379 996 947
258 218 102 93
259 79 504 944
260 431 396 201
260 397 750 167
261 73 127 144
261 476 515 478
262 233 44 663
262 396 411 791
263 248 334 971
263 163 418 890
263 467 398 873
264 312 272 230
264 55 259 386
265 267 623 554
265 281 254 73
265 494 899 47
266 181 461 455
266 203 940 701
267 212 693 231
268 136 100 403
268 123 939 631
268 21 854 385
269 343 199 945
269 288 303 305
269 136 55 675
269 235 16 794
270 306 684 617
271 11 169 63
271 214 568 374
272 129 320 318
272 394 462 917
272 219 543 853
272 284 923 236
273 500 227 762
274 459 892 30
274 436 660 104
274 38 471 527
275 151 526 101
276 147 718 785
276 427 126 537
277 351 152 574
278 87 144 552
279 423 766 946
279 112 248 596
279 364 565 213
279 369 28 470
280 394 264 646
280 90 649 23
280 88 1 796
281 347 417 977
281 331 536 355
282 257 345 581
283 133 397 542
284 470 939 795
284 78 566 935
285 440 588 421
285 449 660 38
286 498 273 857
287 422 134 29
288 285 302 330
288 64 434 673
288 249 839 578
288 206 632 618
288 119 114 431
289 209 678 147
290 263 355 982
290 469 868 641
291 202 960 678
291 41 743 778
291 197 422 65
291 173 16 488
292 231 649 966
293 494 153 802
293 433 47 888
293 167 564 886
294 71 214 120
295 245 482 999
295 187 440 934
295 126 351 19
296 365 236 131
297 454 4 688
298 91 438 766
298 138 979 693
299 171 391 615
300 422 851 734
300 212 179 846
301 139 380 864
301 480 679 837
302 170 916 629
302 310 852 226
302 314 448 627
302 241 988 597
303 312 546 689
303 102 499 835
304 342 163 427
305 259 53 453
306 269 262 857
307 232 563 434
307 316 464 846
308 475 344 320
308 119 86 798
308 25 990 368
309 147 829 951
310 256 534 761
311 428 112 353
311 166 531 218
311 218 361 862
311 377 829 747
312 416 726 506
312 387 34 27
313 188 336 301
313 59 691 185
314 202 895 138
314 171 311 174
315 371 341 282
315 49 868 507
316 240 701 939
316 174 788 831
316 213 775 757
317 378 136 788
317 355 269 44
318 349 614 611
318 491 940 733
318 376 906 492
319 427 227 857
319 412 339 453
319 170 440 83
320 351 552 17
320 486 153 1
321 493 718 757
321 361 92 934
322 429 584 701
323 300 370 668
323 172 518 415
324 293 114 80
325 114 409 47
326 250 163 159
327 107 622 426
327 143 364 969
328 346 220 379
328 38 83 981
329 73 681 898
329 392 732 889
329 35 485 998
329 141 569 935
330 493 265 379
330 295 726 878
330 475 400 820
331 142 954 899
331 87 343 739
331 327 641 532
331 313 218 214
332 333 783 223
332 367 261 845
333 79 995 852
333 77 13 692
334 21 47 860
334 156 297 517
335 346 672 587
335 250 205 428
335 7 401 740
336 403 321 354
337 272 899 116
337 235 446 882
337 177 629 971
338 443 819 786
339 359 109 807
339 446 688 627
340 421 691 166
340 223 251 37
341 222 946 922
341 29 436 82
341 17 684 723
342 50 573 93
342 155 634 795
342 482 686 986
342 381 737 762
343 258 261 905
343 290 987 612
343 485 521 142
344 412 789 289
345 97 179 266
345 209 828 984
345 240 282 183
345 153 778 359
346 260 857 87
346 14 328 732
346 69 672 551
347 145 6 416
347 491 816 317
348 128 784 17
349 332 402 196
349 196 29 845
350 47 788 415
350 145 492 77
351 164 808 752
351 235 457 587
352 144 910 853
353 150 64 110
354 309 484 139
354 328 722 843
355 391 451 163
355 282 441 720
356 389 779 926
356 113 625 919
356 242 50 203
357 234 668 550
358 76 332 394
359 13 688 290
359 254 792 278
359 288 978 363
359 125 746 582
360 382 710 107
361 210 657 74
362 89 847 550
363 431 43 509
364 375 981 167
364 134 115 851
365 236 7 620
366 363 397 92
367 88 823 404
368 397 271 736
368 198 423 517
368 140 736 923
369 415 8 84
369 255 420 786
370 401 316 407
371 430 624 670
372 162 296 169
372 416 499 939
373 165 849 324
373 303 9 532
373 476 278 437
374 398 237 53
375 465 523 878
375 49 689 413
376 111 541 605
377 257 468 905
377 342 966 612
377 185 597 541
378 404 712 63
379 78 987 229
379 432 223 259
380 253 158 522
381 236 655 822
382 477 254 723
382 144 848 290
383 162 439 890
383 148 79 576
384 444 460 353
385 79 795 94
385 111 530 418
386 101 420 184
386 133 44 956
387 297 836 198
387 453 775 908
387 83 431 322
388 27 300 528
389 279 609 688
390 472 130 725
391 344 674 23
392 311 136 920
393 500 505 391
394 131 879 921
394 161 620 877
395 339 724 568
396 23 906 926
396 80 787 480
397 438 696 492
397 36 396 348
397 243 581 800
397 219 910 261
398 208 27 508
398 230 945 354
399 380 88 54
399 299 125 960
400 99 679 846
400 410 691 241
400 359 236 352
400 257 976 511
401 190 30 838
401 82 711 455
401 377 224 237
401 97 997 754
402 294 677 638
402 360 176 687
402 308 719 110
403 402 396 809
403 193 570 268
404 270 274 493
404 16 101 868
404 293 210 383
405 384 333 188
406 390 227 401
406 55 722 76
406 457 968 426
406 37 368 3
406 112 329 817
407 215 118 803
408 316 911 3
408 402 320 700
408 252 417 599
409 406 309 931
410 171 518 686
410 217 43 898
411 274 97 608
411 265 671 769
412 405 555 277
412 426 526 600
412 176 692 742
412 241 735 481
413 226 267 645
413 418 385 373
414 455 123 103
414 419 199 932
415 126 966 489
416 442 378 503
416 25 970 276
416 408 107 471
417 490 787 168
418 155 276 359
418 152 828 792
419 185 811 28
419 66 195 911
420 406 248 779
421 124 797 924
422 7 620 936
422 207 331 741
422 400 352 806
423 42 493 858
424 221 819 823
424 207 691 724
424 223 246 284
425 383 167 34
425 195 325 34
426 97 691 918
426 266 205 595
427 200 666 444
427 22 290 622
428 58 386 807
428 279 854 766
428 196 50 9
429 457 536 410
429 399 775 962
430 329 442 801
431 354 546 803
431 356 991 118
431 280 380 73
432 300 191 25
432 319 115 466
432 428 907 930
432 295 401 156
433 286 888 896
434 122 709 534
435 224 427 912
436 271 388 7
436 496 290 226
436 93 824 914
437 19 207 128
437 412 762 735
437 224 513 637
438 341 734 248
438 225 956 599
439 468 364 212
439 460 87 652
439 386 905 844
440 330 473 208
440 424 506 819
441 73 646 481
442 170 418 834
443 187 999 281
443 456 933 204
443 41 575 188
444 173 696 642
445 228 205 689
446 364 194 802
446 373 731 484
447 191 537 212
448 120 121 769
448 130 85 349
448 469 390 132
449 388 757 35
449 29 172 260
449 29 642 555
450 61 88 530
450 337 858 822
451 206 806 767
452 91 23 474
452 285 160 703
452 70 608 116
452 478 800 162
453 302 624 707
453 36 520 289
454 98 446 311
454 54 309 476
454 379 26 325
455 268 476 238
456 184 401 510
456 264 746 225
456 311 280 604
456 413 884 415
457 16 592 105
457 400 972 327
457 32 284 339
457 341 620 668
457 424 907 943
458 46 686 57
459 260 967 503
460 45 456 861
460 215 683 153
461 468 0 845
462 327 273 842
462 200 677 478
463 135 147 100
463 118 491 24
464 71 974 875
464 237 40 631
465 274 424 578
466 439 887 800
466 183 943 219
467 302 370 726
467 210 575 698
468 194 82 553
468 71 564 305
468 345 903 161
469 180 562 192
469 90 500 371
470 85 81 956
470 38 811 627
471 154 42 771
471 159 660 310
472 7 819 855
472 237 5 134
473 148 113 271
473 132 348 591
474 83 812 347
474 239 810 13
475 474 841 74
475 280 351 745
476 398 273 279
476 456 310 755
477 419 318 982
477 350 418 503
478 349 309 939
479 329 133 606
479 44 185 220
480 59 478 939
480 497 998 282
481 208 333 785
482 489 91 461
482 262 967 101
482 145 777 392
483 448 171 291
484 331 484 386
484 496 62 408
485 160 196 392
485 146 889 146
486 341 128 65
486 473 684 981
486 318 19 329
487 269 858 149
488 93 497 642
489 372 723 281
490 205 931 502
490 343 897 799
491 246 751 18
491 334 924 223
492 195 100 604
493 189 17 925
493 172 600 481
494 466 96 618
494 128 82 78
495 320 831 800
496 338 380 816
496 302 711 513
496 303 174 331
497 53 748 699
497 355 365 703
498 318 937 306
498 408 483 249
498 295 646 388
499 386 529 460
499 238 841 703
500 114 712 161
500 497 306 559
