8675309
500 1000
1 35 890 0
2 482 410 0
2 268 996 0
3 259 122 0
3 6 512 0
3 251 783 0
4 430 689 0
4 387 482 0
4 252 983 0
5 160 960 0
6 399 786 0
6 477 103 0
6 87 903 0
6 10 893 0
6 282 378 0
7 452 954 0
8 332 220 0
8 378 640 0
8 432 519 0
9 489 317 0
10 475 628 0
10 381 744 0
10 104 264 0
11 302 198 0
11 436 49 0
12 474 864 0
12 486 299 0
13 262 539 0
13 400 611 0
14 349 35 0
15 229 180 0
15 420 721 0
15 96 596 0
16 394 708 0
16 98 154 0
16 163 735 0
16 52 56 0
17 106 80 0
17 33 762 0
17 379 66 0
18 45 658 0
19 222 348 0
19 256 170 0
20 24 502 0
21 275 20 0
22 357 634 0
23 36 249 0
24 49 941 0
24 12 517 0
25 404 436 0
25 236 137 0
25 360 996 0
26 380 436 0
27 78 819 0
28 67 446 0
29 368 637 0
29 356 847 0
30 407 771 0
31 17 311 0
32 195 969 0
33 333 975 0
33 271 270 0
33 271 921 0
34 218 392 0
35 331 587 0
35 196 517 0
36 422 417 0
36 450 399 0
36 401 931 0
36 25 730 0
37 348 497 0
38 443 91 0
38 422 486 0
39 416 357 0
39 318 966 0
39 345 51 0
39 452 891 0
40 378 210 0
40 320 927 0
40 450 598 0
41 308 368 0
41 397 30 0
42 145 459 0
43 206 294 0
43 13 882 0
43 188 371 0
43 147 769 0
44 109 185 0
45 455 442 0
45 232 214 0
45 345 258 0
46 5 174 0
46 6 196 0
47 336 327 0
47 29 743 0
48 196 658 0
49 117 919 0
49 86 945 0
49 292 64 0
50 488 33 0
50 300 391 0
51 328 586 0
51 73 1000 0
52 251 935 0
52 230 415 0
53 302 539 0
54 92 952 0
54 476 277 0
54 170 349 0
55 390 59 0
55 432 245 0
56 40 517 0
56 247 818 0
56 389 307 0
56 291 959 0
57 144 465 0
57 162 273 0
58 370 730 0
58 401 0 0
59 305 558 0
60 446 357 0
60 415 150 0
61 463 298 0
62 35 628 0
63 495 555 0
64 300 818 0
64 340 880 0
64 198 341 0
64 103 49 0
65 230 497 0
65 55 989 0
66 329 9 0
66 284 242 0
66 210 640 0
66 205 65 0
67 230 148 0
67 392 569 0
68 117 365 0
68 119 973 0
69 322 991 0
69 250 929 0
69 361 340 0
70 194 363 0
70 51 15 0
70 459 366 0
71 306 155 0
71 91 112 0
72 497 97 0
72 181 474 0
72 13 33 0
73 58 279 0
73 90 620 0
74 372 610 0
75 30 354 0
76 475 307 0
77 446 254 0
77 38 52 0
78 327 658 0
78 100 748 0
78 447 207 0
79 380 341 0
79 8 116 0
80 195 835 0
81 45 746 0
81 12 235 0
82 363 190 0
82 203 286 0
83 311 314 0
84 457 343 0
84 290 852 0
84 158 1 0
85 407 853 0
86 94 206 0
86 174 166 0
86 36 16 0
87 272 19 0
87 115 150 0
87 97 84 0
87 113 361 0
88 350 738 0
89 463 431 0
89 285 913 0
89 220 418 0
89 323 547 0
90 256 108 0
90 99 173 0
90 290 608 0
91 33 908 0
91 109 142 0
91 437 755 0
92 4 262 0
92 435 431 0
93 120 891 0
93 468 309 0
94 472 582 0
95 141 78 0
96 140 82 0
96 159 596 0
96 500 581 0
97 395 981 0
98 161 945 0
99 185 374 0
99 83 699 0
100 174 368 0
100 72 766 0
101 16 740 0
102 384 346 0
103 346 420 0
103 381 536 0
103 168 562 0
104 444 454 0
104 130 815 0
104 142 940 0
105 157 450 0
105 11 508 0
106 237 109 0
106 384 402 0
107 193 481 0
107 295 293 0
108 421 193 0
109 483 746 0
109 89 644 0
109 1 493 0
109 57 325 0
110 472 665 0
110 338 862 0
111 388 465 0
112 464 157 0
113 375 702 0
114 328 55 0
114 38 766 0
114 498 846 0
115 349 643 0
116 58 307 0
117 14 486 0
117 402 144 0
118 105 793 0
119 104 435 0
119 255 924 0
120 334 36 0
120 267 138 0
120 27 577 0
121 362 562 0
122 7 800 0
122 492 170 0
123 167 500 0
124 248 374 0
124 398 775 0
125 157 750 0
126 49 138 0
126 148 811 0
127 450 622 0
127 471 202 0
128 219 641 0
128 64 273 0
129 430 822 0
129 438 174 0
130 472 597 0
130 436 777 0
131 355 756 0
131 420 387 0
131 473 746 0
132 70 623 0
133 32 750 0
133 476 842 0
134 57 757 0
135 306 952 0
136 366 112 0
137 343 100 0
138 249 145 0
138 294 880 0
139 224 824 0
140 217 190 0
141 70 581 0
141 254 464 0
142 89 35 0
143 343 682 0
143 155 938 0
144 335 573 0
145 360 290 0
145 307 261 0
146 191 718 0
146 344 499 0
146 318 130 0
147 291 137 0
147 68 706 0
148 79 175 0
148 45 117 0
149 121 911 0
149 345 703 0
149 107 16 0
150 277 912 0
151 200 275 0
152 105 381 0
152 346 241 0
152 339 562 0
153 417 872 0
154 274 350 0
154 128 217 0
155 281 252 0
155 4 187 0
155 313 223 0
156 298 631 0
157 214 129 0
157 444 861 0
157 429 894 0
157 354 893 0
158 176 921 0
158 426 622 0
158 303 204 0
159 314 456 0
160 292 933 0
160 353 817 0
160 375 334 0
161 127 953 0
162 18 778 0
162 335 183 0
162 16 436 0
162 367 661 0
162 88 997 0
162 50 339 0
163 197 641 0
163 488 707 0
164 136 947 0
165 171 531 0
165 369 33 0
166 106 623 0
166 89 18 0
167 411 452 0
167 478 749 0
168 16 983 0
168 354 731 0
169 474 343 0
170 347 597 0
170 378 541 0
171 278 841 0
171 373 321 0
171 172 662 0
171 43 109 0
172 180 340 0
173 304 591 0
174 102 815 0
174 287 699 0
175 406 560 0
175 183 359 0
176 165 1 0
177 284 479 0
177 336 178 0
178 10 454 0
179 485 20 0
179 69 660 0
179 120 185 0
180 391 10 0
180 101 625 0
180 306 525 0
181 326 187 0
182 112 803 0
182 393 148 0
182 264 250 0
183 470 70 0
184 25 397 0
185 47 111 0
185 477 874 0
186 251 332 0
187 460 248 0
188 253 863 0
188 131 569 0
188 312 14 0
189 461 607 0
190 233 634 0
191 385 407 0
192 93 2 0
193 423 543 0
194 47 266 0
194 290 693 0
195 203 402 0
195 146 660 0
195 166 686 0
195 134 540 0
196 259 140 0
196 495 280 0
196 317 145 0
196 46 731 0
197 189 420 0
198 482 266 0
199 160 696 0
199 316 209 0
200 228 734 0
200 163 874 0
201 33 380 0
202 53 88 0
202 110 24 0
203 158 548 0
203 390 861 0
204 188 334 0
204 405 123 0
205 133 611 0
205 462 13 0
205 182 320 0
206 60 414 0
207 263 214 0
208 292 194 0
209 421 359 0
209 54 30 0
210 301 567 0
210 221 769 0
211 226 439 0
212 402 188 0
212 68 838 0
213 146 965 0
213 225 674 0
213 251 158 0
214 296 286 0
214 325 791 0
215 377 633 0
215 118 431 0
215 36 186 0
216 55 31 0
217 491 152 0
217 466 122 0
217 278 574 0
218 43 906 0
219 359 679 0
219 420 281 0
219 3 321 0
220 450 749 0
221 458 608 0
221 149 496 0
222 48 542 0
222 126 231 0
223 228 922 0
224 447 676 0
225 487 499 0
225 249 919 0
226 442 650 0
226 90 139 0
226 325 248 0
227 490 483 0
227 407 21 0
228 24 926 0
228 321 204 0
228 369 328 0
228 347 619 0
229 449 513 0
229 473 667 0
230 451 225 0
230 100 256 0
230 158 862 0
231 475 284 0
231 475 878 0
232 406 672 0
232 39 941 0
233 241 973 0
233 296 105 0
234 209 67 0
234 323 938 0
235 52 864 0
236 216 927 0
236 299 993 0
237 433 611 0
238 171 729 0
238 370 152 0
239 472 848 0
240 470 311 0
240 309 664 0
240 277 525 0
240 71 236 0
240 81 314 0
241 152 372 0
241 285 402 0
241 184 971 0
242 228 426 0
243 376 945 0
244 16 275 0
245 304 246 0
245 213 469 0
246 185 654 0
247 157 959 0
247 484 970 0
248 320 855 0
249 424 707 0
249 175 318 0
250 245 171 0
250 418 855 0
251 90 378 0
251 343 964 0
251 153 288 0
251 416 828 0
251 26 310 0
252 433 329 0
253 326 364 0
254 15 516 0
254 279 31 0
255 39 643 0
256 59 17 0
256 211 405 0
256 50 627 0
256 129 581 0
257 75 955 0
258 238 971 0
258 169 675 0
259 305 645 0
259 93 268 0
260 202 542 0
261 303 565 0
262 145 252 0
263 111 144 0
263 84 292 0
263 70 329 0
264 461 334 0
265 352 776 0
265 310 676 0
265 481 227 0
266 427 119 0
267 89 13 0
267 49 168 0
268 64 129 0
268 280 967 0
269 467 824 0
269 56 206 0
270 96 160 0
270 86 967 0
271 162 60 0
271 131 819 0
272 328 986 0
273 290 632 0
273 411 853 0
274 445 540 0
275 95 755 0
275 462 921 0
275 325 594 0
276 91 722 0
276 483 464 0
276 231 666 0
277 214 558 0
277 258 615 0
278 19 345 0
278 371 972 0
279 143 545 0
279 363 674 0
279 276 8 0
279 3 643 0
280 364 435 0
280 231 288 0
280 109 744 0
280 62 209 0
281 283 288 0
281 408 77 0
282 135 752 0
282 448 663 0
283 433 559 0
283 182 632 0
284 132 453 0
284 195 475 0
284 256 318 0
285 440 721 0
285 267 453 0
285 460 870 0
285 289 694 0
286 320 742 0
287 194 669 0
287 8 888 0
288 173 593 0
289 128 239 0
290 240 455 0
290 225 700 0
290 270 925 0
290 280 867 0
290 403 877 0
291 56 884 0
291 131 679 0
291 460 518 0
292 337 63 0
292 441 110 0
292 418 605 0
293 204 675 0
294 380 516 0
295 85 815 0
295 238 80 0
295 340 527 0
296 219 837 0
296 22 103 0
297 151 845 0
298 139 119 0
298 341 227 0
298 178 311 0
299 435 459 0
299 342 395 0
300 39 135 0
300 273 678 0
301 160 462 0
302 79 464 0
302 468 144 0
303 293 523 0
303 81 646 0
303 316 459 0
304 147 613 0
304 67 889 0
305 241 707 0
305 263 996 0
306 6 497 0
306 56 965 0
306 133 92 0
307 386 522 0
307 369 918 0
308 327 233 0
309 86 977 0
310 103 574 0
311 303 275 0
312 236 26 0
312 419 79 0
313 282 780 0
313 265 111 0
314 123 782 0
314 10 227 0
314 104 250 0
314 17 472 0
315 418 322 0
316 365 265 0
316 84 939 0
316 170 385 0
316 351 412 0
317 162 307 0
317 313 375 0
318 23 581 0
318 217 39 0
318 3 931 0
319 240 456 0
320 426 220 0
320 349 501 0
320 212 677 0
320 316 37 0
321 361 223 0
321 77 34 0
321 20 306 0
321 382 429 0
322 469 401 0
323 425 684 0
323 213 886 0
324 484 476 0
325 171 382 0
325 276 778 0
325 493 317 0
326 65 199 0
326 343 470 0
327 66 621 0
327 202 902 0
328 371 782 0
328 283 571 0
328 339 241 0
328 209 844 0
329 152 825 0
330 124 702 0
331 66 673 0
332 108 659 0
332 41 671 0
333 428 921 0
334 348 852 0
335 129 500 0
335 43 731 0
336 321 39 0
336 314 662 0
337 250 766 0
338 269 499 0
339 281 341 0
339 261 382 0
339 496 282 0
339 269 527 0
340 307 828 0
340 258 350 0
340 2 499 0
341 124 679 0
341 447 322 0
342 421 951 0
343 450 0 0
343 265 350 0
343 99 133 0
343 353 587 0
343 196 124 0
344 348 297 0
345 143 647 0
345 56 405 0
345 138 157 0
345 162 468 0
346 437 248 0
346 137 70 0
347 442 101 0
347 339 775 0
348 155 349 0
348 339 202 0
348 413 31 0
348 285 76 0
349 130 674 0
349 260 591 0
349 441 705 0
349 312 680 0
350 279 636 0
350 46 553 0
351 63 548 0
352 64 743 0
352 40 510 0
353 432 392 0
353 245 368 0
353 355 445 0
353 408 401 0
353 114 124 0
354 212 782 0
354 122 171 0
355 295 593 0
355 114 925 0
356 91 438 0
357 239 667 0
357 340 167 0
357 266 334 0
358 109 899 0
358 372 837 0
359 116 812 0
360 270 207 0
360 54 200 0
361 435 563 0
361 275 361 0
362 500 282 0
362 78 694 0
363 287 637 0
363 353 581 0
364 431 244 0
364 484 150 0
364 87 103 0
365 478 372 0
366 154 514 0
367 494 129 0
367 242 536 0
368 445 369 0
368 314 274 0
369 373 847 0
369 372 40 0
369 240 706 0
369 82 600 0
370 51 681 0
370 234 308 0
371 319 994 0
371 180 693 0
372 389 785 0
372 448 389 0
372 4 197 0
372 290 371 0
372 472 704 0
373 316 21 0
373 69 303 0
373 350 595 0
374 392 289 0
375 459 850 0
375 190 307 0
375 235 459 0
376 155 499 0
376 40 926 0
377 188 586 0
378 179 709 0
378 353 69 0
378 125 473 0
378 228 301 0
378 2 589 0
378 215 206 0
378 177 601 0
379 28 673 0
380 297 593 0
380 384 557 0
380 84 977 0
381 494 27 0
381 465 613 0
381 39 197 0
382 381 579 0
383 328 96 0
384 410 603 0
384 279 793 0
384 162 664 0
385 280 89 0
386 410 32 0
387 74 417 0
387 353 528 0
388 42 809 0
388 77 487 0
389 213 76 0
389 165 373 0
390 208 619 0
390 29 482 0
391 456 799 0
392 167 425 0
392 295 285 0
393 369 690 0
394 357 118 0
394 428 395 0
395 110 248 0
396 15 89 0
397 438 587 0
397 179 840 0
398 244 44 0
398 15 499 0
398 285 889 0
399 257 824 0
400 152 665 0
401 480 439 0
401 268 769 0
402 349 250 0
402 149 884 0
403 376 878 0
404 205 905 0
405 66 345 0
405 479 658 0
406 378 179 0
406 452 838 0
407 481 1 0
407 146 789 0
407 186 949 0
408 317 964 0
408 107 823 0
408 65 198 0
409 217 318 0
410 375 319 0
410 232 686 0
410 279 862 0
411 492 57 0
411 396 321 0
412 364 186 0
413 330 347 0
413 215 858 0
413 367 825 0
414 6 916 0
415 456 804 0
416 210 762 0
416 357 6 0
417 227 366 0
417 420 122 0
418 414 216 0
418 265 38 0
418 148 726 0
418 166 438 0
419 72 387 0
420 71 120 0
420 127 639 0
420 398 259 0
420 378 220 0
421 168 525 0
421 487 223 0
421 126 875 0
421 398 912 0
422 226 118 0
422 276 746 0
423 205 485 0
423 352 127 0
424 76 118 0
425 373 224 0
426 200 954 0
426 298 872 0
427 405 990 0
427 394 297 0
428 412 633 0
428 69 913 0
428 6 535 0
429 87 519 0
430 358 680 0
430 149 94 0
431 378 810 0
432 298 576 0
432 234 688 0
432 187 896 0
433 199 465 0
433 73 744 0
433 171 943 0
434 246 349 0
434 175 498 0
435 463 902 0
435 201 880 0
435 221 744 0
436 247 627 0
436 273 444 0
437 476 468 0
437 195 953 0
438 34 635 0
438 318 270 0
439 240 245 0
440 488 808 0
441 240 397 0
441 222 321 0
442 87 927 0
442 388 704 0
443 229 411 0
444 387 484 0
444 162 436 0
445 8 596 0
445 288 673 0
446 434 554 0
446 78 760 0
447 177 308 0
447 223 166 0
447 64 920 0
448 226 499 0
448 499 148 0
449 196 441 0
450 408 598 0
450 409 91 0
450 480 174 0
450 291 225 0
450 434 711 0
450 460 757 0
451 343 563 0
452 499 908 0
452 364 146 0
452 180 927 0
453 465 26 0
454 254 147 0
455 241 309 0
456 256 623 0
456 332 406 0
457 9 368 0
458 154 151 0
459 428 903 0
459 31 818 0
460 372 62 0
460 150 871 0
460 199 38 0
460 251 64 0
461 348 310 0
461 362 11 0
461 439 42 0
462 321 798 0
462 120 267 0
463 192 794 0
463 80 441 0
463 19 468 0
464 461 364 0
465 119 965 0
465 114 631 0
466 450 770 0
467 219 954 0
468 54 293 0
468 315 166 0
469 358 199 0
470 21 426 0
470 299 299 0
471 345 151 0
472 423 559 0
472 413 762 0
472 324 992 0
472 215 700 0
472 410 984 0
473 36 157 0
473 96 805 0
474 454 644 0
474 368 93 0
475 122 772 0
475 103 723 0
475 275 1 0
475 453 520 0
476 286 140 0
476 41 689 0
476 82 406 0
477 164 913 0
477 397 154 0
478 417 63 0
478 280 59 0
478 243 685 0
479 374 669 0
479 182 807 0
480 233 232 0
480 141 226 0
481 92 411 0
481 43 508 0
482 44 272 0
482 204 769 0
483 341 339 0
483 284 900 0
484 138 477 0
484 72 792 0
484 418 202 0
485 314 399 0
486 207 17 0
486 378 496 0
487 413 824 0
487 227 806 0
488 486 653 0
488 60 222 0
488 421 768 0
489 179 356 0
490 320 359 0
491 478 929 0
492 61 482 0
492 17 148 0
493 479 836 0
494 25 600 0
494 383 541 0
495 156 268 0
495 372 760 0
496 427 533 0
497 263 678 0
498 66 42 0
499 11 184 0
499 37 832 0
500 157 658 0
500 321 436 0
