18002223334
30 1000
1 10 138 351
1 28 129 511
1 6 485 400
1 10 421 744
1 22 924 557
1 7 219 584
1 23 179 671
1 15 708 207
1 10 145 962
1 17 227 556
1 6 211 437
1 17 63 296
1 9 432 759
1 18 240 723
1 2 855 598
1 8 721 477
1 6 287 607
1 19 970 693
1 2 290 351
1 21 540 516
1 2 654 81
1 12 804 676
1 16 162 98
1 5 591 762
1 29 281 188
1 15 288 799
1 7 388 986
1 7 305 806
1 28 965 77
1 6 364 442
1 29 630 667
1 28 949 701
1 14 855 819
1 20 585 12
1 15 273 675
1 23 800 303
2 22 225 985
2 30 929 501
2 25 339 880
2 30 680 956
2 9 806 311
2 21 4 741
2 30 939 175
2 22 739 249
2 8 987 398
2 11 982 658
2 18 754 561
2 14 183 747
2 27 976 604
2 30 600 753
2 9 768 489
2 27 742 199
2 11 807 224
2 13 341 901
2 29 22 739
2 20 588 3
2 29 120 637
2 21 165 807
2 8 477 48
2 8 270 302
2 28 924 480
2 13 301 944
2 22 140 847
2 13 50 690
2 5 257 303
2 14 383 99
2 26 51 164
2 15 355 695
2 11 149 48
2 20 223 326
2 4 643 454
2 28 401 202
2 23 404 810
2 16 319 226
3 14 685 312
3 21 837 602
3 12 632 653
3 29 290 503
3 16 460 502
3 23 742 925
3 8 860 974
3 23 782 257
3 1 359 737
3 12 723 519
3 2 839 636
3 26 786 685
3 1 790 222
3 21 441 706
3 6 178 823
3 13 860 425
3 15 137 933
3 24 366 970
3 10 342 599
3 13 748 831
3 21 987 95
3 30 207 642
3 26 985 270
3 5 454 786
3 15 803 487
3 9 483 214
3 18 53 490
3 2 691 78
3 5 593 580
3 30 865 838
3 20 747 4
3 1 125 517
3 11 235 847
3 21 734 210
3 1 633 949
3 20 48 47
3 10 53 185
3 11 341 959
3 25 498 121
3 1 107 705
3 20 680 319
3 6 733 155
3 4 420 202
3 4 799 592
3 2 556 173
3 22 402 102
4 26 626 655
4 13 764 144
4 30 242 61
4 20 504 148
4 27 104 715
4 21 41 898
4 29 381 369
4 8 981 404
4 28 272 841
4 20 949 887
4 19 141 788
4 2 121 946
4 7 891 482
4 21 586 122
4 16 510 223
4 28 791 111
4 30 682 172
4 23 687 185
4 22 743 588
4 10 58 626
4 23 942 851
4 6 879 776
4 23 570 146
4 12 9 818
4 29 120 717
4 20 873 837
4 1 735 140
4 26 77 785
5 19 868 343
5 6 287 349
5 14 471 81
5 21 333 821
5 3 480 678
5 8 891 739
5 23 750 355
5 17 581 266
5 9 406 478
5 29 219 542
5 4 526 218
5 9 417 983
5 24 848 889
5 12 32 765
5 25 52 245
5 1 225 525
5 8 990 779
5 2 151 369
5 27 697 247
5 17 932 942
5 18 216 66
5 12 196 348
5 7 688 341
5 6 827 363
5 7 896 168
5 24 984 413
6 2 602 673
6 29 528 462
6 13 113 536
6 21 836 45
6 12 723 834
6 25 559 999
6 30 517 826
6 14 345 132
6 26 497 468
6 26 307 405
6 7 383 158
6 27 799 964
6 4 31 466
6 29 585 382
6 8 192 444
6 18 473 12
6 2 821 987
6 8 731 316
6 8 719 844
6 19 708 965
6 5 212 407
6 15 796 113
6 13 176 661
6 7 218 640
6 3 863 782
6 23 717 75
6 30 0 211
6 25 214 477
6 17 43 472
6 8 6 349
6 29 559 539
6 3 741 846
6 25 425 222
6 20 148 9
6 2 560 330
6 15 654 235
6 26 873 64
6 19 568 317
6 13 905 1000
6 5 739 494
7 6 521 855
7 4 152 145
7 9 837 832
7 13 235 347
7 28 249 561
7 29 464 862
7 30 953 181
7 25 633 900
7 16 200 659
7 23 974 904
7 9 534 178
7 22 453 424
7 18 123 238
7 9 338 560
7 1 645 308
7 22 448 877
7 28 757 882
7 12 333 244
7 13 199 638
7 8 683 35
7 8 10 85
7 28 743 896
7 13 262 139
7 13 389 831
7 29 370 316
7 19 190 171
7 2 969 967
7 10 413 76
7 1 714 182
7 25 294 270
7 13 769 768
7 6 597 658
7 20 800 90
7 23 354 833
7 22 685 932
7 25 111 943
8 19 525 550
8 11 931 706
8 27 629 658
8 4 921 986
8 23 947 974
8 24 797 671
8 17 141 366
8 6 821 575
8 3 591 297
8 29 211 286
8 19 611 440
8 21 389 561
8 30 753 428
8 4 278 232
8 10 56 507
8 13 353 201
8 4 475 671
8 1 152 685
8 2 581 41
8 12 779 754
8 28 801 565
8 30 758 641
8 6 114 935
8 7 673 326
8 9 607 447
8 23 594 561
8 18 463 659
8 10 672 599
8 10 309 161
8 7 986 496
9 8 788 783
9 12 712 753
9 17 854 879
9 7 633 830
9 29 943 190
9 11 593 302
9 4 421 665
9 23 970 887
9 7 180 977
9 26 224 157
9 11 846 250
9 6 937 677
9 3 95 375
9 19 637 873
9 30 629 562
9 20 600 50
9 23 160 753
9 18 952 660
9 16 834 122
9 24 76 654
9 25 244 770
9 19 590 801
9 3 326 200
9 1 263 619
9 10 929 324
9 26 75 315
9 30 82 376
10 26 427 444
10 18 561 267
10 16 38 570
10 13 482 604
10 21 694 797
10 22 824 814
10 17 281 328
10 27 48 50
10 26 660 538
10 16 220 606
10 18 776 36
10 18 479 116
10 2 433 40
10 1 863 571
10 14 147 786
10 20 410 964
10 3 150 906
10 4 598 442
10 11 285 401
10 6 761 741
10 19 850 994
10 19 758 242
10 15 1 721
10 12 912 549
10 27 581 70
10 24 951 127
10 3 239 951
10 13 626 8
10 20 986 425
10 4 557 701
10 19 171 420
10 12 380 512
10 6 185 834
10 29 40 866
11 6 658 403
11 30 567 846
11 20 3 824
11 30 743 859
11 25 833 795
11 15 805 128
11 20 697 898
11 17 801 108
11 18 640 979
11 13 363 512
11 28 457 994
11 23 268 934
11 28 20 234
11 10 306 722
11 24 375 314
11 7 792 501
11 5 242 150
11 28 606 465
11 27 296 585
11 15 267 198
11 24 216 786
11 24 85 130
11 10 626 258
11 14 604 281
11 23 498 609
11 21 818 780
11 9 365 245
11 21 955 412
11 21 12 392
12 2 630 687
12 25 361 974
12 16 668 683
12 1 918 431
12 8 527 541
12 8 694 183
12 24 934 12
12 16 368 231
12 6 187 169
12 15 239 816
12 3 951 972
12 14 157 278
12 22 508 193
12 17 368 460
12 19 663 592
12 15 501 459
12 14 290 543
12 4 751 150
12 2 735 515
12 5 671 334
12 15 814 974
12 17 974 790
12 30 205 201
12 1 853 790
12 18 215 465
12 2 483 830
12 1 813 815
12 13 377 509
12 23 433 20
12 13 794 386
12 13 481 610
12 28 367 920
12 5 3 175
12 1 337 467
12 6 409 291
13 1 661 945
13 27 692 992
13 24 182 264
13 2 67 155
13 25 985 159
13 22 913 953
13 22 280 803
13 7 565 115
13 6 978 115
13 17 36 662
13 22 788 544
13 30 706 899
13 19 38 801
13 23 75 4
13 20 962 966
13 9 406 603
13 3 308 608
13 26 486 644
13 23 665 424
13 3 541 454
13 20 884 967
13 19 681 201
13 28 349 633
13 7 197 212
13 11 902 58
13 2 947 484
13 18 751 377
13 5 102 861
13 29 169 869
13 29 905 811
13 18 136 958
13 23 341 807
13 19 192 25
13 5 122 18
13 19 276 319
13 25 355 278
13 27 631 524
13 23 926 427
13 5 752 592
13 19 235 947
13 29 787 232
13 21 39 535
13 29 450 695
14 28 548 469
14 8 234 547
14 17 409 267
14 23 947 195
14 15 245 457
14 28 142 324
14 17 815 459
14 26 625 976
14 12 87 635
14 17 884 66
14 24 851 541
14 3 122 145
14 29 674 59
14 20 704 701
14 26 974 867
14 6 679 386
14 3 382 867
14 27 637 1
14 28 38 364
14 13 514 0
14 20 152 972
14 6 529 165
14 24 963 87
14 1 876 44
14 12 994 158
14 8 920 583
14 12 457 357
14 22 912 815
14 16 420 308
15 19 965 135
15 13 285 329
15 10 423 466
15 30 811 339
15 16 869 526
15 10 283 668
15 14 536 780
15 3 53 862
15 14 883 687
15 28 883 808
15 11 893 403
15 27 83 934
15 8 667 577
15 16 894 860
15 9 871 812
15 14 435 211
15 28 401 7
15 21 261 357
15 1 652 339
15 14 901 684
15 30 430 683
15 13 443 813
15 10 239 356
15 11 285 658
15 4 567 250
15 25 726 925
15 26 257 961
15 26 959 531
15 21 101 729
15 17 890 611
15 29 468 324
16 23 664 644
16 28 94 27
16 29 518 567
16 5 82 313
16 15 597 324
16 11 492 821
16 3 263 732
16 3 627 595
16 24 994 333
16 30 788 16
16 17 390 314
16 9 235 184
16 7 976 127
16 4 89 557
16 22 94 454
16 24 236 40
16 5 935 621
16 7 341 678
16 18 667 936
16 11 482 935
16 8 335 909
16 17 0 510
16 17 100 494
16 21 130 12
16 24 890 792
16 22 413 260
16 7 630 662
16 30 390 147
16 5 847 301
16 27 417 605
17 19 975 276
17 24 977 478
17 2 924 475
17 30 537 683
17 1 159 406
17 14 727 513
17 16 702 956
17 18 913 975
17 18 687 302
17 22 423 915
17 1 824 414
17 28 368 198
17 19 364 343
17 18 378 967
17 18 298 158
17 23 459 247
17 7 125 845
17 25 889 83
17 9 338 735
17 23 760 92
17 10 60 459
17 15 158 610
17 3 110 285
17 21 968 38
17 22 668 290
17 3 14 492
17 13 436 180
17 24 917 247
17 14 827 219
17 18 228 19
17 22 819 105
17 8 542 393
17 27 477 863
18 9 877 923
18 25 705 105
18 19 645 464
18 8 63 903
18 16 393 803
18 25 944 368
18 28 945 167
18 6 215 496
18 7 76 547
18 25 17 784
18 27 365 799
18 12 590 295
18 14 963 1000
18 12 160 599
18 12 733 508
18 13 589 373
18 5 470 732
18 24 730 238
18 24 128 678
18 21 840 904
18 19 109 20
18 6 696 886
18 2 243 395
18 14 312 868
18 20 294 863
18 23 661 805
18 12 258 734
18 23 583 754
18 23 634 670
18 3 815 135
18 20 775 461
19 30 540 498
19 15 363 656
19 2 849 187
19 3 629 282
19 16 303 791
19 21 84 74
19 10 978 699
19 30 808 501
19 22 356 131
19 9 391 899
19 9 632 460
19 12 158 522
19 13 308 714
19 11 379 465
19 23 353 766
19 28 295 448
19 7 445 200
19 6 57 112
19 17 481 531
19 25 397 98
19 6 537 265
19 10 178 238
19 9 962 868
19 28 804 470
19 14 363 82
19 6 236 505
19 10 875 36
19 23 156 227
19 3 494 812
19 3 516 482
19 27 56 852
19 22 329 359
19 11 867 220
19 30 569 725
19 7 67 95
19 18 553 907
19 29 537 287
20 5 356 241
20 6 167 448
20 21 275 482
20 15 317 281
20 7 311 653
20 21 893 757
20 3 418 316
20 23 803 51
20 15 191 929
20 23 745 101
20 6 932 155
20 26 401 822
20 11 97 229
20 30 156 323
20 11 498 223
20 1 937 59
20 25 728 616
20 7 393 360
20 7 563 300
20 17 227 381
20 4 522 975
20 13 373 782
20 26 537 536
20 21 131 624
20 30 453 492
20 9 246 650
20 5 679 142
20 5 621 228
20 29 354 59
20 21 25 818
21 4 351 395
21 28 947 403
21 27 315 393
21 12 794 482
21 2 915 693
21 15 295 33
21 3 227 224
21 10 50 574
21 4 913 671
21 15 803 929
21 30 891 887
21 6 787 683
21 27 305 173
21 1 110 292
21 12 638 916
21 8 734 572
21 26 119 474
21 16 81 135
21 18 81 832
21 1 984 824
21 24 469 112
21 13 888 358
21 10 688 540
21 2 667 230
21 22 280 673
21 6 580 414
21 16 134 373
21 20 611 974
21 18 934 138
21 17 4 498
21 27 884 92
21 7 717 866
21 11 360 485
22 13 685 143
22 16 819 199
22 23 214 541
22 8 533 497
22 25 247 886
22 28 102 39
22 27 743 268
22 2 312 51
22 3 978 980
22 20 325 70
22 7 68 134
22 15 919 311
22 23 98 756
22 11 353 766
22 1 112 66
22 30 131 257
22 23 684 398
22 23 475 127
22 24 153 96
22 17 524 930
22 2 974 308
22 30 385 197
22 7 43 461
22 15 46 642
22 23 144 535
22 19 444 874
22 20 491 512
22 29 173 359
23 10 146 946
23 25 644 673
23 16 946 702
23 19 106 937
23 20 665 40
23 10 863 225
23 2 471 264
23 17 432 876
23 4 268 179
23 10 763 395
23 6 926 644
23 13 361 181
23 18 885 490
23 5 682 764
23 3 351 368
23 10 366 591
23 9 498 588
23 28 379 766
23 11 37 993
23 16 370 844
23 27 594 332
23 24 654 216
23 12 551 216
23 22 186 766
23 24 792 325
23 5 804 201
23 22 20 42
23 17 169 16
23 26 967 247
23 2 54 888
23 27 918 301
23 30 901 181
23 19 375 514
23 2 172 842
23 27 235 187
23 29 70 775
23 27 611 205
23 9 388 792
23 12 301 62
23 22 385 594
23 3 824 824
23 16 485 647
23 5 847 506
23 27 178 8
23 3 854 243
23 16 216 714
24 9 39 888
24 14 762 41
24 14 746 834
24 15 180 315
24 1 525 440
24 27 215 962
24 16 610 708
24 10 665 205
24 30 584 690
24 17 90 322
24 7 867 5
24 22 707 88
24 18 927 98
24 3 713 116
24 19 817 768
24 16 360 500
24 28 51 245
24 27 534 224
24 28 578 798
24 6 921 663
24 28 846 395
24 27 626 404
24 13 309 322
24 7 135 208
24 3 649 533
24 7 123 946
24 10 731 262
24 27 67 529
24 18 137 352
24 13 173 316
24 17 538 628
25 15 555 534
25 11 853 751
25 4 595 417
25 4 549 58
25 11 546 624
25 3 938 571
25 4 128 136
25 5 931 113
25 12 300 34
25 9 166 404
25 23 672 404
25 14 814 323
25 13 320 745
25 27 267 206
25 3 73 676
25 12 628 133
25 23 537 523
25 3 987 749
25 14 401 562
25 14 226 42
25 12 449 460
25 2 909 670
25 23 264 72
25 11 58 613
25 7 149 341
25 28 75 803
26 3 84 323
26 13 171 419
26 25 401 198
26 17 552 457
26 2 193 292
26 10 650 166
26 20 648 766
26 27 351 415
26 15 172 10
26 13 972 326
26 1 466 31
26 18 189 445
26 21 788 512
26 6 356 969
26 12 426 32
26 30 158 117
26 11 47 534
26 25 102 316
26 7 589 275
26 6 219 96
26 19 12 3
26 16 515 95
26 18 3 388
26 19 194 160
26 3 379 452
26 18 288 931
26 14 822 804
26 3 73 596
26 21 771 770
27 15 833 231
27 9 698 831
27 13 502 546
27 19 121 184
27 24 895 446
27 12 480 706
27 26 216 800
27 14 382 747
27 12 212 628
27 7 231 513
27 26 689 781
27 21 462 425
27 19 9 578
27 6 806 733
27 11 425 424
27 8 854 31
27 9 591 822
27 17 131 105
27 19 793 527
27 28 172 692
27 2 329 600
27 12 156 222
27 2 635 843
27 30 658 45
27 10 700 516
27 10 21 520
27 17 629 486
27 6 44 628
27 13 172 351
27 5 271 528
27 15 636 763
27 12 591 529
27 11 578 68
27 5 477 359
27 30 457 412
27 13 722 154
28 21 244 891
28 24 656 568
28 4 355 844
28 21 71 624
28 26 517 714
28 2 383 965
28 20 158 263
28 2 615 92
28 16 208 76
28 1 27 147
28 19 306 906
28 1 472 38
28 24 361 139
28 26 660 611
28 1 367 987
28 26 186 602
28 25 893 346
28 30 915 47
28 1 590 794
28 20 76 81
28 16 996 108
28 11 552 699
28 3 712 985
28 13 779 945
28 17 176 341
28 12 506 316
28 16 406 712
28 4 96 548
28 8 531 755
28 26 682 720
28 4 594 580
28 10 797 773
28 30 730 528
28 15 799 332
28 6 865 758
28 8 730 827
29 23 678 157
29 16 380 566
29 27 379 297
29 22 589 961
29 24 948 631
29 27 565 284
29 24 541 498
29 6 287 920
29 3 723 211
29 3 405 779
29 26 278 583
29 3 341 492
29 4 351 643
29 5 374 980
29 8 783 82
29 13 804 9
29 23 100 614
29 3 769 899
29 3 61 803
29 24 526 756
29 9 968 462
29 7 79 254
29 28 157 481
29 1 182 584
29 27 667 168
29 19 443 759
29 1 550 336
30 11 198 747
30 21 443 756
30 1 256 60
30 17 887 290
30 6 935 21
30 14 532 809
30 24 338 312
30 20 472 331
30 12 34 406
30 14 281 268
30 3 777 714
30 12 703 849
30 26 797 309
30 10 862 95
30 8 618 117
30 7 251 776
30 19 650 293
30 2 15 868
30 4 756 99
30 10 858 856
30 2 191 442
30 28 20 689
30 3 70 568
30 1 848 31
30 23 985 782
30 19 117 516
30 4 304 53
30 3 416 93
30 17 441 679
30 2 178 974
30 27 668 72
30 3 784 862
30 13 40 545
30 13 100 267
30 23 312 46
30 18 50 212
30 1 925 411
30 14 863 191
30 15 814 461
